version https://git-lfs.github.com/spec/v1
oid sha256:fb075d7975a020d5e1ade80e1cfb695adce0e829f1df91b7cc06f99a44c931c5
size 35773666
