TIMESTAMP,TA_F_MDS,TA_F_MDS_QC,TA_F_MDS_NIGHT,TA_F_MDS_NIGHT_SD,TA_F_MDS_NIGHT_QC,TA_F_MDS_DAY,TA_F_MDS_DAY_SD,TA_F_MDS_DAY_QC,TA_ERA,TA_ERA_NIGHT,TA_ERA_NIGHT_SD,TA_ERA_DAY,TA_ERA_DAY_SD,TA_F,TA_F_QC,TA_F_NIGHT,TA_F_NIGHT_SD,TA_F_NIGHT_QC,TA_F_DAY,TA_F_DAY_SD,TA_F_DAY_QC,SW_IN_POT,SW_IN_F_MDS,SW_IN_F_MDS_QC,SW_IN_ERA,SW_IN_F,SW_IN_F_QC,LW_IN_F_MDS,LW_IN_F_MDS_QC,LW_IN_ERA,LW_IN_F,LW_IN_F_QC,LW_IN_JSB,LW_IN_JSB_QC,LW_IN_JSB_ERA,LW_IN_JSB_F,LW_IN_JSB_F_QC,VPD_F_MDS,VPD_F_MDS_QC,VPD_ERA,VPD_F,VPD_F_QC,PA_ERA,PA_F,PA_F_QC,P_ERA,P_F,P_F_QC,WS_ERA,WS_F,WS_F_QC,USTAR,USTAR_QC,NETRAD,NETRAD_QC,PPFD_IN,PPFD_IN_QC,PPFD_OUT,PPFD_OUT_QC,SW_OUT,SW_OUT_QC,LW_OUT,LW_OUT_QC,CO2_F_MDS,CO2_F_MDS_QC,TS_F_MDS_1,TS_F_MDS_1_QC,SWC_F_MDS_1,SWC_F_MDS_1_QC,G_F_MDS,G_F_MDS_QC,LE_F_MDS,LE_F_MDS_QC,LE_CORR,LE_CORR_25,LE_CORR_75,LE_RANDUNC,LE_CORR_JOINTUNC,H_F_MDS,H_F_MDS_QC,H_CORR,H_CORR_25,H_CORR_75,H_RANDUNC,H_CORR_JOINTUNC,EBC_CF_N,EBC_CF_METHOD,NIGHT_D,DAY_D,NIGHT_RANDUNC_N,DAY_RANDUNC_N,NEE_VUT_REF,NEE_VUT_REF_QC,NEE_VUT_REF_RANDUNC,NEE_VUT_REF_JOINTUNC,NEE_VUT_USTAR50,NEE_VUT_USTAR50_QC,NEE_VUT_USTAR50_RANDUNC,NEE_VUT_USTAR50_JOINTUNC,NEE_VUT_MEAN,NEE_VUT_MEAN_QC,NEE_VUT_SE,NEE_VUT_05,NEE_VUT_16,NEE_VUT_25,NEE_VUT_50,NEE_VUT_75,NEE_VUT_84,NEE_VUT_95,NEE_VUT_05_QC,NEE_VUT_16_QC,NEE_VUT_25_QC,NEE_VUT_50_QC,NEE_VUT_75_QC,NEE_VUT_84_QC,NEE_VUT_95_QC,NEE_VUT_REF_NIGHT,NEE_VUT_REF_NIGHT_SD,NEE_VUT_REF_NIGHT_QC,NEE_VUT_REF_NIGHT_RANDUNC,NEE_VUT_REF_NIGHT_JOINTUNC,NEE_VUT_REF_DAY,NEE_VUT_REF_DAY_SD,NEE_VUT_REF_DAY_QC,NEE_VUT_REF_DAY_RANDUNC,NEE_VUT_REF_DAY_JOINTUNC,NEE_VUT_USTAR50_NIGHT,NEE_VUT_USTAR50_NIGHT_SD,NEE_VUT_USTAR50_NIGHT_QC,NEE_VUT_USTAR50_NIGHT_RANDUNC,NEE_VUT_USTAR50_NIGHT_JOINTUNC,NEE_VUT_USTAR50_DAY,NEE_VUT_USTAR50_DAY_SD,NEE_VUT_USTAR50_DAY_QC,NEE_VUT_USTAR50_DAY_RANDUNC,NEE_VUT_USTAR50_DAY_JOINTUNC,NEE_VUT_05_NIGHT,NEE_VUT_16_NIGHT,NEE_VUT_25_NIGHT,NEE_VUT_50_NIGHT,NEE_VUT_75_NIGHT,NEE_VUT_84_NIGHT,NEE_VUT_95_NIGHT,NEE_VUT_05_NIGHT_QC,NEE_VUT_16_NIGHT_QC,NEE_VUT_25_NIGHT_QC,NEE_VUT_50_NIGHT_QC,NEE_VUT_75_NIGHT_QC,NEE_VUT_84_NIGHT_QC,NEE_VUT_95_NIGHT_QC,NEE_VUT_05_DAY,NEE_VUT_16_DAY,NEE_VUT_25_DAY,NEE_VUT_50_DAY,NEE_VUT_75_DAY,NEE_VUT_84_DAY,NEE_VUT_95_DAY,NEE_VUT_05_DAY_QC,NEE_VUT_16_DAY_QC,NEE_VUT_25_DAY_QC,NEE_VUT_50_DAY_QC,NEE_VUT_75_DAY_QC,NEE_VUT_84_DAY_QC,NEE_VUT_95_DAY_QC,RECO_NT_VUT_REF,RECO_NT_VUT_USTAR50,RECO_NT_VUT_MEAN,RECO_NT_VUT_SE,RECO_NT_VUT_05,RECO_NT_VUT_16,RECO_NT_VUT_25,RECO_NT_VUT_50,RECO_NT_VUT_75,RECO_NT_VUT_84,RECO_NT_VUT_95,GPP_NT_VUT_REF,GPP_NT_VUT_USTAR50,GPP_NT_VUT_MEAN,GPP_NT_VUT_SE,GPP_NT_VUT_05,GPP_NT_VUT_16,GPP_NT_VUT_25,GPP_NT_VUT_50,GPP_NT_VUT_75,GPP_NT_VUT_84,GPP_NT_VUT_95,RECO_DT_VUT_REF,RECO_DT_VUT_USTAR50,RECO_DT_VUT_MEAN,RECO_DT_VUT_SE,RECO_DT_VUT_05,RECO_DT_VUT_16,RECO_DT_VUT_25,RECO_DT_VUT_50,RECO_DT_VUT_75,RECO_DT_VUT_84,RECO_DT_VUT_95,GPP_DT_VUT_REF,GPP_DT_VUT_USTAR50,GPP_DT_VUT_MEAN,GPP_DT_VUT_SE,GPP_DT_VUT_05,GPP_DT_VUT_16,GPP_DT_VUT_25,GPP_DT_VUT_50,GPP_DT_VUT_75,GPP_DT_VUT_84,GPP_DT_VUT_95,RECO_SR,RECO_SR_N
20120101,-9999,-9999,-9999,-9999,-9999,-9999,-9999,-9999,10.36,7.263,4.296,14.695,6.374,10.36,0.0,7.263,4.296,0.0,14.695,6.374,0.0,174.576,-9999,-9999,119.331,119.331,0.0,-9999,-9999,300.115,300.115,0.0,-9999,-9999,294.223,294.223,0.0,-9999,-9999,8.626,8.626,0.0,102.183,102.183,0.0,0.0,0.0,0.0,3.148,3.148,0.0,-9999,0.0,-9999,0.0,-9999,0.0,-9999,0.0,-9999,0.0,-9999,0.0,-9999,-9999,-9999,-9999,-9999,-9999,-9999,1.0,41.5229,0.0,58.6809,-9999,-9999,-9999,-9999,128.803,0.0,181.196,-9999,-9999,-9999,-9999,11.0,3,28,20,0,0,3.0428,0.0,-9999,-9999,3.08106,0.0,-9999,-9999,3.04695,0.0,0.00284229,3.01174,3.02872,3.03425,3.05375,3.05847,3.05847,3.06432,0.0,0.0,0.0,0.0,0.0,0.0,0.0,3.14849,0.315634,0.0,-9999,-9999,2.62936,0.245804,0.0,-9999,-9999,3.14849,0.315634,0.0,-9999,-9999,2.71784,0.331161,0.0,-9999,-9999,3.11117,3.11117,3.11117,3.13607,3.16802,3.17021,3.17968,0.0,0.0,0.0,0.0,0.0,0.0,0.0,2.56311,2.57489,2.57669,2.6296,2.71784,2.71784,2.71784,0.0,0.0,0.0,0.0,0.0,0.0,0.0,2.93521,2.88555,2.9502,0.0124958,2.86917,2.88644,2.8895,2.8927,3.00013,3.02749,3.08133,-0.118537,-0.195505,-0.0967093,0.0150809,-0.2028,-0.174065,-0.169627,-0.164563,-0.0317201,0.00696062,0.0470846,2.99381,3.06974,3.16605,0.0405624,2.8065,2.8789,2.99037,3.15518,3.29999,3.59195,3.60254,0.798805,0.715419,0.676923,0.0316657,0.286869,0.432377,0.601633,0.666043,0.798805,0.989764,0.994087,-9999,-9999
20120102,-9999,-9999,-9999,-9999,-9999,-9999,-9999,-9999,8.695,7.039,1.614,11.012,2.6,8.695,0.0,7.039,1.614,0.0,11.012,2.6,0.0,175.2,-9999,-9999,66.977,66.977,0.0,-9999,-9999,318.945,318.945,0.0,-9999,-9999,316.171,316.171,0.0,-9999,-9999,3.349,3.349,0.0,102.585,102.585,0.0,0.055,0.055,0.0,2.779,2.779,0.0,-9999,0.0,-9999,0.0,-9999,0.0,-9999,0.0,-9999,0.0,-9999,0.0,-9999,-9999,-9999,-9999,-9999,-9999,-9999,1.0,42.5628,0.0,59.8943,-9999,-9999,-9999,-9999,125.13,0.0,175.275,-9999,-9999,-9999,-9999,11.0,3,28,20,0,0,3.13641,0.0,-9999,-9999,3.13641,0.0,-9999,-9999,3.13576,0.0,0.00261442,3.09134,3.12171,3.13641,3.13641,3.1399,3.15365,3.16041,0.0,0.0,0.0,0.0,0.0,0.0,0.0,3.36811,0.535039,0.0,-9999,-9999,2.53839,0.423615,0.0,-9999,-9999,3.36811,0.535039,0.0,-9999,-9999,2.53839,0.423615,0.0,-9999,-9999,3.32345,3.36811,3.36811,3.36811,3.37388,3.39463,3.40776,0.0,0.0,0.0,0.0,0.0,0.0,0.0,2.49668,2.49668,2.4999,2.53839,2.53839,2.53839,2.53839,0.0,0.0,0.0,0.0,0.0,0.0,0.0,2.75745,2.7164,2.78372,0.0134419,2.69207,2.71772,2.72223,2.72695,2.83552,2.87502,2.92276,-0.402965,-0.420013,-0.352039,0.0140184,-0.444341,-0.418694,-0.41418,-0.409457,-0.286192,-0.230887,-0.210964,2.78922,2.88335,3.00121,0.0373601,2.68271,2.72633,2.78922,3.03432,3.0984,3.35817,3.36868,0.697448,0.639291,0.603104,0.0304922,0.167204,0.333388,0.576861,0.59251,0.697448,0.883758,0.888726,-9999,-9999
20120103,-9999,-9999,-9999,-9999,-9999,-9999,-9999,-9999,9.629,7.268,2.825,12.933,3.106,9.629,0.0,7.268,2.825,0.0,12.933,3.106,0.0,175.883,-9999,-9999,102.351,102.351,0.0,-9999,-9999,322.578,322.578,0.0,-9999,-9999,320.406,320.406,0.0,-9999,-9999,3.666,3.666,0.0,102.714,102.714,0.0,0.146,0.146,0.0,2.125,2.125,0.0,-9999,0.0,-9999,0.0,-9999,0.0,-9999,0.0,-9999,0.0,-9999,0.0,-9999,-9999,-9999,-9999,-9999,-9999,-9999,1.0,41.6425,0.0,58.4033,-9999,-9999,-9999,-9999,125.513,0.0,175.45,-9999,-9999,-9999,-9999,11.0,3,28,20,0,0,3.1408,0.0,-9999,-9999,3.19988,0.0,-9999,-9999,3.15992,0.0,0.00672774,3.09034,3.11818,3.12226,3.15375,3.19988,3.19988,3.19988,0.0,0.0,0.0,0.0,0.0,0.0,0.0,3.24002,0.380224,0.0,-9999,-9999,2.72786,0.289463,0.0,-9999,-9999,3.24002,0.380224,0.0,-9999,-9999,2.86451,0.389752,0.0,-9999,-9999,3.24002,3.24002,3.24002,3.24002,3.26526,3.26849,3.27778,0.0,0.0,0.0,0.0,0.0,0.0,0.0,2.60286,2.63917,2.64021,2.72786,2.86451,2.86451,2.86451,0.0,0.0,0.0,0.0,0.0,0.0,0.0,2.85726,2.81183,2.87811,0.0130192,2.79123,2.81295,2.81677,2.82078,2.92928,2.9629,3.01389,-0.296484,-0.388053,-0.281771,0.0193544,-0.408654,-0.384805,-0.382535,-0.375104,-0.188901,-0.1457,-0.108367,2.90201,2.98797,3.09513,0.0389276,2.75532,2.80858,2.90076,3.10645,3.21145,3.48802,3.49863,0.767209,0.700296,0.669482,0.0301824,0.253877,0.419872,0.636065,0.6473,0.767209,0.956995,0.961541,-9999,-9999
20120104,-9999,-9999,-9999,-9999,-9999,-9999,-9999,-9999,10.92,8.68,2.819,14.056,4.514,10.92,0.0,8.68,2.819,0.0,14.056,4.514,0.0,176.622,-9999,-9999,115.39,115.39,0.0,-9999,-9999,310.595,310.595,0.0,-9999,-9999,306.438,306.438,0.0,-9999,-9999,6.369,6.369,0.0,102.735,102.735,0.0,0.0,0.0,0.0,2.209,2.209,0.0,-9999,0.0,-9999,0.0,-9999,0.0,-9999,0.0,-9999,0.0,-9999,0.0,-9999,-9999,-9999,-9999,-9999,-9999,-9999,1.0,41.5229,0.0,58.0401,-9999,-9999,-9999,-9999,128.803,0.0,179.382,-9999,-9999,-9999,-9999,11.0,3,28,20,0,0,3.0428,0.0,-9999,-9999,3.08106,0.0,-9999,-9999,3.04695,0.0,0.00284229,3.01174,3.02872,3.03425,3.05375,3.05847,3.05847,3.06432,0.0,0.0,0.0,0.0,0.0,0.0,0.0,3.14849,0.315634,0.0,-9999,-9999,2.62936,0.245804,0.0,-9999,-9999,3.14849,0.315634,0.0,-9999,-9999,2.71784,0.331161,0.0,-9999,-9999,3.11117,3.11117,3.11117,3.13607,3.16802,3.17021,3.17968,0.0,0.0,0.0,0.0,0.0,0.0,0.0,2.56311,2.57489,2.57669,2.6296,2.71784,2.71784,2.71784,0.0,0.0,0.0,0.0,0.0,0.0,0.0,2.99394,2.94279,3.00793,0.012555,2.92684,2.94365,2.94661,2.94971,3.05847,3.08466,3.13997,-0.0598131,-0.13827,-0.038973,0.0151393,-0.145165,-0.116978,-0.112494,-0.107118,0.0266263,0.0641239,0.105723,3.05521,3.1312,3.22466,0.0415537,2.85671,2.93552,3.05174,3.20511,3.36615,3.66499,3.67576,0.793943,0.719254,0.686481,0.0306613,0.283711,0.44187,0.637654,0.661694,0.793943,0.985052,0.98943,-9999,-9999
20120105,-9999,-9999,-9999,-9999,-9999,-9999,-9999,-9999,10.62,8.262,2.967,13.921,4.91,10.62,0.0,8.262,2.967,0.0,13.921,4.91,0.0,177.42,-9999,-9999,116.107,116.107,0.0,-9999,-9999,307.713,307.713,0.0,-9999,-9999,303.079,303.079,0.0,-9999,-9999,5.707,5.707,0.0,102.479,102.479,0.0,0.0,0.0,0.0,3.403,3.403,0.0,-9999,0.0,-9999,0.0,-9999,0.0,-9999,0.0,-9999,0.0,-9999,0.0,-9999,-9999,-9999,-9999,-9999,-9999,-9999,1.0,42.5628,0.0,59.2296,-9999,-9999,-9999,-9999,125.13,0.0,173.906,-9999,-9999,-9999,-9999,11.0,3,28,20,0,0,3.13641,0.0,-9999,-9999,3.13641,0.0,-9999,-9999,3.13576,0.0,0.00261442,3.09134,3.12171,3.13641,3.13641,3.1399,3.15365,3.16041,0.0,0.0,0.0,0.0,0.0,0.0,0.0,3.36811,0.535039,0.0,-9999,-9999,2.53839,0.423615,0.0,-9999,-9999,3.36811,0.535039,0.0,-9999,-9999,2.53839,0.423615,0.0,-9999,-9999,3.32345,3.36811,3.36811,3.36811,3.37388,3.39463,3.40776,0.0,0.0,0.0,0.0,0.0,0.0,0.0,2.49668,2.49668,2.4999,2.53839,2.53839,2.53839,2.53839,0.0,0.0,0.0,0.0,0.0,0.0,0.0,2.96237,2.91239,2.97765,0.0126189,2.89562,2.9133,2.91642,2.91968,3.0282,3.05578,3.11016,-0.198038,-0.224016,-0.158111,0.013075,-0.240791,-0.223106,-0.219989,-0.216727,-0.0935154,-0.0434917,-0.0355606,3.02052,3.09813,3.19428,0.0409346,2.83226,2.90577,3.01702,3.1831,3.33047,3.62459,3.63531,0.798716,0.724409,0.692169,0.0307302,0.286034,0.446581,0.645368,0.665674,0.798716,0.990947,0.995348,-9999,-9999
20120106,-9999,-9999,-9999,-9999,-9999,-9999,-9999,-9999,8.409,7.32,1.852,9.934,3.678,8.409,0.0,7.32,1.852,0.0,9.934,3.678,0.0,178.274,-9999,-9999,99.034,99.034,0.0,-9999,-9999,306.887,306.887,0.0,-9999,-9999,302.117,302.117,0.0,-9999,-9999,2.688,2.688,0.0,102.12,102.12,0.0,0.092,0.092,0.0,2.33,2.33,0.0,-9999,0.0,-9999,0.0,-9999,0.0,-9999,0.0,-9999,0.0,-9999,0.0,-9999,-9999,-9999,-9999,-9999,-9999,-9999,1.0,41.6425,0.0,57.6903,-9999,-9999,-9999,-9999,125.513,0.0,173.659,-9999,-9999,-9999,-9999,11.0,3,28,20,0,0,3.1408,0.0,-9999,-9999,3.19988,0.0,-9999,-9999,3.15992,0.0,0.00672774,3.09034,3.11818,3.12226,3.15375,3.19988,3.19988,3.19988,0.0,0.0,0.0,0.0,0.0,0.0,0.0,3.24002,0.380224,0.0,-9999,-9999,2.72786,0.289463,0.0,-9999,-9999,3.24002,0.380224,0.0,-9999,-9999,2.86451,0.389752,0.0,-9999,-9999,3.24002,3.24002,3.24002,3.24002,3.26526,3.26849,3.27778,0.0,0.0,0.0,0.0,0.0,0.0,0.0,2.60286,2.63917,2.64021,2.72786,2.86451,2.86451,2.86451,0.0,0.0,0.0,0.0,0.0,0.0,0.0,2.72729,2.68738,2.75482,0.0135224,2.66222,2.68874,2.69341,2.6983,2.80665,2.84753,2.89437,-0.426458,-0.512509,-0.405062,0.0197929,-0.537666,-0.508543,-0.505773,-0.496699,-0.311528,-0.261067,-0.227885,2.75598,2.85175,2.97225,0.0369637,2.65949,2.6938,2.75598,3.01123,3.0643,3.3195,3.32996,0.766151,0.699657,0.667882,0.0305086,0.245785,0.413372,0.63502,0.647356,0.766151,0.957341,0.961979,-9999,-9999
20120107,-9999,-9999,-9999,-9999,-9999,-9999,-9999,-9999,10.813,9.097,3.43,13.215,4.008,10.813,0.0,9.097,3.43,0.0,13.215,4.008,0.0,179.186,-9999,-9999,123.194,123.194,0.0,-9999,-9999,291.615,291.615,0.0,-9999,-9999,284.316,284.316,0.0,-9999,-9999,8.382,8.382,0.0,102.25,102.25,0.0,0.0,0.0,0.0,5.096,5.096,0.0,-9999,-9999,-9999,-9999,-9999,-9999,-9999,-9999,-9999,-9999,-9999,-9999,-9999,-9999,-9999,-9999,-9999,-9999,-9999,1.0,41.5229,0.0,57.2603,-9999,-9999,-9999,-9999,128.803,0.0,177.391,-9999,-9999,-9999,-9999,11.0,3,28,20,0,0,3.0428,0.0,-9999,-9999,3.08106,0.0,-9999,-9999,3.04695,0.0,0.00284229,3.01174,3.02872,3.03425,3.05375,3.05847,3.05847,3.06432,0.0,0.0,0.0,0.0,0.0,0.0,0.0,3.14849,0.315634,0.0,-9999,-9999,2.62936,0.245804,0.0,-9999,-9999,3.14849,0.315634,0.0,-9999,-9999,2.71784,0.331161,0.0,-9999,-9999,3.11117,3.11117,3.11117,3.13607,3.16802,3.17021,3.17968,0.0,0.0,0.0,0.0,0.0,0.0,0.0,2.56311,2.57489,2.57669,2.6296,2.71784,2.71784,2.71784,0.0,0.0,0.0,0.0,0.0,0.0,0.0,2.98289,2.93229,2.99762,0.0126126,2.91583,2.93318,2.93624,2.93943,3.04828,3.07524,3.13017,-0.070857,-0.148765,-0.0492915,0.0151973,-0.156127,-0.127328,-0.122887,-0.117842,0.0164369,0.0547083,0.095926,3.04243,3.11962,3.21443,0.0413032,2.84909,2.92537,3.03893,3.19933,3.35362,3.65042,3.66119,0.811384,0.732612,0.698777,0.0311318,0.301546,0.454398,0.641996,0.676593,0.811384,1.0051,1.00948,-9999,-9999
20120108,-9999,-9999,-9999,-9999,-9999,-9999,-9999,-9999,9.566,7.382,2.704,12.623,4.54,9.566,0.0,7.382,2.704,0.0,12.623,4.54,0.0,180.154,-9999,-9999,122.23,122.23,0.0,-9999,-9999,291.165,291.165,0.0,-9999,-9999,283.792,283.792,0.0,-9999,-9999,7.723,7.723,0.0,102.406,102.406,0.0,0.0,0.0,0.0,2.763,2.763,0.0,-9999,0.0,-9999,0.0,-9999,0.0,-9999,0.0,-9999,0.0,-9999,0.0,-9999,-9999,-9999,-9999,-9999,-9999,-9999,1.0,42.5628,0.0,58.5518,-9999,-9999,-9999,-9999,125.13,0.0,171.913,-9999,-9999,-9999,-9999,11.0,3,28,20,0,0,3.13641,0.0,-9999,-9999,3.13641,0.0,-9999,-9999,3.13576,0.0,0.00261442,3.09134,3.12171,3.13641,3.13641,3.1399,3.15365,3.16041,0.0,0.0,0.0,0.0,0.0,0.0,0.0,3.36811,0.535039,0.0,-9999,-9999,2.53839,0.423615,0.0,-9999,-9999,3.36811,0.535039,0.0,-9999,-9999,2.53839,0.423615,0.0,-9999,-9999,3.32345,3.36811,3.36811,3.36811,3.37388,3.39463,3.40776,0.0,0.0,0.0,0.0,0.0,0.0,0.0,2.49668,2.49668,2.4999,2.53839,2.53839,2.53839,2.53839,0.0,0.0,0.0,0.0,0.0,0.0,0.0,2.8505,2.80523,2.87143,0.0130078,2.78461,2.80634,2.81017,2.81418,2.9225,2.95622,3.00705,-0.309907,-0.331185,-0.264331,0.0135292,-0.351801,-0.330067,-0.326236,-0.322229,-0.19921,-0.146601,-0.134913,2.89504,2.9809,3.08834,0.0388292,2.74941,2.80276,2.89381,3.1002,3.20384,3.47969,3.49027,0.812276,0.735314,0.70262,0.0310262,0.300199,0.457121,0.651135,0.677277,0.812276,1.00644,1.01083,-9999,-9999
20120109,-9999,-9999,-9999,-9999,-9999,-9999,-9999,-9999,9.102,7.14,3.928,11.85,5.478,9.102,0.0,7.14,3.928,0.0,11.85,5.478,0.0,181.178,-9999,-9999,125.574,125.574,0.0,-9999,-9999,291.056,291.056,0.0,-9999,-9999,283.664,283.664,0.0,-9999,-9999,7.132,7.132,0.0,102.423,102.423,0.0,0.0,0.0,0.0,1.976,1.976,0.0,-9999,0.0,-9999,0.0,-9999,0.0,-9999,0.0,-9999,0.0,-9999,0.0,-9999,-9999,-9999,-9999,-9999,-9999,-9999,1.0,41.6425,0.0,57.1461,-9999,-9999,-9999,-9999,125.513,0.0,172.019,-9999,-9999,-9999,-9999,11.0,3,28,20,0,0,3.1408,0.0,-9999,-9999,3.19988,0.0,-9999,-9999,3.15992,0.0,0.00672774,3.09034,3.11818,3.12226,3.15375,3.19988,3.19988,3.19988,0.0,0.0,0.0,0.0,0.0,0.0,0.0,3.24002,0.380224,0.0,-9999,-9999,2.72786,0.289463,0.0,-9999,-9999,3.24002,0.380224,0.0,-9999,-9999,2.86451,0.389752,0.0,-9999,-9999,3.24002,3.24002,3.24002,3.24002,3.26526,3.26849,3.27778,0.0,0.0,0.0,0.0,0.0,0.0,0.0,2.60286,2.63917,2.64021,2.72786,2.86451,2.86451,2.86451,0.0,0.0,0.0,0.0,0.0,0.0,0.0,2.80258,2.75886,2.82499,0.013057,2.73733,2.76003,2.76403,2.76822,2.87588,2.91126,2.96075,-0.351164,-0.441026,-0.334891,0.019377,-0.462552,-0.437626,-0.43525,-0.427461,-0.242298,-0.197343,-0.161507,2.84335,2.93072,3.04149,0.0380883,2.71071,2.76521,2.84272,3.06021,3.14974,3.41902,3.42949,0.817456,0.74007,0.707938,0.0309907,0.308226,0.463392,0.656321,0.681762,0.817456,1.01214,1.01652,-9999,-9999
20120110,-9999,-9999,-9999,-9999,-9999,-9999,-9999,-9999,8.547,6.386,2.491,11.573,5.332,8.547,0.0,6.386,2.491,0.0,11.573,5.332,0.0,182.258,-9999,-9999,121.588,121.588,0.0,-9999,-9999,292.257,292.257,0.0,-9999,-9999,285.065,285.065,0.0,-9999,-9999,6.043,6.043,0.0,102.167,102.167,0.0,0.0,0.0,0.0,1.884,1.884,0.0,-9999,0.0,-9999,0.0,-9999,0.0,-9999,0.0,-9999,0.0,-9999,0.0,-9999,-9999,-9999,-9999,-9999,-9999,-9999,1.0,41.5229,0.0,56.982,-9999,-9999,-9999,-9999,128.803,0.0,176.528,-9999,-9999,-9999,-9999,11.0,3,28,20,0,0,3.0428,0.0,-9999,-9999,3.08106,0.0,-9999,-9999,3.04695,0.0,0.00284229,3.01174,3.02872,3.03425,3.05375,3.05847,3.05847,3.06432,0.0,0.0,0.0,0.0,0.0,0.0,0.0,3.14849,0.315634,0.0,-9999,-9999,2.62936,0.245804,0.0,-9999,-9999,3.14849,0.315634,0.0,-9999,-9999,2.71784,0.331161,0.0,-9999,-9999,3.11117,3.11117,3.11117,3.13607,3.16802,3.17021,3.17968,0.0,0.0,0.0,0.0,0.0,0.0,0.0,2.56311,2.57489,2.57669,2.6296,2.71784,2.71784,2.71784,0.0,0.0,0.0,0.0,0.0,0.0,0.0,2.74302,2.7019,2.76864,0.0133071,2.67817,2.70318,2.7076,2.71221,2.81989,2.85875,2.90631,-0.310728,-0.379162,-0.278269,0.0158874,-0.393093,-0.355633,-0.351823,-0.346254,-0.211959,-0.161786,-0.127943,2.77613,2.86829,2.98542,0.0371907,2.6673,2.71356,2.77613,3.01706,3.08229,3.34159,3.352,0.814294,0.739307,0.707904,0.0309657,0.29969,0.46041,0.662474,0.682647,0.814294,1.0094,1.01382,-9999,-9999
20120111,-9999,-9999,-9999,-9999,-9999,-9999,-9999,-9999,8.087,5.072,2.967,11.963,5.628,8.087,0.0,5.072,2.967,0.0,11.963,5.628,0.0,183.394,-9999,-9999,128.334,128.334,0.0,-9999,-9999,288.691,288.691,0.0,-9999,-9999,280.908,280.908,0.0,-9999,-9999,6.593,6.593,0.0,101.935,101.935,0.0,0.0,0.0,0.0,2.87,2.87,0.0,-9999,0.0,-9999,0.0,-9999,0.0,-9999,0.0,-9999,0.0,-9999,0.0,-9999,-9999,-9999,-9999,-9999,-9999,-9999,1.0,42.5628,0.0,58.4092,-9999,-9999,-9999,-9999,125.13,0.0,171.493,-9999,-9999,-9999,-9999,11.0,3,27,21,0,0,3.13641,0.0,-9999,-9999,3.13641,0.0,-9999,-9999,3.13576,0.0,0.00261442,3.09134,3.12171,3.13641,3.13641,3.1399,3.15365,3.16041,0.0,0.0,0.0,0.0,0.0,0.0,0.0,3.35056,0.536955,0.0,-9999,-9999,2.60047,0.501393,0.0,-9999,-9999,3.35056,0.536955,0.0,-9999,-9999,2.60047,0.501393,0.0,-9999,-9999,3.30424,3.35056,3.35056,3.35056,3.35654,3.37807,3.39167,0.0,0.0,0.0,0.0,0.0,0.0,0.0,2.56074,2.56074,2.56381,2.60047,2.60047,2.60047,2.60047,0.0,0.0,0.0,0.0,0.0,0.0,0.0,2.69527,2.65559,2.72217,0.0133361,2.63112,2.65692,2.66148,2.66626,2.77315,2.81346,2.85972,-0.465146,-0.480817,-0.413589,0.0139267,-0.505288,-0.479487,-0.474927,-0.470153,-0.348565,-0.293925,-0.271477,2.72506,2.81829,2.93845,0.0365732,2.62809,2.66361,2.72506,2.97721,3.0284,3.28143,3.29173,0.823499,0.744514,0.711907,0.0311625,0.314488,0.467553,0.657086,0.686941,0.823499,1.01898,1.02335,-9999,-9999
20120112,-9999,-9999,-9999,-9999,-9999,-9999,-9999,-9999,8.081,5.095,3.163,11.92,5.717,8.081,0.0,5.095,3.163,0.0,11.92,5.717,0.0,184.583,-9999,-9999,128.938,128.938,0.0,-9999,-9999,288.522,288.522,0.0,-9999,-9999,280.711,280.711,0.0,-9999,-9999,7.16,7.16,0.0,101.951,101.951,0.0,0.0,0.0,0.0,2.967,2.967,0.0,-9999,0.0,-9999,0.0,-9999,0.0,-9999,0.0,-9999,0.0,-9999,0.0,-9999,-9999,-9999,-9999,-9999,-9999,-9999,1.0,41.6425,0.0,57.1268,-9999,-9999,-9999,-9999,125.513,0.0,172.126,-9999,-9999,-9999,-9999,11.0,3,27,21,0,0,3.1408,0.0,-9999,-9999,3.19988,0.0,-9999,-9999,3.15992,0.0,0.00672774,3.09034,3.11818,3.12226,3.15375,3.19988,3.19988,3.19988,0.0,0.0,0.0,0.0,0.0,0.0,0.0,3.22926,0.383093,0.0,-9999,-9999,2.76609,0.332104,0.0,-9999,-9999,3.22926,0.383093,0.0,-9999,-9999,2.89623,0.406751,0.0,-9999,-9999,3.22926,3.22926,3.22926,3.22926,3.25542,3.25878,3.26841,0.0,0.0,0.0,0.0,0.0,0.0,0.0,2.64704,2.68163,2.68262,2.76609,2.89623,2.89623,2.89623,0.0,0.0,0.0,0.0,0.0,0.0,0.0,2.69478,2.65508,2.72162,0.013325,2.63067,2.65641,2.66096,2.66572,2.77256,2.8128,2.85907,-0.458963,-0.5448,-0.438265,0.0196003,-0.569215,-0.540939,-0.538239,-0.529386,-0.345621,-0.295805,-0.26319,2.72473,2.81779,2.93784,0.0365676,2.62741,2.66328,2.72473,2.97639,3.02787,3.28094,3.29123,0.825758,0.745643,0.7123,0.0313376,0.315448,0.467376,0.654837,0.68885,0.825758,1.02164,1.02602,-9999,-9999
20120113,-9999,-9999,-9999,-9999,-9999,-9999,-9999,-9999,9.254,6.187,4.306,13.196,6.078,9.254,0.0,6.187,4.306,0.0,13.196,6.078,0.0,185.828,-9999,-9999,129.715,129.715,0.0,-9999,-9999,293.06,293.06,0.0,-9999,-9999,286.001,286.001,0.0,-9999,-9999,7.94,7.94,0.0,102.272,102.272,0.0,0.0,0.0,0.0,2.174,2.174,0.0,-9999,0.0,-9999,0.0,-9999,0.0,-9999,0.0,-9999,0.0,-9999,0.0,-9999,-9999,-9999,-9999,-9999,-9999,-9999,1.0,41.5229,0.0,57.1339,-9999,-9999,-9999,-9999,128.803,0.0,177.169,-9999,-9999,-9999,-9999,11.0,3,27,21,0,0,3.0428,0.0,-9999,-9999,3.08106,0.0,-9999,-9999,3.04695,0.0,0.00284229,3.01174,3.02872,3.03425,3.05375,3.05847,3.05847,3.06432,0.0,0.0,0.0,0.0,0.0,0.0,0.0,3.1479,0.321631,0.0,-9999,-9999,2.65483,0.266508,0.0,-9999,-9999,3.1479,0.321631,0.0,-9999,-9999,2.7391,0.33716,0.0,-9999,-9999,3.10921,3.10921,3.10921,3.13503,3.16815,3.17043,3.18025,0.0,0.0,0.0,0.0,0.0,0.0,0.0,2.59174,2.60296,2.60467,2.65507,2.7391,2.7391,2.7391,0.0,0.0,0.0,0.0,0.0,0.0,0.0,2.81904,2.77413,2.83962,0.0128628,2.75397,2.77522,2.77898,2.78292,2.88997,2.92342,2.97363,-0.234713,-0.306931,-0.207292,0.0154474,-0.317644,-0.284408,-0.280296,-0.275548,-0.141873,-0.0971136,-0.0606196,2.86406,2.94801,3.05555,0.0384168,2.71949,2.77285,2.8626,3.06769,3.16852,3.44186,3.4523,0.828046,0.746174,0.711414,0.0316437,0.315477,0.464818,0.649774,0.690802,0.828046,1.02426,1.02863,-9999,-9999
20120114,-9999,-9999,-9999,-9999,-9999,-9999,-9999,-9999,9.172,6.481,3.864,12.632,5.942,9.172,0.0,6.481,3.864,0.0,12.632,5.942,0.0,187.126,-9999,-9999,131.57,131.57,0.0,-9999,-9999,290.816,290.816,0.0,-9999,-9999,283.385,283.385,0.0,-9999,-9999,7.759,7.759,0.0,102.16,102.16,0.0,0.0,0.0,0.0,1.493,1.493,0.0,-9999,-9999,-9999,-9999,-9999,-9999,-9999,-9999,-9999,-9999,-9999,-9999,-9999,-9999,-9999,-9999,-9999,-9999,-9999,1.0,42.5628,0.0,58.6844,-9999,-9999,-9999,-9999,125.13,0.0,172.467,-9999,-9999,-9999,-9999,11.0,3,27,21,0,0,3.13641,0.0,-9999,-9999,3.13641,0.0,-9999,-9999,3.13576,0.0,0.00261442,3.09134,3.12171,3.13641,3.13641,3.1399,3.15365,3.16041,0.0,0.0,0.0,0.0,0.0,0.0,0.0,3.35056,0.536955,0.0,-9999,-9999,2.60047,0.501393,0.0,-9999,-9999,3.35056,0.536955,0.0,-9999,-9999,2.60047,0.501393,0.0,-9999,-9999,3.30424,3.35056,3.35056,3.35056,3.35654,3.37807,3.39167,0.0,0.0,0.0,0.0,0.0,0.0,0.0,2.56074,2.56074,2.56381,2.60047,2.60047,2.60047,2.60047,0.0,0.0,0.0,0.0,0.0,0.0,0.0,2.81026,2.76594,2.83174,0.0129558,2.74511,2.76707,2.77095,2.77501,2.88234,2.91674,2.96658,-0.350157,-0.37047,-0.304024,0.0134877,-0.391297,-0.369338,-0.365458,-0.361395,-0.23937,-0.18707,-0.173604,2.85318,2.93878,3.04792,0.0382422,2.71454,2.76846,2.85212,3.06333,3.15851,3.42978,3.44024,0.832012,0.749688,0.71517,0.0316578,0.320318,0.469192,0.653076,0.694215,0.832012,1.02868,1.03304,-9999,-9999
20120115,-9999,-9999,-9999,-9999,-9999,-9999,-9999,-9999,6.551,4.527,1.921,9.154,3.593,6.551,0.0,4.527,1.921,0.0,9.154,3.593,0.0,188.477,-9999,-9999,128.657,128.657,0.0,-9999,-9999,284.322,284.322,0.0,-9999,-9999,275.815,275.815,0.0,-9999,-9999,3.898,3.898,0.0,101.895,101.895,0.0,0.0,0.0,0.0,2.93,2.93,0.0,-9999,0.0,-9999,0.0,-9999,0.0,-9999,0.0,-9999,0.0,-9999,0.0,-9999,-9999,-9999,-9999,-9999,-9999,-9999,1.0,41.6425,0.0,58.2016,-9999,-9999,-9999,-9999,125.513,0.0,175.424,-9999,-9999,-9999,-9999,11.0,3,27,21,0,0,3.1408,0.0,-9999,-9999,3.19988,0.0,-9999,-9999,3.15992,0.0,0.00672774,3.09034,3.11818,3.12226,3.15375,3.19988,3.19988,3.19988,0.0,0.0,0.0,0.0,0.0,0.0,0.0,3.22926,0.383093,0.0,-9999,-9999,2.76609,0.332104,0.0,-9999,-9999,3.22926,0.383093,0.0,-9999,-9999,2.89623,0.406751,0.0,-9999,-9999,3.22926,3.22926,3.22926,3.22926,3.25542,3.25878,3.26841,0.0,0.0,0.0,0.0,0.0,0.0,0.0,2.64704,2.68163,2.68262,2.76609,2.89623,2.89623,2.89623,0.0,0.0,0.0,0.0,0.0,0.0,0.0,2.53168,2.49907,2.56724,0.0140511,2.46868,2.50072,2.50638,2.5123,2.61915,2.66885,2.71407,-0.622063,-0.700811,-0.592646,0.0202306,-0.731208,-0.69601,-0.692653,-0.681652,-0.499022,-0.439754,-0.404102,2.54073,2.64685,2.78415,0.0350519,2.48319,2.50828,2.54568,2.85697,2.90899,3.06897,3.07908,0.828661,0.754812,0.726548,0.0307258,0.318019,0.481347,0.687645,0.700045,0.828661,1.02534,1.02973,-9999,-9999
20120116,-9999,-9999,-9999,-9999,-9999,-9999,-9999,-9999,4.163,2.36,1.447,6.481,3.076,4.163,0.0,2.36,1.447,0.0,6.481,3.076,0.0,189.881,-9999,-9999,135.538,135.538,0.0,-9999,-9999,265.88,265.88,0.0,-9999,-9999,254.32,254.32,0.0,-9999,-9999,5.015,5.015,0.0,102.48,102.48,0.0,0.0,0.0,0.0,3.549,3.549,0.0,-9999,0.0,-9999,0.0,-9999,0.0,-9999,0.0,-9999,0.0,-9999,0.0,-9999,-9999,-9999,-9999,-9999,-9999,-9999,1.0,41.5229,0.0,58.9565,-9999,-9999,-9999,-9999,128.803,0.0,182.882,-9999,-9999,-9999,-9999,11.0,3,27,21,0,0,3.0428,0.0,-9999,-9999,3.08106,0.0,-9999,-9999,3.04695,0.0,0.00284229,3.01174,3.02872,3.03425,3.05375,3.05847,3.05847,3.06432,0.0,0.0,0.0,0.0,0.0,0.0,0.0,3.1479,0.321631,0.0,-9999,-9999,2.65483,0.266508,0.0,-9999,-9999,3.1479,0.321631,0.0,-9999,-9999,2.7391,0.33716,0.0,-9999,-9999,3.10921,3.10921,3.10921,3.13503,3.16815,3.17043,3.18025,0.0,0.0,0.0,0.0,0.0,0.0,0.0,2.59174,2.60296,2.60467,2.65507,2.7391,2.7391,2.7391,0.0,0.0,0.0,0.0,0.0,0.0,0.0,2.28096,2.2576,2.32656,0.0147639,2.22067,2.25961,2.26649,2.27371,2.37849,2.43922,2.49476,-0.772788,-0.82346,-0.720348,0.0172994,-0.849338,-0.798861,-0.795026,-0.784759,-0.653357,-0.581314,-0.533957,2.26534,2.38421,2.54265,0.0344033,2.21374,2.26596,2.31363,2.57667,2.74458,2.75328,2.76866,0.84018,0.764929,0.737601,0.0306708,0.334706,0.495043,0.697374,0.710129,0.84018,1.03763,1.04196,-9999,-9999
20120117,-9999,-9999,-9999,-9999,-9999,-9999,-9999,-9999,3.843,1.998,1.651,6.216,3.332,3.843,0.0,1.998,1.651,0.0,6.216,3.332,0.0,191.336,-9999,-9999,133.607,133.607,0.0,-9999,-9999,267.581,267.581,0.0,-9999,-9999,256.302,256.302,0.0,-9999,-9999,4.893,4.893,0.0,102.905,102.905,0.0,0.0,0.0,0.0,2.026,2.026,0.0,-9999,0.0,-9999,0.0,-9999,0.0,-9999,0.0,-9999,0.0,-9999,0.0,-9999,-9999,-9999,-9999,-9999,-9999,-9999,1.0,42.5628,0.0,61.4634,-9999,-9999,-9999,-9999,125.13,0.0,180.695,-9999,-9999,-9999,-9999,11.0,3,27,21,0,0,3.13641,0.0,-9999,-9999,3.13641,0.0,-9999,-9999,3.13576,0.0,0.00261442,3.09134,3.12171,3.13641,3.13641,3.1399,3.15365,3.16041,0.0,0.0,0.0,0.0,0.0,0.0,0.0,3.35056,0.536955,0.0,-9999,-9999,2.60047,0.501393,0.0,-9999,-9999,3.35056,0.536955,0.0,-9999,-9999,2.60047,0.501393,0.0,-9999,-9999,3.30424,3.35056,3.35056,3.35056,3.35654,3.37807,3.39167,0.0,0.0,0.0,0.0,0.0,0.0,0.0,2.56074,2.56074,2.56381,2.60047,2.60047,2.60047,2.60047,0.0,0.0,0.0,0.0,0.0,0.0,0.0,2.24815,2.22585,2.29476,0.0148173,2.1883,2.2279,2.2349,2.24224,2.34657,2.40842,2.46506,-0.91226,-0.910558,-0.840996,0.0155909,-0.948108,-0.91226,-0.903016,-0.896143,-0.775146,-0.701361,-0.664482,2.22994,2.34986,2.51054,0.0344128,2.17911,2.23475,2.2871,2.53958,2.70664,2.71624,2.7322,0.827999,0.753961,0.72707,0.0302629,0.329954,0.487863,0.687208,0.699734,0.827999,1.02335,1.02768,-9999,-9999
20120118,-9999,-9999,-9999,-9999,-9999,-9999,-9999,-9999,5.834,3.938,2.397,8.271,3.286,5.834,0.0,3.938,2.397,0.0,8.271,3.286,0.0,192.843,-9999,-9999,121.255,121.255,0.0,-9999,-9999,290.068,290.068,0.0,-9999,-9999,282.513,282.513,0.0,-9999,-9999,4.251,4.251,0.0,102.86,102.86,0.0,0.0,0.0,0.0,1.8,1.8,0.0,-9999,0.0,-9999,0.0,-9999,0.0,-9999,0.0,-9999,0.0,-9999,0.0,-9999,-9999,-9999,-9999,-9999,-9999,-9999,1.0,41.6425,0.0,61.1615,-9999,-9999,-9999,-9999,125.513,0.0,184.095,-9999,-9999,-9999,-9999,11.0,3,27,21,0,0,3.1408,0.0,-9999,-9999,3.19988,0.0,-9999,-9999,3.15992,0.0,0.00672774,3.09034,3.11818,3.12226,3.15375,3.19988,3.19988,3.19988,0.0,0.0,0.0,0.0,0.0,0.0,0.0,3.22926,0.383093,0.0,-9999,-9999,2.76609,0.332104,0.0,-9999,-9999,3.22926,0.383093,0.0,-9999,-9999,2.89623,0.406751,0.0,-9999,-9999,3.22926,3.22926,3.22926,3.22926,3.25542,3.25878,3.26841,0.0,0.0,0.0,0.0,0.0,0.0,0.0,2.64704,2.68163,2.68262,2.76609,2.89623,2.89623,2.89623,0.0,0.0,0.0,0.0,0.0,0.0,0.0,2.4564,2.42659,2.49502,0.0142649,2.39419,2.42835,2.43439,2.44071,2.54697,2.60003,2.64839,-0.697343,-0.77329,-0.66486,0.0204067,-0.80569,-0.768169,-0.764588,-0.75285,-0.571207,-0.508573,-0.469784,2.45792,2.56799,2.71171,0.0346408,2.40217,2.45001,2.46483,2.775,2.8599,2.97256,2.98255,0.822026,0.749156,0.719373,0.031074,0.30005,0.468286,0.682032,0.694062,0.822026,1.01906,1.02353,-9999,-9999
20120119,-9999,-9999,-9999,-9999,-9999,-9999,-9999,-9999,6.319,5.488,2.917,7.388,2.669,6.319,0.0,5.488,2.917,0.0,7.388,2.669,0.0,194.401,-9999,-9999,47.891,47.891,0.0,-9999,-9999,334.541,334.541,0.0,-9999,-9999,334.35,334.35,0.0,-9999,-9999,1.663,1.663,0.0,102.185,102.185,0.0,7.59,7.59,0.0,2.976,2.976,0.0,-9999,0.0,-9999,0.0,-9999,0.0,-9999,0.0,-9999,0.0,-9999,0.0,-9999,-9999,-9999,-9999,-9999,-9999,-9999,1.0,41.5229,0.0,62.0101,-9999,-9999,-9999,-9999,128.803,0.0,192.097,-9999,-9999,-9999,-9999,11.0,3,27,21,0,0,3.0428,0.0,-9999,-9999,3.08106,0.0,-9999,-9999,3.04695,0.0,0.00284229,3.01174,3.02872,3.03425,3.05375,3.05847,3.05847,3.06432,0.0,0.0,0.0,0.0,0.0,0.0,0.0,3.1479,0.321631,0.0,-9999,-9999,2.65483,0.266508,0.0,-9999,-9999,3.1479,0.321631,0.0,-9999,-9999,2.7391,0.33716,0.0,-9999,-9999,3.10921,3.10921,3.10921,3.13503,3.16815,3.17043,3.18025,0.0,0.0,0.0,0.0,0.0,0.0,0.0,2.59174,2.60296,2.60467,2.65507,2.7391,2.7391,2.7391,0.0,0.0,0.0,0.0,0.0,0.0,0.0,2.50682,2.47535,2.54382,0.0141825,2.44395,2.47706,2.4829,2.48901,2.59594,2.64719,2.6938,-0.546926,-0.605707,-0.503086,0.0167425,-0.626578,-0.581427,-0.57816,-0.569458,-0.435911,-0.373344,-0.334918,2.51244,2.62079,2.7609,0.0349338,2.4555,2.49051,2.51801,2.83199,2.89517,3.03649,3.04659,0.61941,0.569984,0.533268,0.028967,0.119889,0.264886,0.510832,0.524253,0.61941,0.796489,0.801615,-9999,-9999
20120120,-9999,-9999,-9999,-9999,-9999,-9999,-9999,-9999,9.958,10.134,1.628,9.732,0.59,9.958,0.0,10.134,1.628,0.0,9.732,0.59,0.0,196.008,-9999,-9999,3.174,3.174,0.0,-9999,-9999,375.449,375.449,0.0,-9999,-9999,382.032,382.032,0.0,-9999,-9999,1.299,1.299,0.0,101.456,101.456,0.0,40.882,40.882,0.0,6.368,6.368,0.0,-9999,0.0,-9999,0.0,-9999,0.0,-9999,0.0,-9999,0.0,-9999,0.0,-9999,-9999,-9999,-9999,-9999,-9999,-9999,1.0,42.5628,0.0,64.6133,-9999,-9999,-9999,-9999,125.13,0.0,189.706,-9999,-9999,-9999,-9999,11.0,3,27,21,0,0,3.13641,0.0,-9999,-9999,3.13641,0.0,-9999,-9999,3.13576,0.0,0.00261442,3.09134,3.12171,3.13641,3.13641,3.1399,3.15365,3.16041,0.0,0.0,0.0,0.0,0.0,0.0,0.0,3.35056,0.536955,0.0,-9999,-9999,2.60047,0.501393,0.0,-9999,-9999,3.35056,0.536955,0.0,-9999,-9999,2.60047,0.501393,0.0,-9999,-9999,3.30424,3.35056,3.35056,3.35056,3.35654,3.37807,3.39167,0.0,0.0,0.0,0.0,0.0,0.0,0.0,2.56074,2.56074,2.56381,2.60047,2.60047,2.60047,2.60047,0.0,0.0,0.0,0.0,0.0,0.0,0.0,2.89139,2.84527,2.91201,0.0130954,2.82465,2.84638,2.8502,2.85419,2.96368,2.99698,3.04876,-0.269018,-0.291142,-0.223745,0.0136083,-0.311762,-0.290027,-0.286209,-0.282219,-0.158027,-0.104893,-0.0943627,2.93694,3.02367,3.12972,0.03942,2.78568,2.84111,2.93567,3.13878,3.24985,3.52996,3.54069,0.121256,0.115686,0.105886,0.00785747,0.00801664,0.0260437,0.095961,0.102297,0.124142,0.180097,0.182835,-9999,-9999
20120121,-9999,-9999,-9999,-9999,-9999,-9999,-9999,-9999,9.581,9.255,2.307,10.002,0.729,9.581,0.0,9.255,2.307,0.0,10.002,0.729,0.0,197.665,-9999,-9999,90.686,90.686,0.0,-9999,-9999,333.097,333.097,0.0,-9999,-9999,332.666,332.666,0.0,-9999,-9999,2.236,2.236,0.0,101.525,101.525,0.0,10.296,10.296,0.0,5.302,5.302,0.0,-9999,-9999,-9999,-9999,-9999,-9999,-9999,-9999,-9999,-9999,-9999,-9999,-9999,-9999,-9999,-9999,-9999,-9999,-9999,1.0,41.6425,0.0,64.2242,-9999,-9999,-9999,-9999,125.513,0.0,193.326,-9999,-9999,-9999,-9999,11.0,3,27,21,0,0,3.1408,0.0,-9999,-9999,3.19988,0.0,-9999,-9999,3.15992,0.0,0.00672774,3.09034,3.11818,3.12226,3.15375,3.19988,3.19988,3.19988,0.0,0.0,0.0,0.0,0.0,0.0,0.0,3.22926,0.383093,0.0,-9999,-9999,2.76609,0.332104,0.0,-9999,-9999,3.22926,0.383093,0.0,-9999,-9999,2.89623,0.406751,0.0,-9999,-9999,3.22926,3.22926,3.22926,3.22926,3.25542,3.25878,3.26841,0.0,0.0,0.0,0.0,0.0,0.0,0.0,2.64704,2.68163,2.68262,2.76609,2.89623,2.89623,2.89623,0.0,0.0,0.0,0.0,0.0,0.0,0.0,2.85143,2.80685,2.87379,0.0132034,2.78507,2.80802,2.81206,2.81627,2.92553,2.96073,3.01129,-0.302316,-0.393038,-0.286091,0.0195256,-0.41481,-0.389613,-0.38722,-0.379391,-0.192648,-0.147869,-0.110961,2.89273,2.9818,3.09147,0.0387533,2.75515,2.8093,2.8922,3.10788,3.20465,3.47862,3.48928,0.783929,0.71632,0.680806,0.0321663,0.225664,0.407507,0.649517,0.663463,0.783929,0.981378,0.9862,-9999,-9999
20120122,-9999,-9999,-9999,-9999,-9999,-9999,-9999,-9999,7.433,7.005,1.503,7.984,0.851,7.433,0.0,7.005,1.503,0.0,7.984,0.851,0.0,199.37,-9999,-9999,25.873,25.873,0.0,-9999,-9999,345.656,345.656,0.0,-9999,-9999,347.305,347.305,0.0,-9999,-9999,1.738,1.738,0.0,101.932,101.932,0.0,11.668,11.668,0.0,5.096,5.096,0.0,-9999,0.0,-9999,0.0,-9999,0.0,-9999,0.0,-9999,0.0,-9999,0.0,-9999,-9999,-9999,-9999,-9999,-9999,-9999,1.0,41.5229,0.0,65.0449,-9999,-9999,-9999,-9999,128.803,0.0,201.511,-9999,-9999,-9999,-9999,11.0,3,27,21,0,0,3.0428,0.0,-9999,-9999,3.08106,0.0,-9999,-9999,3.04695,0.0,0.00284229,3.01174,3.02872,3.03425,3.05375,3.05847,3.05847,3.06432,0.0,0.0,0.0,0.0,0.0,0.0,0.0,3.1479,0.321631,0.0,-9999,-9999,2.65483,0.266508,0.0,-9999,-9999,3.1479,0.321631,0.0,-9999,-9999,2.7391,0.33716,0.0,-9999,-9999,3.10921,3.10921,3.10921,3.13503,3.16815,3.17043,3.18025,0.0,0.0,0.0,0.0,0.0,0.0,0.0,2.59174,2.60296,2.60467,2.65507,2.7391,2.7391,2.7391,0.0,0.0,0.0,0.0,0.0,0.0,0.0,2.62311,2.5876,2.65596,0.0139458,2.55882,2.58916,2.5945,2.60009,2.7083,2.75497,2.79849,-0.430643,-0.493458,-0.390944,0.0165151,-0.511956,-0.469309,-0.466333,-0.458378,-0.323546,-0.26556,-0.231494,2.63902,2.74258,2.87372,0.0358406,2.57934,2.58947,2.6429,2.93699,2.97798,3.18449,3.19482,0.501345,0.465828,0.430526,0.0263566,0.0650593,0.171157,0.408833,0.425509,0.501345,0.669387,0.675166,-9999,-9999
20120123,-9999,-9999,-9999,-9999,-9999,-9999,-9999,-9999,10.083,9.075,0.651,11.379,0.727,10.083,0.0,9.075,0.651,0.0,11.379,0.727,0.0,201.123,-9999,-9999,51.394,51.394,0.0,-9999,-9999,348.243,348.243,0.0,-9999,-9999,350.32,350.32,0.0,-9999,-9999,1.747,1.747,0.0,101.259,101.259,0.0,16.082,16.082,0.0,5.265,5.265,0.0,-9999,0.0,-9999,0.0,-9999,0.0,-9999,0.0,-9999,0.0,-9999,0.0,-9999,-9999,-9999,-9999,-9999,-9999,-9999,1.0,42.5628,0.0,67.7241,-9999,-9999,-9999,-9999,125.13,0.0,198.851,-9999,-9999,-9999,-9999,11.0,3,27,21,0,0,3.13641,0.0,-9999,-9999,3.13641,0.0,-9999,-9999,3.13576,0.0,0.00261442,3.09134,3.12171,3.13641,3.13641,3.1399,3.15365,3.16041,0.0,0.0,0.0,0.0,0.0,0.0,0.0,3.35056,0.536955,0.0,-9999,-9999,2.60047,0.501393,0.0,-9999,-9999,3.35056,0.536955,0.0,-9999,-9999,2.60047,0.501393,0.0,-9999,-9999,3.30424,3.35056,3.35056,3.35056,3.35654,3.37807,3.39167,0.0,0.0,0.0,0.0,0.0,0.0,0.0,2.56074,2.56074,2.56381,2.60047,2.60047,2.60047,2.60047,0.0,0.0,0.0,0.0,0.0,0.0,0.0,2.90469,2.85802,2.92466,0.0130502,2.83784,2.85911,2.86284,2.86675,2.97628,3.00886,3.06105,-0.25572,-0.278393,-0.2111,0.0135558,-0.298571,-0.277302,-0.273566,-0.269662,-0.145436,-0.0925956,-0.0824843,2.95181,3.03761,3.14234,0.0396566,2.79559,2.85355,2.95027,3.14871,3.2649,3.54716,3.5579,0.576492,0.529011,0.49779,0.0257689,0.128464,0.266969,0.476403,0.489249,0.576492,0.733791,0.738122,-9999,-9999
20120124,-9999,-9999,-9999,-9999,-9999,-9999,-9999,-9999,8.88,7.356,1.915,10.84,2.482,8.88,0.0,7.356,1.915,0.0,10.84,2.482,0.0,202.923,-9999,-9999,109.106,109.106,0.0,-9999,-9999,320.731,320.731,0.0,-9999,-9999,318.253,318.253,0.0,-9999,-9999,1.919,1.919,0.0,102.743,102.743,0.0,0.0,0.0,0.0,1.823,1.823,0.0,-9999,0.0,-9999,0.0,-9999,0.0,-9999,0.0,-9999,0.0,-9999,0.0,-9999,-9999,-9999,-9999,-9999,-9999,-9999,1.0,41.6425,0.0,67.1199,-9999,-9999,-9999,-9999,125.513,0.0,202.053,-9999,-9999,-9999,-9999,11.0,3,27,21,0,0,3.1408,0.0,-9999,-9999,3.19988,0.0,-9999,-9999,3.15992,0.0,0.00672774,3.09034,3.11818,3.12226,3.15375,3.19988,3.19988,3.19988,0.0,0.0,0.0,0.0,0.0,0.0,0.0,3.22926,0.383093,0.0,-9999,-9999,2.76609,0.332104,0.0,-9999,-9999,3.22926,0.383093,0.0,-9999,-9999,2.89623,0.406751,0.0,-9999,-9999,3.22926,3.22926,3.22926,3.22926,3.25542,3.25878,3.26841,0.0,0.0,0.0,0.0,0.0,0.0,0.0,2.64704,2.68163,2.68262,2.76609,2.89623,2.89623,2.89623,0.0,0.0,0.0,0.0,0.0,0.0,0.0,2.77724,2.73542,2.80264,0.0133839,2.71167,2.7367,2.74111,2.74572,2.8544,2.89295,2.94129,-0.376509,-0.464466,-0.357247,0.0196765,-0.488219,-0.460724,-0.45811,-0.449551,-0.263774,-0.215654,-0.180963,2.81112,2.90408,3.02014,0.0376352,2.6978,2.74776,2.81112,3.04957,3.12078,3.38361,3.39414,0.802835,0.732412,0.700745,0.0312879,0.270513,0.443248,0.665797,0.67715,0.802835,0.999126,1.00372,-9999,-9999
20120125,-9999,-9999,-9999,-9999,-9999,-9999,-9999,-9999,10.42,8.321,2.744,13.119,3.764,10.42,0.0,8.321,2.744,0.0,13.119,3.764,0.0,204.769,-9999,-9999,124.098,124.098,0.0,-9999,-9999,331.101,331.101,0.0,-9999,-9999,330.34,330.34,0.0,-9999,-9999,2.438,2.438,0.0,103.041,103.041,0.0,0.0,0.0,0.0,2.975,2.975,0.0,-9999,0.0,-9999,0.0,-9999,0.0,-9999,0.0,-9999,0.0,-9999,0.0,-9999,-9999,-9999,-9999,-9999,-9999,-9999,1.0,41.5229,0.0,67.7848,-9999,-9999,-9999,-9999,128.803,0.0,210.01,-9999,-9999,-9999,-9999,11.0,3,27,21,0,0,3.0428,0.0,-9999,-9999,3.08106,0.0,-9999,-9999,3.04695,0.0,0.00284229,3.01174,3.02872,3.03425,3.05375,3.05847,3.05847,3.06432,0.0,0.0,0.0,0.0,0.0,0.0,0.0,3.1479,0.321631,0.0,-9999,-9999,2.65483,0.266508,0.0,-9999,-9999,3.1479,0.321631,0.0,-9999,-9999,2.7391,0.33716,0.0,-9999,-9999,3.10921,3.10921,3.10921,3.13503,3.16815,3.17043,3.18025,0.0,0.0,0.0,0.0,0.0,0.0,0.0,2.59174,2.60296,2.60467,2.65507,2.7391,2.7391,2.7391,0.0,0.0,0.0,0.0,0.0,0.0,0.0,2.94112,2.89231,2.95803,0.0127628,2.87436,2.89328,2.89661,2.9001,3.00892,3.03825,3.09184,-0.11263,-0.188748,-0.0888822,0.015348,-0.197458,-0.166884,-0.162572,-0.158371,-0.0229253,0.0177141,0.057591,2.99542,3.07584,3.17498,0.0404514,2.81841,2.88644,2.9925,3.16995,3.30633,3.5962,3.60693,0.831389,0.757716,0.727843,0.0313548,0.306962,0.474239,0.689793,0.701943,0.831389,1.03081,1.03534,-9999,-9999
20120126,-9999,-9999,-9999,-9999,-9999,-9999,-9999,-9999,11.873,10.203,2.055,14.021,1.962,11.873,0.0,10.203,2.055,0.0,14.021,1.962,0.0,206.66,-9999,-9999,80.092,80.092,0.0,-9999,-9999,351.165,351.165,0.0,-9999,-9999,353.726,353.726,0.0,-9999,-9999,2.023,2.023,0.0,102.722,102.722,0.0,0.473,0.473,0.0,3.062,3.062,0.0,-9999,0.0,-9999,0.0,-9999,0.0,-9999,0.0,-9999,0.0,-9999,0.0,-9999,-9999,-9999,-9999,-9999,-9999,-9999,1.0,42.5628,0.0,69.7775,-9999,-9999,-9999,-9999,125.13,0.0,204.888,-9999,-9999,-9999,-9999,11.0,3,27,21,0,0,3.13641,0.0,-9999,-9999,3.13641,0.0,-9999,-9999,3.13576,0.0,0.00261442,3.09134,3.12171,3.13641,3.13641,3.1399,3.15365,3.16041,0.0,0.0,0.0,0.0,0.0,0.0,0.0,3.35056,0.536955,0.0,-9999,-9999,2.60047,0.501393,0.0,-9999,-9999,3.35056,0.536955,0.0,-9999,-9999,2.60047,0.501393,0.0,-9999,-9999,3.30424,3.35056,3.35056,3.35056,3.35654,3.37807,3.39167,0.0,0.0,0.0,0.0,0.0,0.0,0.0,2.56074,2.56074,2.56381,2.60047,2.60047,2.60047,2.60047,0.0,0.0,0.0,0.0,0.0,0.0,0.0,3.09554,3.04066,3.10549,0.0123671,3.02734,3.04138,3.04385,3.04642,3.15604,3.17774,3.23608,-0.064868,-0.0957477,-0.0302723,0.0127533,-0.109068,-0.0950277,-0.0925631,-0.0899873,0.0343247,0.0822671,0.0864001,3.16671,3.23763,3.32245,0.0436648,2.93559,3.03136,3.16219,3.27969,3.481,3.79493,3.80588,0.75816,0.693964,0.657041,0.0321764,0.199604,0.377554,0.627567,0.644939,0.75816,0.955481,0.96055,-9999,-9999
20120127,-9999,-9999,-9999,-9999,-9999,-9999,-9999,-9999,10.839,9.275,1.909,12.851,3.258,10.839,0.0,9.275,1.909,0.0,12.851,3.258,0.0,208.596,-9999,-9999,149.461,149.461,0.0,-9999,-9999,294.115,294.115,0.0,-9999,-9999,287.23,287.23,0.0,-9999,-9999,5.211,5.211,0.0,102.56,102.56,0.0,0.0,0.0,0.0,3.786,3.786,0.0,-9999,0.0,-9999,0.0,-9999,0.0,-9999,0.0,-9999,0.0,-9999,0.0,-9999,-9999,-9999,-9999,-9999,-9999,-9999,1.0,41.6425,0.0,68.3209,-9999,-9999,-9999,-9999,125.513,0.0,205.674,-9999,-9999,-9999,-9999,11.0,3,27,21,0,0,3.1408,0.0,-9999,-9999,3.19988,0.0,-9999,-9999,3.15992,0.0,0.00672774,3.09034,3.11818,3.12226,3.15375,3.19988,3.19988,3.19988,0.0,0.0,0.0,0.0,0.0,0.0,0.0,3.22926,0.383093,0.0,-9999,-9999,2.76609,0.332104,0.0,-9999,-9999,3.22926,0.383093,0.0,-9999,-9999,2.89623,0.406751,0.0,-9999,-9999,3.22926,3.22926,3.22926,3.22926,3.25542,3.25878,3.26841,0.0,0.0,0.0,0.0,0.0,0.0,0.0,2.64704,2.68163,2.68262,2.76609,2.89623,2.89623,2.89623,0.0,0.0,0.0,0.0,0.0,0.0,0.0,2.98541,2.93506,3.00072,0.0126957,2.91812,2.93598,2.93912,2.9424,3.0517,3.07925,3.13412,-0.16833,-0.264824,-0.159162,0.0190774,-0.281766,-0.262159,-0.260297,-0.254205,-0.0664783,-0.0293524,0.0118668,3.04365,3.12223,3.21789,0.0412749,2.85338,2.92837,3.04011,3.20472,3.35637,3.6526,3.66341,0.873078,0.794183,0.767756,0.031156,0.368429,0.524611,0.724003,0.737346,0.873078,1.07573,1.08008,-9999,-9999
20120128,-9999,-9999,-9999,-9999,-9999,-9999,-9999,-9999,8.026,5.475,3.154,11.305,4.818,8.026,0.0,5.475,3.154,0.0,11.305,4.818,0.0,210.575,-9999,-9999,151.995,151.995,0.0,-9999,-9999,283.953,283.953,0.0,-9999,-9999,275.385,275.385,0.0,-9999,-9999,5.116,5.116,0.0,102.705,102.705,0.0,0.0,0.0,0.0,2.703,2.703,0.0,-9999,-9999,-9999,-9999,-9999,-9999,-9999,-9999,-9999,-9999,-9999,-9999,-9999,-9999,-9999,-9999,-9999,-9999,-9999,1.0,41.5229,0.0,68.0939,-9999,-9999,-9999,-9999,128.803,0.0,210.769,-9999,-9999,-9999,-9999,11.0,3,27,21,0,0,3.0428,0.0,-9999,-9999,3.08106,0.0,-9999,-9999,3.04695,0.0,0.00284229,3.01174,3.02872,3.03425,3.05375,3.05847,3.05847,3.06432,0.0,0.0,0.0,0.0,0.0,0.0,0.0,3.1479,0.321631,0.0,-9999,-9999,2.65483,0.266508,0.0,-9999,-9999,3.1479,0.321631,0.0,-9999,-9999,2.7391,0.33716,0.0,-9999,-9999,3.10921,3.10921,3.10921,3.13503,3.16815,3.17043,3.18025,0.0,0.0,0.0,0.0,0.0,0.0,0.0,2.59174,2.60296,2.60467,2.65507,2.7391,2.7391,2.7391,0.0,0.0,0.0,0.0,0.0,0.0,0.0,2.68842,2.6493,2.71621,0.0134383,2.62416,2.65067,2.65535,2.66024,2.76747,2.80872,2.85466,-0.365335,-0.431757,-0.330694,0.0160157,-0.446974,-0.407817,-0.404718,-0.398224,-0.264382,-0.211813,-0.179588,2.71615,2.81109,2.9328,0.0364859,2.62488,2.65487,2.71615,2.97498,3.02374,3.27172,3.28204,0.877425,0.798254,0.772263,0.0311588,0.37458,0.529501,0.728492,0.742053,0.877425,1.0808,1.08516,-9999,-9999
20120129,-9999,-9999,-9999,-9999,-9999,-9999,-9999,-9999,9.442,6.658,3.599,13.021,4.646,9.442,0.0,6.658,3.599,0.0,13.021,4.646,0.0,212.596,-9999,-9999,147.123,147.123,0.0,-9999,-9999,304.801,304.801,0.0,-9999,-9999,299.686,299.686,0.0,-9999,-9999,4.965,4.965,0.0,102.422,102.422,0.0,0.0,0.0,0.0,2.138,2.138,0.0,-9999,0.0,-9999,0.0,-9999,0.0,-9999,0.0,-9999,0.0,-9999,0.0,-9999,-9999,-9999,-9999,-9999,-9999,-9999,1.0,42.5628,0.0,69.7678,-9999,-9999,-9999,-9999,125.13,0.0,204.916,-9999,-9999,-9999,-9999,11.0,3,27,21,0,0,3.13641,0.0,-9999,-9999,3.13641,0.0,-9999,-9999,3.13576,0.0,0.00261442,3.09134,3.12171,3.13641,3.13641,3.1399,3.15365,3.16041,0.0,0.0,0.0,0.0,0.0,0.0,0.0,3.35056,0.536955,0.0,-9999,-9999,2.60047,0.501393,0.0,-9999,-9999,3.35056,0.536955,0.0,-9999,-9999,2.60047,0.501393,0.0,-9999,-9999,3.30424,3.35056,3.35056,3.35056,3.35654,3.37807,3.39167,0.0,0.0,0.0,0.0,0.0,0.0,0.0,2.56074,2.56074,2.56381,2.60047,2.60047,2.60047,2.60047,0.0,0.0,0.0,0.0,0.0,0.0,0.0,2.8382,2.79307,2.859,0.0129515,2.77263,2.79418,2.79798,2.80196,2.90979,2.94341,2.99399,-0.322209,-0.34334,-0.276764,0.0134737,-0.363782,-0.34223,-0.338427,-0.334446,-0.211919,-0.159658,-0.147733,2.88292,2.96804,3.07551,0.0386675,2.73772,2.79107,2.8816,3.08749,3.19003,3.46489,3.47542,0.863268,0.784786,0.757691,0.0310573,0.362193,0.514693,0.712374,0.725025,0.863268,1.06513,1.06954,-9999,-9999
20120130,-9999,-9999,-9999,-9999,-9999,-9999,-9999,-9999,10.612,8.567,1.793,13.241,2.915,10.612,0.0,8.567,1.793,0.0,13.241,2.915,0.0,214.659,-9999,-9999,135.548,135.548,0.0,-9999,-9999,316.095,316.095,0.0,-9999,-9999,312.849,312.849,0.0,-9999,-9999,4.147,4.147,0.0,101.892,101.892,0.0,0.0,0.0,0.0,2.399,2.399,0.0,-9999,0.0,-9999,0.0,-9999,0.0,-9999,0.0,-9999,0.0,-9999,0.0,-9999,-9999,-9999,-9999,-9999,-9999,-9999,1.0,41.6425,0.0,68.2283,-9999,-9999,-9999,-9999,125.513,0.0,205.451,-9999,-9999,-9999,-9999,11.0,3,27,21,0,0,3.1408,0.0,-9999,-9999,3.19988,0.0,-9999,-9999,3.15992,0.0,0.00672774,3.09034,3.11818,3.12226,3.15375,3.19988,3.19988,3.19988,0.0,0.0,0.0,0.0,0.0,0.0,0.0,3.22926,0.383093,0.0,-9999,-9999,2.76609,0.332104,0.0,-9999,-9999,3.22926,0.383093,0.0,-9999,-9999,2.89623,0.406751,0.0,-9999,-9999,3.22926,3.22926,3.22926,3.22926,3.25542,3.25878,3.26841,0.0,0.0,0.0,0.0,0.0,0.0,0.0,2.64704,2.68163,2.68262,2.76609,2.89623,2.89623,2.89623,0.0,0.0,0.0,0.0,0.0,0.0,0.0,2.96125,2.91184,2.97764,0.0127594,2.89418,2.91279,2.91607,2.91949,3.02866,3.0574,3.11153,-0.192499,-0.288046,-0.182247,0.0191327,-0.305707,-0.285266,-0.283324,-0.276969,-0.0895115,-0.0512,-0.0107213,3.01686,3.09691,3.1948,0.0407993,2.83502,2.90568,3.01375,3.18722,3.32903,3.6215,3.63228,0.851067,0.775174,0.746884,0.0313371,0.334734,0.497335,0.706253,0.719029,0.851067,1.05293,1.05744,-9999,-9999
20120131,-9999,-9999,-9999,-9999,-9999,-9999,-9999,-9999,9.551,7.748,1.399,11.869,2.828,9.551,0.0,7.748,1.399,0.0,11.869,2.828,0.0,216.763,-9999,-9999,137.588,137.588,0.0,-9999,-9999,309.413,309.413,0.0,-9999,-9999,305.061,305.061,0.0,-9999,-9999,2.567,2.567,0.0,102.044,102.044,0.0,0.0,0.0,0.0,2.153,2.153,0.0,-9999,0.0,-9999,0.0,-9999,0.0,-9999,0.0,-9999,0.0,-9999,0.0,-9999,-9999,-9999,-9999,-9999,-9999,-9999,1.0,41.5229,0.0,67.9371,-9999,-9999,-9999,-9999,128.803,0.0,210.54,-9999,-9999,-9999,-9999,11.0,3,27,21,0,0,3.0428,0.0,-9999,-9999,3.08106,0.0,-9999,-9999,3.04695,0.0,0.00284229,3.01174,3.02872,3.03425,3.05375,3.05847,3.05847,3.06432,0.0,0.0,0.0,0.0,0.0,0.0,0.0,3.1479,0.321631,0.0,-9999,-9999,2.65483,0.266508,0.0,-9999,-9999,3.1479,0.321631,0.0,-9999,-9999,2.7391,0.33716,0.0,-9999,-9999,3.10921,3.10921,3.10921,3.13503,3.16815,3.17043,3.18025,0.0,0.0,0.0,0.0,0.0,0.0,0.0,2.59174,2.60296,2.60467,2.65507,2.7391,2.7391,2.7391,0.0,0.0,0.0,0.0,0.0,0.0,0.0,2.84835,2.80364,2.87035,0.0131461,2.78217,2.8048,2.80878,2.81295,2.92187,2.95672,3.00729,-0.205404,-0.277418,-0.176553,0.0157297,-0.289307,-0.254554,-0.250542,-0.245522,-0.109974,-0.0638115,-0.0269629,2.89043,2.97859,3.08777,0.0387319,2.75113,2.80511,2.88971,3.10319,3.20124,3.47541,3.48604,0.855789,0.779336,0.751289,0.031364,0.339717,0.502467,0.710237,0.723152,0.855789,1.05805,1.06255,-9999,-9999
20120201,-9999,-9999,-9999,-9999,-9999,-9999,-9999,-9999,9.51,7.809,1.291,11.697,1.974,9.51,0.0,7.809,1.291,0.0,11.697,1.974,0.0,218.906,-9999,-9999,88.291,88.291,0.0,-9999,-9999,329.903,329.903,0.0,-9999,-9999,328.944,328.944,0.0,-9999,-9999,2.502,2.502,0.0,102.488,102.488,0.0,0.435,0.435,0.0,2.201,2.201,0.0,-9999,0.0,-9999,0.0,-9999,0.0,-9999,0.0,-9999,0.0,-9999,0.0,-9999,-9999,-9999,-9999,-9999,-9999,-9999,1.0,42.5628,0.0,69.1736,-9999,-9999,-9999,-9999,125.13,0.0,203.169,-9999,-9999,-9999,-9999,11.0,3,27,21,0,0,3.13641,0.0,-9999,-9999,3.13641,0.0,-9999,-9999,3.13576,0.0,0.00261442,3.09134,3.12171,3.13641,3.13641,3.1399,3.15365,3.16041,0.0,0.0,0.0,0.0,0.0,0.0,0.0,3.35056,0.536955,0.0,-9999,-9999,2.60047,0.501393,0.0,-9999,-9999,3.35056,0.536955,0.0,-9999,-9999,2.60047,0.501393,0.0,-9999,-9999,3.30424,3.35056,3.35056,3.35056,3.35654,3.37807,3.39167,0.0,0.0,0.0,0.0,0.0,0.0,0.0,2.56074,2.56074,2.56381,2.60047,2.60047,2.60047,2.60047,0.0,0.0,0.0,0.0,0.0,0.0,0.0,2.84393,2.79951,2.86636,0.0131897,2.77772,2.80069,2.80472,2.80895,2.91799,2.95329,3.00368,-0.316485,-0.336903,-0.269396,0.0137242,-0.358687,-0.335724,-0.331685,-0.327463,-0.203716,-0.14997,-0.136563,2.88501,2.97395,3.0839,0.038647,2.74855,2.8028,2.88449,3.10088,3.19621,3.46937,3.48001,0.781459,0.714798,0.678552,0.0325213,0.219749,0.39966,0.64711,0.663663,0.781459,0.982391,0.987474,-9999,-9999
20120202,-9999,-9999,-9999,-9999,-9999,-9999,-9999,-9999,9.948,7.571,2.785,13.005,4.114,9.948,0.0,7.571,2.785,0.0,13.005,4.114,0.0,221.088,-9999,-9999,157.929,157.929,0.0,-9999,-9999,292.247,292.247,0.0,-9999,-9999,285.053,285.053,0.0,-9999,-9999,6.29,6.29,0.0,102.036,102.036,0.0,0.0,0.0,0.0,3.293,3.293,0.0,-9999,0.0,-9999,0.0,-9999,0.0,-9999,0.0,-9999,0.0,-9999,0.0,-9999,-9999,-9999,-9999,-9999,-9999,-9999,1.0,41.6425,0.0,67.1554,-9999,-9999,-9999,-9999,125.513,0.0,202.217,-9999,-9999,-9999,-9999,11.0,3,27,21,0,0,3.1408,0.0,-9999,-9999,3.19988,0.0,-9999,-9999,3.15992,0.0,0.00672774,3.09034,3.11818,3.12226,3.15375,3.19988,3.19988,3.19988,0.0,0.0,0.0,0.0,0.0,0.0,0.0,3.22926,0.383093,0.0,-9999,-9999,2.76609,0.332104,0.0,-9999,-9999,3.22926,0.383093,0.0,-9999,-9999,2.89623,0.406751,0.0,-9999,-9999,3.22926,3.22926,3.22926,3.22926,3.25542,3.25878,3.26841,0.0,0.0,0.0,0.0,0.0,0.0,0.0,2.64704,2.68163,2.68262,2.76609,2.89623,2.89623,2.89623,0.0,0.0,0.0,0.0,0.0,0.0,0.0,2.89106,2.84416,2.91011,0.0128858,2.8248,2.84521,2.84881,2.85257,2.96107,2.99274,3.04482,-0.262684,-0.355723,-0.249777,0.0192369,-0.375083,-0.35267,-0.350536,-0.34355,-0.157111,-0.115864,-0.0774392,2.94015,3.02339,3.127,0.0395362,2.78002,2.83935,2.93812,3.13105,3.24972,3.53196,3.5426,0.894714,0.810719,0.782226,0.0319178,0.387548,0.536554,0.728431,0.750953,0.894714,1.10136,1.10576,-9999,-9999
20120203,-9999,-9999,-9999,-9999,-9999,-9999,-9999,-9999,7.973,5.365,3.115,11.326,4.876,7.973,0.0,5.365,3.115,0.0,11.326,4.876,0.0,223.308,-9999,-9999,157.166,157.166,0.0,-9999,-9999,285.465,285.465,0.0,-9999,-9999,277.147,277.147,0.0,-9999,-9999,5.854,5.854,0.0,101.81,101.81,0.0,0.0,0.0,0.0,2.437,2.437,0.0,-9999,0.0,-9999,0.0,-9999,0.0,-9999,0.0,-9999,0.0,-9999,0.0,-9999,-9999,-9999,-9999,-9999,-9999,-9999,1.0,41.5229,0.0,66.4306,-9999,-9999,-9999,-9999,128.803,0.0,205.867,-9999,-9999,-9999,-9999,11.0,3,27,21,0,0,3.0428,0.0,-9999,-9999,3.08106,0.0,-9999,-9999,3.04695,0.0,0.00284229,3.01174,3.02872,3.03425,3.05375,3.05847,3.05847,3.06432,0.0,0.0,0.0,0.0,0.0,0.0,0.0,3.1479,0.321631,0.0,-9999,-9999,2.65483,0.266508,0.0,-9999,-9999,3.1479,0.321631,0.0,-9999,-9999,2.7391,0.33716,0.0,-9999,-9999,3.10921,3.10921,3.10921,3.13503,3.16815,3.17043,3.18025,0.0,0.0,0.0,0.0,0.0,0.0,0.0,2.59174,2.60296,2.60467,2.65507,2.7391,2.7391,2.7391,0.0,0.0,0.0,0.0,0.0,0.0,0.0,2.68289,2.64396,2.71088,0.0134482,2.6187,2.64534,2.65004,2.65496,2.76212,2.80359,2.84937,-0.370862,-0.437093,-0.336026,0.0160253,-0.452421,-0.413131,-0.410109,-0.403505,-0.269725,-0.21694,-0.184874,2.71014,2.8053,2.92744,0.0364192,2.6205,2.64939,2.71014,2.97061,3.01986,3.26469,3.275,0.898714,0.81588,0.788088,0.0320264,0.386435,0.54001,0.738193,0.755138,0.898714,1.10699,1.11145,-9999,-9999
20120204,-9999,-9999,-9999,-9999,-9999,-9999,-9999,-9999,9.458,6.779,4.468,12.902,4.952,9.458,0.0,6.779,4.468,0.0,12.902,4.952,0.0,225.564,-9999,-9999,161.242,161.242,0.0,-9999,-9999,295.558,295.558,0.0,-9999,-9999,288.912,288.912,0.0,-9999,-9999,6.434,6.434,0.0,101.957,101.957,0.0,0.0,0.0,0.0,1.972,1.972,0.0,-9999,-9999,-9999,-9999,-9999,-9999,-9999,-9999,-9999,-9999,-9999,-9999,-9999,-9999,-9999,-9999,-9999,-9999,-9999,1.0,42.5628,0.0,67.581,-9999,-9999,-9999,-9999,125.13,0.0,198.487,-9999,-9999,-9999,-9999,11.0,3,27,21,0,0,3.13641,0.0,-9999,-9999,3.13641,0.0,-9999,-9999,3.13576,0.0,0.00261442,3.09134,3.12171,3.13641,3.13641,3.1399,3.15365,3.16041,0.0,0.0,0.0,0.0,0.0,0.0,0.0,3.35056,0.536955,0.0,-9999,-9999,2.60047,0.501393,0.0,-9999,-9999,3.35056,0.536955,0.0,-9999,-9999,2.60047,0.501393,0.0,-9999,-9999,3.30424,3.35056,3.35056,3.35056,3.35654,3.37807,3.39167,0.0,0.0,0.0,0.0,0.0,0.0,0.0,2.56074,2.56074,2.56381,2.60047,2.60047,2.60047,2.60047,0.0,0.0,0.0,0.0,0.0,0.0,0.0,2.84023,2.79481,2.86051,0.0128888,2.77477,2.7959,2.79963,2.80354,2.91111,2.94418,2.99491,-0.320181,-0.341601,-0.275253,0.0134064,-0.361644,-0.340512,-0.33678,-0.332873,-0.210603,-0.158736,-0.14716,2.88612,2.97018,3.07679,0.0387299,2.7378,2.79085,2.88456,3.08702,3.19239,3.46815,3.47866,0.905928,0.82025,0.791003,0.0323867,0.394958,0.542161,0.733788,0.756945,0.905928,1.11575,1.12025,-9999,-9999
20120205,-9999,-9999,-9999,-9999,-9999,-9999,-9999,-9999,9.467,6.847,4.533,12.836,5.14,9.467,0.0,6.847,4.533,0.0,12.836,5.14,0.0,227.856,-9999,-9999,151.111,151.111,0.0,-9999,-9999,302.403,302.403,0.0,-9999,-9999,296.89,296.89,0.0,-9999,-9999,5.981,5.981,0.0,101.914,101.914,0.0,0.0,0.0,0.0,1.784,1.784,0.0,-9999,0.0,-9999,0.0,-9999,0.0,-9999,0.0,-9999,0.0,-9999,0.0,-9999,-9999,-9999,-9999,-9999,-9999,-9999,1.0,41.6425,0.0,65.6173,-9999,-9999,-9999,-9999,125.513,0.0,197.581,-9999,-9999,-9999,-9999,11.0,3,27,21,0,0,3.1408,0.0,-9999,-9999,3.19988,0.0,-9999,-9999,3.15992,0.0,0.00672774,3.09034,3.11818,3.12226,3.15375,3.19988,3.19988,3.19988,0.0,0.0,0.0,0.0,0.0,0.0,0.0,3.22926,0.383093,0.0,-9999,-9999,2.76609,0.332104,0.0,-9999,-9999,3.22926,0.383093,0.0,-9999,-9999,2.89623,0.406751,0.0,-9999,-9999,3.22926,3.22926,3.22926,3.22926,3.25542,3.25878,3.26841,0.0,0.0,0.0,0.0,0.0,0.0,0.0,2.64704,2.68163,2.68262,2.76609,2.89623,2.89623,2.89623,0.0,0.0,0.0,0.0,0.0,0.0,0.0,2.8413,2.7958,2.86146,0.0128764,2.77585,2.79689,2.8006,2.8045,2.91203,2.94498,2.99575,-0.312442,-0.40408,-0.298424,0.019217,-0.424035,-0.400926,-0.398721,-0.391491,-0.206148,-0.163625,-0.126502,2.88746,2.97131,3.07771,0.0387529,2.73837,2.79163,2.88585,3.08751,3.19362,3.46963,3.48014,0.90345,0.819611,0.789194,0.0328901,0.371513,0.53263,0.737383,0.758734,0.90345,1.11487,1.11948,-9999,-9999
20120206,-9999,-9999,-9999,-9999,-9999,-9999,-9999,-9999,11.482,9.367,3.832,14.202,4.205,11.482,0.0,9.367,3.832,0.0,14.202,4.205,0.0,230.182,-9999,-9999,121.767,121.767,0.0,-9999,-9999,323.318,323.318,0.0,-9999,-9999,321.268,321.268,0.0,-9999,-9999,8.135,8.135,0.0,101.287,101.287,0.0,0.0,0.0,0.0,3.693,3.693,0.0,-9999,0.0,-9999,0.0,-9999,0.0,-9999,0.0,-9999,0.0,-9999,0.0,-9999,-9999,-9999,-9999,-9999,-9999,-9999,1.0,41.5229,0.0,64.8303,-9999,-9999,-9999,-9999,128.803,0.0,200.903,-9999,-9999,-9999,-9999,11.0,3,27,21,0,0,3.0428,0.0,-9999,-9999,3.08106,0.0,-9999,-9999,3.04695,0.0,0.00284229,3.01174,3.02872,3.03425,3.05375,3.05847,3.05847,3.06432,0.0,0.0,0.0,0.0,0.0,0.0,0.0,3.1479,0.321631,0.0,-9999,-9999,2.65483,0.266508,0.0,-9999,-9999,3.1479,0.321631,0.0,-9999,-9999,2.7391,0.33716,0.0,-9999,-9999,3.10921,3.10921,3.10921,3.13503,3.16815,3.17043,3.18025,0.0,0.0,0.0,0.0,0.0,0.0,0.0,2.59174,2.60296,2.60467,2.65507,2.7391,2.7391,2.7391,0.0,0.0,0.0,0.0,0.0,0.0,0.0,3.05423,3.00047,3.06502,0.0123419,2.98672,3.00122,3.00377,3.00644,3.11521,3.13792,3.19518,0.000476791,-0.0805875,0.0181167,0.0149236,-0.0855032,-0.0599203,-0.0552486,-0.0493509,0.0833657,0.117389,0.160935,3.12316,3.19439,3.28148,0.0428948,2.90081,2.99166,3.11891,3.24414,3.43442,3.7433,3.75414,0.863934,0.781782,0.743978,0.0339333,0.299181,0.47174,0.687691,0.719533,0.863934,1.07404,1.07893,-9999,-9999
20120207,-9999,-9999,-9999,-9999,-9999,-9999,-9999,-9999,11.94,11.605,0.644,12.371,0.566,11.94,0.0,11.605,0.644,0.0,12.371,0.566,0.0,232.542,-9999,-9999,11.499,11.499,0.0,-9999,-9999,365.35,365.35,0.0,-9999,-9999,370.26,370.26,0.0,-9999,-9999,5.866,5.866,0.0,101.333,101.333,0.0,0.89,0.89,0.0,4.062,4.062,0.0,-9999,0.0,-9999,0.0,-9999,0.0,-9999,0.0,-9999,0.0,-9999,0.0,-9999,-9999,-9999,-9999,-9999,-9999,-9999,1.0,42.5628,0.0,65.709,-9999,-9999,-9999,-9999,125.13,0.0,192.983,-9999,-9999,-9999,-9999,11.0,3,27,21,0,0,3.13641,0.0,-9999,-9999,3.13641,0.0,-9999,-9999,3.13576,0.0,0.00261442,3.09134,3.12171,3.13641,3.13641,3.1399,3.15365,3.16041,0.0,0.0,0.0,0.0,0.0,0.0,0.0,3.35056,0.536955,0.0,-9999,-9999,2.60047,0.501393,0.0,-9999,-9999,3.35056,0.536955,0.0,-9999,-9999,2.60047,0.501393,0.0,-9999,-9999,3.30424,3.35056,3.35056,3.35056,3.35654,3.37807,3.39167,0.0,0.0,0.0,0.0,0.0,0.0,0.0,2.56074,2.56074,2.56381,2.60047,2.60047,2.60047,2.60047,0.0,0.0,0.0,0.0,0.0,0.0,0.0,3.10267,3.0478,3.11287,0.0124216,3.03422,3.04853,3.05104,3.05365,3.16367,3.18561,3.24405,-0.0577405,-0.0886124,-0.0228864,0.0128097,-0.102185,-0.08788,-0.0853734,-0.0827553,0.0419559,0.0902451,0.0942735,3.1733,3.24507,3.33012,0.0437391,2.94295,3.03858,3.16892,3.28777,3.48897,3.80321,3.81421,0.328946,0.309408,0.283619,0.0192704,0.029,0.0874482,0.264484,0.280896,0.328951,0.460817,0.466108,-9999,-9999
20120208,-9999,-9999,-9999,-9999,-9999,-9999,-9999,-9999,11.193,8.538,2.027,14.331,3.8,11.193,0.0,8.538,2.027,0.0,14.331,3.8,0.0,234.934,-9999,-9999,163.727,163.727,0.0,-9999,-9999,316.63,316.63,0.0,-9999,-9999,313.473,313.473,0.0,-9999,-9999,4.093,4.093,0.0,102.3,102.3,0.0,0.0,0.0,0.0,2.72,2.72,0.0,-9999,0.0,-9999,0.0,-9999,0.0,-9999,0.0,-9999,0.0,-9999,0.0,-9999,-9999,-9999,-9999,-9999,-9999,-9999,1.0,41.6425,0.0,63.5063,-9999,-9999,-9999,-9999,125.513,0.0,191.413,-9999,-9999,-9999,-9999,11.0,3,26,22,0,0,3.1408,0.0,-9999,-9999,3.19988,0.0,-9999,-9999,3.15992,0.0,0.00672774,3.09034,3.11818,3.12226,3.15375,3.19988,3.19988,3.19988,0.0,0.0,0.0,0.0,0.0,0.0,0.0,3.21589,0.384205,0.0,-9999,-9999,2.80294,0.367308,0.0,-9999,-9999,3.21589,0.384205,0.0,-9999,-9999,2.92717,0.422635,0.0,-9999,-9999,3.21589,3.21589,3.21589,3.21589,3.24306,3.24655,3.25655,0.0,0.0,0.0,0.0,0.0,0.0,0.0,2.6893,2.72232,2.72326,2.80294,2.92717,2.92717,2.92717,0.0,0.0,0.0,0.0,0.0,0.0,0.0,3.02307,2.97083,3.03586,0.012493,2.95568,2.97165,2.97446,2.9774,3.08638,3.11122,3.16741,-0.130674,-0.229058,-0.124028,0.018893,-0.244209,-0.226671,-0.225003,-0.219543,-0.0318001,0.00262188,0.045158,3.08729,3.16172,3.25262,0.0421467,2.87916,2.96296,3.08384,3.22394,3.39909,3.70232,3.71315,0.921112,0.838113,0.81163,0.0325158,0.4031,0.558397,0.764781,0.778994,0.921112,1.13529,1.13992,-9999,-9999
20120209,-9999,-9999,-9999,-9999,-9999,-9999,-9999,-9999,12.467,9.81,3.708,15.608,4.505,12.467,0.0,9.81,3.708,0.0,15.608,4.505,0.0,237.357,-9999,-9999,165.766,165.766,0.0,-9999,-9999,314.669,314.669,0.0,-9999,-9999,311.187,311.187,0.0,-9999,-9999,5.606,5.606,0.0,102.423,102.423,0.0,0.0,0.0,0.0,1.765,1.765,0.0,-9999,0.0,-9999,0.0,-9999,0.0,-9999,0.0,-9999,0.0,-9999,0.0,-9999,-9999,-9999,-9999,-9999,-9999,-9999,1.0,41.5229,0.0,62.5382,-9999,-9999,-9999,-9999,128.803,0.0,193.993,-9999,-9999,-9999,-9999,11.0,3,26,22,0,0,3.0428,0.0,-9999,-9999,3.08106,0.0,-9999,-9999,3.04695,0.0,0.00284229,3.01174,3.02872,3.03425,3.05375,3.05847,3.05847,3.06432,0.0,0.0,0.0,0.0,0.0,0.0,0.0,3.14386,0.327302,0.0,-9999,-9999,2.68202,0.289664,0.0,-9999,-9999,3.14386,0.327302,0.0,-9999,-9999,2.76245,0.346793,0.0,-9999,-9999,3.10368,3.10368,3.10368,3.13049,3.16489,3.16725,3.17745,0.0,0.0,0.0,0.0,0.0,0.0,0.0,2.62179,2.6325,2.63414,2.68224,2.76245,2.76245,2.76245,0.0,0.0,0.0,0.0,0.0,0.0,0.0,3.15845,3.10016,3.16367,0.0119934,3.09024,3.1007,3.10254,3.10447,3.21322,3.22989,3.29052,0.104703,0.019101,0.116762,0.014566,0.0176527,0.0386757,0.0436757,0.0479382,0.181376,0.209358,0.256274,3.2408,3.30363,3.37973,0.0454302,2.97694,3.08867,3.23426,3.31997,3.55245,3.8788,3.88975,0.919136,0.833904,0.805746,0.0326477,0.406555,0.553084,0.751647,0.772155,0.919136,1.13321,1.13785,-9999,-9999
20120210,-9999,-9999,-9999,-9999,-9999,-9999,-9999,-9999,10.804,9.303,2.526,12.579,2.808,10.804,0.0,9.303,2.526,0.0,12.579,2.808,0.0,239.81,-9999,-9999,95.067,95.067,0.0,-9999,-9999,342.477,342.477,0.0,-9999,-9999,343.6,343.6,0.0,-9999,-9999,2.52,2.52,0.0,102.202,102.202,0.0,0.563,0.563,0.0,2.475,2.475,0.0,-9999,0.0,-9999,0.0,-9999,0.0,-9999,0.0,-9999,0.0,-9999,0.0,-9999,-9999,-9999,-9999,-9999,-9999,-9999,1.0,42.5628,0.0,63.2445,-9999,-9999,-9999,-9999,125.13,0.0,185.932,-9999,-9999,-9999,-9999,11.0,3,26,22,0,0,3.13641,0.0,-9999,-9999,3.13641,0.0,-9999,-9999,3.13576,0.0,0.00261442,3.09134,3.12171,3.13641,3.13641,3.1399,3.15365,3.16041,0.0,0.0,0.0,0.0,0.0,0.0,0.0,3.32543,0.531155,0.0,-9999,-9999,2.66426,0.573536,0.0,-9999,-9999,3.32543,0.531155,0.0,-9999,-9999,2.66426,0.573536,0.0,-9999,-9999,3.27734,3.32543,3.32543,3.32543,3.33164,3.354,3.36813,0.0,0.0,0.0,0.0,0.0,0.0,0.0,2.62633,2.62633,2.62927,2.66426,2.66426,2.66426,2.66426,0.0,0.0,0.0,0.0,0.0,0.0,0.0,2.98185,2.93164,2.99732,0.0127058,2.91458,2.93256,2.93572,2.93902,3.04831,3.07604,3.13081,-0.178563,-0.204772,-0.138436,0.0131611,-0.221826,-0.203849,-0.200689,-0.197386,-0.0734002,-0.0228434,-0.0152999,3.03968,3.11849,3.21448,0.0412032,2.85069,2.92503,3.03619,3.20248,3.35233,3.64799,3.6588,0.832844,0.761418,0.723236,0.0344318,0.236598,0.42944,0.689851,0.706145,0.832844,1.04493,1.05022,-9999,-9999
20120211,-9999,-9999,-9999,-9999,-9999,-9999,-9999,-9999,11.027,10.053,0.834,12.179,1.206,11.027,0.0,10.053,0.834,0.0,12.179,1.206,0.0,242.293,-9999,-9999,98.624,98.624,0.0,-9999,-9999,348.323,348.323,0.0,-9999,-9999,350.413,350.413,0.0,-9999,-9999,2.117,2.117,0.0,101.829,101.829,0.0,1.742,1.742,0.0,2.664,2.664,0.0,-9999,-9999,-9999,-9999,-9999,-9999,-9999,-9999,-9999,-9999,-9999,-9999,-9999,-9999,-9999,-9999,-9999,-9999,-9999,1.0,41.6425,0.0,61.1,-9999,-9999,-9999,-9999,125.513,0.0,184.16,-9999,-9999,-9999,-9999,11.0,3,26,22,0,0,3.1408,0.0,-9999,-9999,3.19988,0.0,-9999,-9999,3.15992,0.0,0.00672774,3.09034,3.11818,3.12226,3.15375,3.19988,3.19988,3.19988,0.0,0.0,0.0,0.0,0.0,0.0,0.0,3.21589,0.384205,0.0,-9999,-9999,2.80294,0.367308,0.0,-9999,-9999,3.21589,0.384205,0.0,-9999,-9999,2.92717,0.422635,0.0,-9999,-9999,3.21589,3.21589,3.21589,3.21589,3.24306,3.24655,3.25655,0.0,0.0,0.0,0.0,0.0,0.0,0.0,2.6893,2.72232,2.72326,2.80294,2.92717,2.92717,2.92717,0.0,0.0,0.0,0.0,0.0,0.0,0.0,3.00533,2.95448,3.02032,0.012718,2.93767,2.95539,2.9585,2.96175,3.07152,3.09868,3.15406,-0.148413,-0.245401,-0.139559,0.0191023,-0.262213,-0.24276,-0.240915,-0.234886,-0.0466581,-0.00991619,0.0318007,3.06442,3.14307,3.23778,0.0416094,2.87047,2.94759,3.06087,3.22037,3.3788,3.67733,3.6882,0.828862,0.757777,0.720742,0.0339814,0.245163,0.431619,0.686559,0.702809,0.828862,1.04003,1.0453,-9999,-9999
20120212,-9999,-9999,-9999,-9999,-9999,-9999,-9999,-9999,10.323,8.743,1.561,12.19,2.585,10.323,0.0,8.743,1.561,0.0,12.19,2.585,0.0,244.803,-9999,-9999,152.673,152.673,0.0,-9999,-9999,329.438,329.438,0.0,-9999,-9999,328.402,328.402,0.0,-9999,-9999,3.553,3.553,0.0,101.699,101.699,0.0,1.388,1.388,0.0,2.433,2.433,0.0,-9999,0.0,-9999,0.0,-9999,0.0,-9999,0.0,-9999,0.0,-9999,0.0,-9999,-9999,-9999,-9999,-9999,-9999,-9999,1.0,41.5229,0.0,60.2409,-9999,-9999,-9999,-9999,128.803,0.0,186.866,-9999,-9999,-9999,-9999,11.0,3,26,22,0,0,3.0428,0.0,-9999,-9999,3.08106,0.0,-9999,-9999,3.04695,0.0,0.00284229,3.01174,3.02872,3.03425,3.05375,3.05847,3.05847,3.06432,0.0,0.0,0.0,0.0,0.0,0.0,0.0,3.14386,0.327302,0.0,-9999,-9999,2.68202,0.289664,0.0,-9999,-9999,3.14386,0.327302,0.0,-9999,-9999,2.76245,0.346793,0.0,-9999,-9999,3.10368,3.10368,3.10368,3.13049,3.16489,3.16725,3.17745,0.0,0.0,0.0,0.0,0.0,0.0,0.0,2.62179,2.6325,2.63414,2.68224,2.76245,2.76245,2.76245,0.0,0.0,0.0,0.0,0.0,0.0,0.0,2.93047,2.88249,2.94869,0.0128999,2.86356,2.88352,2.88702,2.89069,2.99998,3.03068,3.08378,-0.123276,-0.198566,-0.0982213,0.015485,-0.20816,-0.176431,-0.1722,-0.167778,-0.0318697,0.0101457,0.0495337,2.98174,3.06465,3.16606,0.0401731,2.81313,2.8772,2.97943,3.16568,3.29416,3.58124,3.59199,0.894635,0.814791,0.787339,0.0322879,0.376202,0.532374,0.742451,0.755939,0.894635,1.10679,1.11156,-9999,-9999
20120213,-9999,-9999,-9999,-9999,-9999,-9999,-9999,-9999,8.65,8.169,0.675,9.219,0.663,8.65,0.0,8.169,0.675,0.0,9.219,0.663,0.0,247.34,-9999,-9999,82.421,82.421,0.0,-9999,-9999,337.858,337.858,0.0,-9999,-9999,338.216,338.216,0.0,-9999,-9999,1.967,1.967,0.0,101.44,101.44,0.0,6.288,6.288,0.0,2.731,2.731,0.0,-9999,0.0,-9999,0.0,-9999,0.0,-9999,0.0,-9999,0.0,-9999,0.0,-9999,-9999,-9999,-9999,-9999,-9999,-9999,1.0,42.5628,0.0,60.8192,-9999,-9999,-9999,-9999,125.13,0.0,178.801,-9999,-9999,-9999,-9999,11.0,3,26,22,0,0,3.13641,0.0,-9999,-9999,3.13641,0.0,-9999,-9999,3.13576,0.0,0.00261442,3.09134,3.12171,3.13641,3.13641,3.1399,3.15365,3.16041,0.0,0.0,0.0,0.0,0.0,0.0,0.0,3.32543,0.531155,0.0,-9999,-9999,2.66426,0.573536,0.0,-9999,-9999,3.32543,0.531155,0.0,-9999,-9999,2.66426,0.573536,0.0,-9999,-9999,3.27734,3.32543,3.32543,3.32543,3.33164,3.354,3.36813,0.0,0.0,0.0,0.0,0.0,0.0,0.0,2.62633,2.62633,2.62927,2.66426,2.66426,2.66426,2.66426,0.0,0.0,0.0,0.0,0.0,0.0,0.0,2.75209,2.7116,2.77932,0.0135577,2.68654,2.71296,2.7176,2.72246,2.83145,2.87197,2.9194,-0.408327,-0.424808,-0.356438,0.0141419,-0.449872,-0.423451,-0.418805,-0.413947,-0.290256,-0.234248,-0.213188,2.78166,2.8777,2.9972,0.0372757,2.68111,2.71891,2.78166,3.03366,3.09222,3.35018,3.36072,0.77936,0.714047,0.675844,0.0333461,0.205318,0.384548,0.644788,0.662411,0.77936,0.986069,0.991546,-9999,-9999
20120214,-9999,-9999,-9999,-9999,-9999,-9999,-9999,-9999,8.083,5.931,2.168,10.626,3.699,8.083,0.0,5.931,2.168,0.0,10.626,3.699,0.0,249.903,-9999,-9999,179.368,179.368,0.0,-9999,-9999,296.24,296.24,0.0,-9999,-9999,289.707,289.707,0.0,-9999,-9999,3.595,3.595,0.0,101.786,101.786,0.0,0.003,0.003,0.0,3.246,3.246,0.0,-9999,0.0,-9999,0.0,-9999,0.0,-9999,0.0,-9999,0.0,-9999,0.0,-9999,-9999,-9999,-9999,-9999,-9999,-9999,1.0,41.6425,0.0,58.4303,-9999,-9999,-9999,-9999,125.513,0.0,176.113,-9999,-9999,-9999,-9999,11.0,3,26,22,0,0,3.1408,0.0,-9999,-9999,3.19988,0.0,-9999,-9999,3.15992,0.0,0.00672774,3.09034,3.11818,3.12226,3.15375,3.19988,3.19988,3.19988,0.0,0.0,0.0,0.0,0.0,0.0,0.0,3.21589,0.384205,0.0,-9999,-9999,2.80294,0.367308,0.0,-9999,-9999,3.21589,0.384205,0.0,-9999,-9999,2.92717,0.422635,0.0,-9999,-9999,3.21589,3.21589,3.21589,3.21589,3.24306,3.24655,3.25655,0.0,0.0,0.0,0.0,0.0,0.0,0.0,2.6893,2.72232,2.72326,2.80294,2.92717,2.92717,2.92717,0.0,0.0,0.0,0.0,0.0,0.0,0.0,2.69344,2.6546,2.72198,0.013556,2.62885,2.656,2.66079,2.6658,2.77365,2.81565,2.86155,-0.460303,-0.545281,-0.437907,0.0198153,-0.571037,-0.541217,-0.538377,-0.529074,-0.344531,-0.29295,-0.260701,2.71959,2.81632,2.9391,0.0365481,2.632,2.66101,2.71959,2.98349,3.03236,3.27674,3.28712,0.950764,0.864522,0.839506,0.032733,0.440767,0.587295,0.789725,0.804648,0.950764,1.16874,1.17332,-9999,-9999
20120215,-9999,-9999,-9999,-9999,-9999,-9999,-9999,-9999,9.184,7.492,1.913,11.183,2.689,9.184,0.0,7.492,1.913,0.0,11.183,2.689,0.0,252.49,-9999,-9999,185.176,185.176,0.0,-9999,-9999,285.853,285.853,0.0,-9999,-9999,277.6,277.6,0.0,-9999,-9999,6.87,6.87,0.0,101.994,101.994,0.0,0.0,0.0,0.0,5.224,5.224,0.0,-9999,0.0,-9999,0.0,-9999,0.0,-9999,0.0,-9999,0.0,-9999,0.0,-9999,-9999,-9999,-9999,-9999,-9999,-9999,1.0,41.5229,0.0,57.1918,-9999,-9999,-9999,-9999,128.803,0.0,177.408,-9999,-9999,-9999,-9999,11.0,3,26,22,0,0,3.0428,0.0,-9999,-9999,3.08106,0.0,-9999,-9999,3.04695,0.0,0.00284229,3.01174,3.02872,3.03425,3.05375,3.05847,3.05847,3.06432,0.0,0.0,0.0,0.0,0.0,0.0,0.0,3.14386,0.327302,0.0,-9999,-9999,2.68202,0.289664,0.0,-9999,-9999,3.14386,0.327302,0.0,-9999,-9999,2.76245,0.346793,0.0,-9999,-9999,3.10368,3.10368,3.10368,3.13049,3.16489,3.16725,3.17745,0.0,0.0,0.0,0.0,0.0,0.0,0.0,2.62179,2.6325,2.63414,2.68224,2.76245,2.76245,2.76245,0.0,0.0,0.0,0.0,0.0,0.0,0.0,2.80947,2.76632,2.83329,0.01327,2.74363,2.76755,2.77176,2.77616,2.88493,2.92176,2.97112,-0.244285,-0.314737,-0.213615,0.0158522,-0.32773,-0.291522,-0.287616,-0.282308,-0.146918,-0.0987706,-0.0631279,2.84715,2.93786,3.05074,0.0381144,2.72185,2.77711,2.84715,3.0737,3.15725,3.42527,3.43585,0.957497,0.868916,0.843396,0.0328127,0.453923,0.592734,0.788359,0.805195,0.957497,1.17587,1.18041,-9999,-9999
20120216,-9999,-9999,-9999,-9999,-9999,-9999,-9999,-9999,9.532,7.338,2.247,12.125,4.37,9.532,0.0,7.338,2.247,0.0,12.125,4.37,0.0,255.1,-9999,-9999,186.972,186.972,0.0,-9999,-9999,282.727,282.727,0.0,-9999,-9999,273.956,273.956,0.0,-9999,-9999,7.267,7.267,0.0,102.408,102.408,0.0,0.0,0.0,0.0,3.567,3.567,0.0,-9999,0.0,-9999,0.0,-9999,0.0,-9999,0.0,-9999,0.0,-9999,0.0,-9999,-9999,-9999,-9999,-9999,-9999,-9999,1.0,42.5628,0.0,57.5267,-9999,-9999,-9999,-9999,125.13,0.0,169.122,-9999,-9999,-9999,-9999,11.0,3,26,22,0,0,3.13641,0.0,-9999,-9999,3.13641,0.0,-9999,-9999,3.13576,0.0,0.00261442,3.09134,3.12171,3.13641,3.13641,3.1399,3.15365,3.16041,0.0,0.0,0.0,0.0,0.0,0.0,0.0,3.32543,0.531155,0.0,-9999,-9999,2.66426,0.573536,0.0,-9999,-9999,3.32543,0.531155,0.0,-9999,-9999,2.66426,0.573536,0.0,-9999,-9999,3.27734,3.32543,3.32543,3.32543,3.33164,3.354,3.36813,0.0,0.0,0.0,0.0,0.0,0.0,0.0,2.62633,2.62633,2.62927,2.66426,2.66426,2.66426,2.66426,0.0,0.0,0.0,0.0,0.0,0.0,0.0,2.84692,2.80189,2.86822,0.013046,2.781,2.80302,2.8069,2.81096,2.91939,2.95351,3.00418,-0.313487,-0.33452,-0.267541,0.0135709,-0.355412,-0.333388,-0.329508,-0.325449,-0.202317,-0.149468,-0.137302,2.8906,2.97714,3.08523,0.0387559,2.7474,2.80098,2.88954,3.09842,3.19976,3.47476,3.48535,0.960806,0.870086,0.843181,0.0330726,0.457076,0.591992,0.783024,0.807429,0.960806,1.17949,1.18402,-9999,-9999
20120217,-9999,-9999,-9999,-9999,-9999,-9999,-9999,-9999,10.379,7.867,1.832,13.349,4.035,10.379,0.0,7.867,1.832,0.0,13.349,4.035,0.0,257.732,-9999,-9999,183.221,183.221,0.0,-9999,-9999,303.856,303.856,0.0,-9999,-9999,298.584,298.584,0.0,-9999,-9999,5.037,5.037,0.0,102.397,102.397,0.0,0.0,0.0,0.0,2.18,2.18,0.0,-9999,0.0,-9999,0.0,-9999,0.0,-9999,0.0,-9999,0.0,-9999,0.0,-9999,-9999,-9999,-9999,-9999,-9999,-9999,1.0,41.6425,0.0,55.209,-9999,-9999,-9999,-9999,125.513,0.0,166.404,-9999,-9999,-9999,-9999,11.0,3,26,22,0,0,3.1408,0.0,-9999,-9999,3.19988,0.0,-9999,-9999,3.15992,0.0,0.00672774,3.09034,3.11818,3.12226,3.15375,3.19988,3.19988,3.19988,0.0,0.0,0.0,0.0,0.0,0.0,0.0,3.21589,0.384205,0.0,-9999,-9999,2.80294,0.367308,0.0,-9999,-9999,3.21589,0.384205,0.0,-9999,-9999,2.92717,0.422635,0.0,-9999,-9999,3.21589,3.21589,3.21589,3.21589,3.24306,3.24655,3.25655,0.0,0.0,0.0,0.0,0.0,0.0,0.0,2.6893,2.72232,2.72326,2.80294,2.92717,2.92717,2.92717,0.0,0.0,0.0,0.0,0.0,0.0,0.0,2.93662,2.88797,2.95369,0.0127706,2.86991,2.88894,2.8923,2.8958,3.00458,3.03409,3.08755,-0.217128,-0.311918,-0.206193,0.0191383,-0.329976,-0.309072,-0.307084,-0.300574,-0.113594,-0.0745071,-0.0347008,2.99051,3.07112,3.17064,0.040369,2.81488,2.88218,2.98766,3.16635,3.30124,3.59046,3.60118,0.95911,0.871928,0.847217,0.0328172,0.450061,0.595096,0.796748,0.811879,0.95911,1.17799,1.18255,-9999,-9999
20120218,-9999,-9999,-9999,-9999,-9999,-9999,-9999,-9999,10.111,8.69,0.842,11.655,2.276,10.111,0.0,8.69,0.842,0.0,11.655,2.276,0.0,260.385,-9999,-9999,113.547,113.547,0.0,-9999,-9999,319.549,319.549,0.0,-9999,-9999,316.875,316.875,0.0,-9999,-9999,3.897,3.897,0.0,102.192,102.192,0.0,0.347,0.347,0.0,3.484,3.484,0.0,-9999,-9999,-9999,-9999,-9999,-9999,-9999,-9999,-9999,-9999,-9999,-9999,-9999,-9999,-9999,-9999,-9999,-9999,-9999,1.0,41.5229,0.0,54.2057,-9999,-9999,-9999,-9999,128.803,0.0,168.145,-9999,-9999,-9999,-9999,11.0,3,25,23,0,0,3.0428,0.0,-9999,-9999,3.08106,0.0,-9999,-9999,3.04695,0.0,0.00284229,3.01174,3.02872,3.03425,3.05375,3.05847,3.05847,3.06432,0.0,0.0,0.0,0.0,0.0,0.0,0.0,3.16714,0.311309,0.0,-9999,-9999,2.67679,0.284111,0.0,-9999,-9999,3.16714,0.311309,0.0,-9999,-9999,2.75373,0.341391,0.0,-9999,-9999,3.12616,3.12616,3.12616,3.15323,3.19094,3.1913,3.20154,0.0,0.0,0.0,0.0,0.0,0.0,0.0,2.60618,2.6253,2.62851,2.67759,2.75285,2.75285,2.75373,0.0,0.0,0.0,0.0,0.0,0.0,0.0,2.90774,2.8608,2.92727,0.0130014,2.84095,2.86187,2.86554,2.86939,2.97874,3.01086,3.06321,-0.146009,-0.220262,-0.119641,0.0155862,-0.23068,-0.197869,-0.193715,-0.189082,-0.0531089,-0.00967458,0.0289587,2.95588,3.04082,3.14479,0.0397348,2.79687,2.85613,2.95413,3.14962,3.2684,3.55154,3.56228,0.847302,0.774088,0.739275,0.0336846,0.281176,0.455717,0.702118,0.716867,0.847302,1.0604,1.06563,-9999,-9999
20120219,-9999,-9999,-9999,-9999,-9999,-9999,-9999,-9999,7.677,5.716,1.312,9.808,3.457,7.677,0.0,5.716,1.312,0.0,9.808,3.457,0.0,263.058,-9999,-9999,173.057,173.057,0.0,-9999,-9999,298.142,298.142,0.0,-9999,-9999,291.924,291.924,0.0,-9999,-9999,5.211,5.211,0.0,102.003,102.003,0.0,0.0,0.0,0.0,2.744,2.744,0.0,-9999,0.0,-9999,0.0,-9999,0.0,-9999,0.0,-9999,0.0,-9999,0.0,-9999,-9999,-9999,-9999,-9999,-9999,-9999,1.0,42.5628,0.0,54.7192,-9999,-9999,-9999,-9999,125.13,0.0,160.868,-9999,-9999,-9999,-9999,11.0,3,25,23,0,0,3.13641,0.0,-9999,-9999,3.13641,0.0,-9999,-9999,3.13576,0.0,0.00261442,3.09134,3.12171,3.13641,3.13641,3.1399,3.15365,3.16041,0.0,0.0,0.0,0.0,0.0,0.0,0.0,3.34684,0.530532,0.0,-9999,-9999,2.66973,0.560964,0.0,-9999,-9999,3.34684,0.530532,0.0,-9999,-9999,2.66973,0.560964,0.0,-9999,-9999,3.30138,3.34684,3.34684,3.34684,3.35507,3.39125,3.40041,0.0,0.0,0.0,0.0,0.0,0.0,0.0,2.6285,2.6285,2.63123,2.66973,2.66973,2.66973,2.66973,0.0,0.0,0.0,0.0,0.0,0.0,0.0,2.64996,2.61297,2.68075,0.0137376,2.58568,2.61445,2.61953,2.62483,2.73265,2.77711,2.82162,-0.510457,-0.523437,-0.45501,0.0143617,-0.550734,-0.521956,-0.516883,-0.511576,-0.389062,-0.33203,-0.304263,2.67069,2.77074,2.89804,0.0360702,2.60002,2.61389,2.67069,2.95269,2.9938,3.22033,3.23065,0.93742,0.853007,0.826746,0.0328482,0.425093,0.568331,0.778324,0.792763,0.93742,1.15548,1.16018,-9999,-9999
20120220,-9999,-9999,-9999,-9999,-9999,-9999,-9999,-9999,9.081,7.511,1.542,10.788,2.274,9.081,0.0,7.511,1.542,0.0,10.788,2.274,0.0,265.75,-9999,-9999,118.949,118.949,0.0,-9999,-9999,330.453,330.453,0.0,-9999,-9999,329.585,329.585,0.0,-9999,-9999,3.4,3.4,0.0,102.184,102.184,0.0,0.81,0.81,0.0,1.863,1.863,0.0,-9999,0.0,-9999,0.0,-9999,0.0,-9999,0.0,-9999,0.0,-9999,0.0,-9999,-9999,-9999,-9999,-9999,-9999,-9999,1.0,41.6425,0.0,52.7478,-9999,-9999,-9999,-9999,125.513,0.0,158.986,-9999,-9999,-9999,-9999,11.0,3,25,23,0,0,3.1408,0.0,-9999,-9999,3.19988,0.0,-9999,-9999,3.15992,0.0,0.00672774,3.09034,3.11818,3.12226,3.15375,3.19988,3.19988,3.19988,0.0,0.0,0.0,0.0,0.0,0.0,0.0,3.23598,0.377936,0.0,-9999,-9999,2.79906,0.359345,0.0,-9999,-9999,3.23598,0.377936,0.0,-9999,-9999,2.91789,0.41531,0.0,-9999,-9999,3.23598,3.23598,3.23598,3.23598,3.26674,3.26786,3.27826,0.0,0.0,0.0,0.0,0.0,0.0,0.0,2.66776,2.71871,2.72013,2.79906,2.91789,2.91789,2.91789,0.0,0.0,0.0,0.0,0.0,0.0,0.0,2.7984,2.7558,2.82295,0.0133348,2.7326,2.75706,2.76136,2.76586,2.87472,2.91234,2.96131,-0.355349,-0.444083,-0.336929,0.0196358,-0.467289,-0.440429,-0.437876,-0.429519,-0.243455,-0.196263,-0.160945,2.83435,2.92625,3.04052,0.0379388,2.71424,2.76999,2.83435,3.06632,3.1447,3.41067,3.42124,0.878142,0.801587,0.766449,0.0344791,0.294803,0.480085,0.728012,0.740927,0.878142,1.09539,1.10058,-9999,-9999
20120221,-9999,-9999,-9999,-9999,-9999,-9999,-9999,-9999,12.667,10.287,4.301,15.254,5.649,12.667,0.0,10.287,4.301,0.0,15.254,5.649,0.0,268.46,-9999,-9999,188.708,188.708,0.0,-9999,-9999,317.421,317.421,0.0,-9999,-9999,314.395,314.395,0.0,-9999,-9999,6.126,6.126,0.0,102.495,102.495,0.0,0.0,0.0,0.0,3.554,3.554,0.0,-9999,0.0,-9999,0.0,-9999,0.0,-9999,0.0,-9999,0.0,-9999,0.0,-9999,-9999,-9999,-9999,-9999,-9999,-12.544,0.979167,41.5229,0.0,51.8637,-9999,-9999,-9999,-9999,128.803,0.0,160.88,-9999,-9999,-9999,-9999,11.0,3,25,23,0,0,3.0428,0.0,-9999,-9999,3.08106,0.0,-9999,-9999,3.04695,0.0,0.00284229,3.01174,3.02872,3.03425,3.05375,3.05847,3.05847,3.06432,0.0,0.0,0.0,0.0,0.0,0.0,0.0,3.16714,0.311309,0.0,-9999,-9999,2.67679,0.284111,0.0,-9999,-9999,3.16714,0.311309,0.0,-9999,-9999,2.75373,0.341391,0.0,-9999,-9999,3.12616,3.12616,3.12616,3.15323,3.19094,3.1913,3.20154,0.0,0.0,0.0,0.0,0.0,0.0,0.0,2.60618,2.6253,2.62851,2.67759,2.75285,2.75285,2.75373,0.0,0.0,0.0,0.0,0.0,0.0,0.0,3.17952,3.12008,3.18315,0.0118733,3.11131,3.12056,3.12219,3.12391,3.23237,3.24735,3.30875,0.125769,0.0390231,0.136243,0.0144423,0.0386056,0.0582777,0.0633737,0.0671603,0.200524,0.226817,0.274502,3.26562,3.32572,3.39891,0.0460544,2.99078,3.10786,3.2584,3.33083,3.57638,3.90689,3.91783,0.972147,0.878598,0.849714,0.033773,0.460019,0.594318,0.783436,0.813066,0.972147,1.19376,1.19837,-9999,-9999
20120222,-9999,-9999,-9999,-9999,-9999,-9999,-9999,-9999,14.968,12.843,2.374,17.277,5.271,14.968,0.0,12.843,2.374,0.0,17.277,5.271,0.0,271.185,-9999,-9999,198.62,198.62,0.0,-9999,-9999,312.163,312.163,0.0,-9999,-9999,308.266,308.266,0.0,-9999,-9999,8.612,8.612,0.0,102.365,102.365,0.0,0.0,0.0,0.0,4.481,4.481,0.0,-9999,0.0,-9999,0.0,-9999,0.0,-9999,0.0,-9999,0.0,-9999,0.0,-9999,-9999,-9999,-9999,-9999,-9999,8.07643,0.0,42.5628,0.0,52.4118,-9999,-9999,-9999,-9999,125.13,0.0,154.085,-9999,-9999,-9999,-9999,11.0,3,25,23,0,0,3.13641,0.0,-9999,-9999,3.13641,0.0,-9999,-9999,3.13576,0.0,0.00261442,3.09134,3.12171,3.13641,3.13641,3.1399,3.15365,3.16041,0.0,0.0,0.0,0.0,0.0,0.0,0.0,3.34684,0.530532,0.0,-9999,-9999,2.66973,0.560964,0.0,-9999,-9999,3.34684,0.530532,0.0,-9999,-9999,2.66973,0.560964,0.0,-9999,-9999,3.30138,3.34684,3.34684,3.34684,3.35507,3.39125,3.40041,0.0,0.0,0.0,0.0,0.0,0.0,0.0,2.6285,2.6285,2.63123,2.66973,2.66973,2.66973,2.66973,0.0,0.0,0.0,0.0,0.0,0.0,0.0,3.42339,3.35371,3.41472,0.0112993,3.35331,3.35374,3.35382,3.35391,3.46441,3.46702,3.53355,0.262982,0.217305,0.278963,0.0114209,0.216898,0.217328,0.217412,0.217503,0.34109,0.373038,0.379905,3.53913,3.5813,3.62989,0.0527649,3.17144,3.33552,3.46863,3.52166,3.85244,4.22275,4.23399,0.986256,0.884088,0.850064,0.0349698,0.474798,0.592401,0.761956,0.82526,0.986256,1.20945,1.21403,-9999,-9999
20120223,-9999,-9999,-9999,-9999,-9999,-9999,-9999,-9999,15.392,13.68,2.513,17.254,3.868,15.392,0.0,13.68,2.513,0.0,17.254,3.868,0.0,273.925,-9999,-9999,200.615,200.615,0.0,-9999,-9999,307.283,307.283,0.0,-9999,-9999,302.578,302.578,0.0,-9999,-9999,11.599,11.599,0.0,101.731,101.731,0.0,0.0,0.0,0.0,6.287,6.287,0.0,-9999,0.0,-9999,0.0,-9999,0.0,-9999,0.0,-9999,0.0,-9999,0.0,-9999,-9999,-9999,-9999,-9999,-9999,9.76183,0.0,41.6425,0.0,50.8243,-9999,-9999,-9999,-9999,125.513,0.0,153.188,-9999,-9999,-9999,-9999,11.0,3,25,23,0,0,3.1408,0.0,-9999,-9999,3.19988,0.0,-9999,-9999,3.15992,0.0,0.00672774,3.09034,3.11818,3.12226,3.15375,3.19988,3.19988,3.19988,0.0,0.0,0.0,0.0,0.0,0.0,0.0,3.23598,0.377936,0.0,-9999,-9999,2.79906,0.359345,0.0,-9999,-9999,3.23598,0.377936,0.0,-9999,-9999,2.91789,0.41531,0.0,-9999,-9999,3.23598,3.23598,3.23598,3.23598,3.26674,3.26786,3.27826,0.0,0.0,0.0,0.0,0.0,0.0,0.0,2.66776,2.71871,2.72013,2.79906,2.91789,2.91789,2.91789,0.0,0.0,0.0,0.0,0.0,0.0,0.0,3.46903,3.39759,3.45836,0.0112433,3.39721,3.39733,3.39734,3.3985,3.50657,3.51319,3.57631,0.315284,0.197703,0.298476,0.0177064,0.197322,0.197445,0.197455,0.198705,0.384493,0.397182,0.454059,3.58959,3.62911,3.67353,0.05404,3.20625,3.37841,3.51223,3.55686,3.90405,4.28137,4.29269,0.991371,0.883624,0.845243,0.0360253,0.472291,0.584228,0.739085,0.829587,0.991371,1.21555,1.22014,-9999,-9999
20120224,-9999,-9999,-9999,-9999,-9999,-9999,-9999,-9999,13.7,11.146,2.348,16.475,5.388,13.7,0.0,11.146,2.348,0.0,16.475,5.388,0.0,276.679,-9999,-9999,202.307,202.307,0.0,-9999,-9999,303.531,303.531,0.0,-9999,-9999,298.205,298.205,0.0,-9999,-9999,9.878,9.878,0.0,101.869,101.869,0.0,0.0,0.0,0.0,2.809,2.809,0.0,-9999,0.0,-9999,0.0,-9999,0.0,-9999,0.0,-9999,0.0,-9999,0.0,-9999,-9999,-9999,-9999,-9999,-9999,9.1544,0.0,41.5229,0.0,50.5167,-9999,-9999,-9999,-9999,128.803,0.0,156.702,-9999,-9999,-9999,-9999,11.0,3,25,23,0,0,3.0428,0.0,-9999,-9999,3.08106,0.0,-9999,-9999,3.04695,0.0,0.00284229,3.01174,3.02872,3.03425,3.05375,3.05847,3.05847,3.06432,0.0,0.0,0.0,0.0,0.0,0.0,0.0,3.16714,0.311309,0.0,-9999,-9999,2.67679,0.284111,0.0,-9999,-9999,3.16714,0.311309,0.0,-9999,-9999,2.75373,0.341391,0.0,-9999,-9999,3.12616,3.12616,3.12616,3.15323,3.19094,3.1913,3.20154,0.0,0.0,0.0,0.0,0.0,0.0,0.0,2.60618,2.6253,2.62851,2.67759,2.75285,2.75285,2.75373,0.0,0.0,0.0,0.0,0.0,0.0,0.0,3.28877,3.22492,3.28726,0.0116347,3.2196,3.22521,3.22621,3.22725,3.33613,3.34551,3.4103,0.235017,0.143867,0.24035,0.0141872,0.146571,0.16213,0.167525,0.169823,0.304285,0.324975,0.376054,3.38731,3.4402,3.50294,0.0488696,3.07297,3.21018,3.37648,3.40992,3.69999,4.04782,4.05891,0.995848,0.890089,0.853669,0.0357066,0.479179,0.592728,0.755529,0.833374,0.995848,1.22087,1.22548,-9999,-9999
20120225,-9999,-9999,-9999,-9999,-9999,-9999,-9999,-9999,10.082,8.724,1.581,11.558,2.584,10.082,0.0,8.724,1.581,0.0,11.558,2.584,0.0,279.447,-9999,-9999,206.072,206.072,0.0,-9999,-9999,283.802,283.802,0.0,-9999,-9999,275.209,275.209,0.0,-9999,-9999,6.394,6.394,0.0,102.564,102.564,0.0,0.0,0.0,0.0,4.723,4.723,0.0,-9999,-9999,-9999,-9999,-9999,-9999,-9999,-9999,-9999,-9999,-9999,-9999,-9999,-9999,-9999,-9999,-9999,-9999,8.07643,0.0,42.5628,0.0,51.8099,-9999,-9999,-9999,-9999,125.13,0.0,152.315,-9999,-9999,-9999,-9999,11.0,3,25,23,0,0,3.13641,0.0,-9999,-9999,3.13641,0.0,-9999,-9999,3.13576,0.0,0.00261442,3.09134,3.12171,3.13641,3.13641,3.1399,3.15365,3.16041,0.0,0.0,0.0,0.0,0.0,0.0,0.0,3.34684,0.530532,0.0,-9999,-9999,2.66973,0.560964,0.0,-9999,-9999,3.34684,0.530532,0.0,-9999,-9999,2.66973,0.560964,0.0,-9999,-9999,3.30138,3.34684,3.34684,3.34684,3.35507,3.39125,3.40041,0.0,0.0,0.0,0.0,0.0,0.0,0.0,2.6285,2.6285,2.63123,2.66973,2.66973,2.66973,2.66973,0.0,0.0,0.0,0.0,0.0,0.0,0.0,2.90481,2.85792,2.92434,0.0129927,2.83809,2.85899,2.86266,2.8665,2.97576,3.00789,3.06018,-0.255603,-0.278495,-0.211421,0.0134946,-0.298324,-0.277421,-0.273748,-0.269907,-0.14595,-0.0934732,-0.0834505,2.95291,3.03775,3.1418,0.0396928,2.7942,2.85326,2.95116,3.14677,3.2651,3.54797,3.55869,0.997228,0.905416,0.882449,0.0331658,0.504526,0.631448,0.825403,0.840879,0.997228,1.2225,1.22711,-9999,-9999
20120226,-9999,-9999,-9999,-9999,-9999,-9999,-9999,-9999,7.92,6.314,2.022,9.666,4.012,7.92,0.0,6.314,2.022,0.0,9.666,4.012,0.0,282.226,-9999,-9999,184.69,184.69,0.0,-9999,-9999,290.96,290.96,0.0,-9999,-9999,283.553,283.553,0.0,-9999,-9999,6.561,6.561,0.0,101.653,101.653,0.0,0.0,0.0,0.0,3.131,3.131,0.0,-9999,0.0,-9999,0.0,-9999,0.0,-9999,0.0,-9999,0.0,-9999,0.0,-9999,-9999,-9999,-9999,-9999,-9999,9.76183,0.0,41.6425,0.0,50.7289,-9999,-9999,-9999,-9999,125.513,0.0,152.9,-9999,-9999,-9999,-9999,11.0,3,25,23,0,0,3.1408,0.0,-9999,-9999,3.19988,0.0,-9999,-9999,3.15992,0.0,0.00672774,3.09034,3.11818,3.12226,3.15375,3.19988,3.19988,3.19988,0.0,0.0,0.0,0.0,0.0,0.0,0.0,3.23598,0.377936,0.0,-9999,-9999,2.79906,0.359345,0.0,-9999,-9999,3.23598,0.377936,0.0,-9999,-9999,2.91789,0.41531,0.0,-9999,-9999,3.23598,3.23598,3.23598,3.23598,3.26674,3.26786,3.27826,0.0,0.0,0.0,0.0,0.0,0.0,0.0,2.66776,2.71871,2.72013,2.79906,2.91789,2.91789,2.91789,0.0,0.0,0.0,0.0,0.0,0.0,0.0,2.67618,2.63809,2.70563,0.0136299,2.6117,2.63952,2.64442,2.64955,2.7574,2.80039,2.84574,-0.477567,-0.561799,-0.454257,0.0198796,-0.588182,-0.557636,-0.554727,-0.545199,-0.36078,-0.308209,-0.276517,2.70013,2.79822,2.92281,0.0363492,2.61935,2.64253,2.70013,2.97132,3.02188,3.25431,3.26467,0.977436,0.888095,0.861715,0.0337659,0.453313,0.601726,0.808284,0.823065,0.977436,1.20189,1.20663,-9999,-9999
20120227,-9999,-9999,-9999,-9999,-9999,-9999,-9999,-9999,7.995,6.612,1.578,9.499,2.191,7.995,0.0,6.612,1.578,0.0,9.499,2.191,0.0,285.016,-9999,-9999,168.43,168.43,0.0,-9999,-9999,311.749,311.749,0.0,-9999,-9999,307.784,307.784,0.0,-9999,-9999,4.502,4.502,0.0,101.104,101.104,0.0,0.811,0.811,0.0,2.099,2.099,0.0,-9999,0.0,-9999,0.0,-9999,0.0,-9999,0.0,-9999,0.0,-9999,0.0,-9999,-9999,-9999,-9999,-9999,-9999,9.1544,0.0,41.5229,0.0,50.6394,-9999,-9999,-9999,-9999,128.803,0.0,157.082,-9999,-9999,-9999,-9999,11.0,3,25,23,0,0,3.0428,0.0,-9999,-9999,3.08106,0.0,-9999,-9999,3.04695,0.0,0.00284229,3.01174,3.02872,3.03425,3.05375,3.05847,3.05847,3.06432,0.0,0.0,0.0,0.0,0.0,0.0,0.0,3.16714,0.311309,0.0,-9999,-9999,2.67679,0.284111,0.0,-9999,-9999,3.16714,0.311309,0.0,-9999,-9999,2.75373,0.341391,0.0,-9999,-9999,3.12616,3.12616,3.12616,3.15323,3.19094,3.1913,3.20154,0.0,0.0,0.0,0.0,0.0,0.0,0.0,2.60618,2.6253,2.62851,2.67759,2.75285,2.75285,2.75373,0.0,0.0,0.0,0.0,0.0,0.0,0.0,2.68312,2.6451,2.71297,0.0137065,2.61837,2.64655,2.65152,2.65671,2.76503,2.80842,2.85384,-0.370626,-0.435953,-0.333941,0.0162811,-0.452603,-0.411915,-0.40915,-0.401761,-0.266815,-0.212108,-0.180406,2.70628,2.80547,2.93056,0.0364365,2.62706,2.64849,2.70628,2.98,3.03036,3.26219,3.2726,0.965774,0.878885,0.850251,0.0343553,0.414848,0.58108,0.801828,0.816671,0.965774,1.19088,1.19575,-9999,-9999
20120228,-9999,-9999,-9999,-9999,-9999,-9999,-9999,-9999,7.552,5.889,2.225,9.36,2.783,7.552,0.0,5.889,2.225,0.0,9.36,2.783,0.0,287.814,-9999,-9999,164.242,164.242,0.0,-9999,-9999,301.925,301.925,0.0,-9999,-9999,296.333,296.333,0.0,-9999,-9999,4.599,4.599,0.0,101.805,101.805,0.0,0.0,0.0,0.0,3.263,3.263,0.0,-9999,0.0,-9999,0.0,-9999,0.0,-9999,0.0,-9999,0.0,-9999,0.0,-9999,-9999,-9999,-9999,-9999,-9999,8.07643,0.0,42.5628,0.0,52.0289,-9999,-9999,-9999,-9999,125.13,0.0,152.959,-9999,-9999,-9999,-9999,11.0,3,25,23,0,0,3.13641,0.0,-9999,-9999,3.13641,0.0,-9999,-9999,3.13576,0.0,0.00261442,3.09134,3.12171,3.13641,3.13641,3.1399,3.15365,3.16041,0.0,0.0,0.0,0.0,0.0,0.0,0.0,3.34684,0.530532,0.0,-9999,-9999,2.66973,0.560964,0.0,-9999,-9999,3.34684,0.530532,0.0,-9999,-9999,2.66973,0.560964,0.0,-9999,-9999,3.30138,3.34684,3.34684,3.34684,3.35507,3.39125,3.40041,0.0,0.0,0.0,0.0,0.0,0.0,0.0,2.6285,2.6285,2.63123,2.66973,2.66973,2.66973,2.66973,0.0,0.0,0.0,0.0,0.0,0.0,0.0,2.6368,2.60039,2.66829,0.0137954,2.57261,2.60189,2.60705,2.61245,2.72027,2.76549,2.80957,-0.523615,-0.536024,-0.467468,0.0144261,-0.563802,-0.534517,-0.529356,-0.523955,-0.401442,-0.344077,-0.315207,2.65585,2.75695,2.88562,0.0359406,2.59037,2.60164,2.65585,2.94343,2.9831,3.20323,3.21354,0.966164,0.879387,0.849634,0.0347139,0.404692,0.57591,0.802072,0.816851,0.966164,1.19204,1.19695,-9999,-9999
20120229,-9999,-9999,-9999,-9999,-9999,-9999,-9999,-9999,7.486,5.823,1.93,9.293,2.763,7.486,0.0,5.823,1.93,0.0,9.293,2.763,0.0,290.621,-9999,-9999,161.797,161.797,0.0,-9999,-9999,311.386,311.386,0.0,-9999,-9999,307.361,307.361,0.0,-9999,-9999,3.988,3.988,0.0,102.112,102.112,0.0,0.163,0.163,0.0,3.288,3.288,0.0,-9999,0.0,-9999,0.0,-9999,0.0,-9999,0.0,-9999,0.0,-9999,0.0,-9999,-9999,-9999,-9999,-9999,-9999,9.76183,0.0,41.6425,0.0,51.1485,-9999,-9999,-9999,-9999,125.513,0.0,154.165,-9999,-9999,-9999,-9999,11.0,3,25,23,0,0,3.1408,0.0,-9999,-9999,3.19988,0.0,-9999,-9999,3.15992,0.0,0.00672774,3.09034,3.11818,3.12226,3.15375,3.19988,3.19988,3.19988,0.0,0.0,0.0,0.0,0.0,0.0,0.0,3.23598,0.377936,0.0,-9999,-9999,2.79906,0.359345,0.0,-9999,-9999,3.23598,0.377936,0.0,-9999,-9999,2.91789,0.41531,0.0,-9999,-9999,3.23598,3.23598,3.23598,3.23598,3.26674,3.26786,3.27826,0.0,0.0,0.0,0.0,0.0,0.0,0.0,2.66776,2.71871,2.72013,2.79906,2.91789,2.91789,2.91789,0.0,0.0,0.0,0.0,0.0,0.0,0.0,2.62971,2.5936,2.66158,0.0138268,2.56557,2.59512,2.60033,2.60578,2.7136,2.75922,2.80308,-0.524038,-0.606282,-0.498306,0.0200502,-0.634318,-0.601859,-0.598768,-0.588644,-0.404579,-0.349377,-0.317566,2.64786,2.74952,2.87894,0.0358741,2.58513,2.59504,2.64786,2.93845,2.97864,3.19402,3.20432,0.949061,0.864281,0.835023,0.0342592,0.398586,0.563952,0.787654,0.801991,0.949061,1.17365,1.17867,-9999,-9999
20120301,-9999,-9999,-9999,-9999,-9999,-9999,-9999,-9999,7.544,6.13,1.577,9.082,1.539,7.544,0.0,6.13,1.577,0.0,9.082,1.539,0.0,293.436,-9999,-9999,71.779,71.779,0.0,-9999,-9999,324.097,324.097,0.0,-9999,-9999,322.177,322.177,0.0,-9999,-9999,1.938,1.938,0.0,102.428,102.428,0.0,2.694,2.694,0.0,3.545,3.545,0.0,-9999,0.0,-9999,0.0,-9999,0.0,-9999,0.0,-9999,0.0,-9999,0.0,-9999,-9999,-9999,-9999,-9999,-9999,9.1544,0.0,41.5229,0.0,51.3928,-9999,-9999,-9999,-9999,128.803,0.0,159.42,-9999,-9999,-9999,-9999,11.0,3,25,23,0,0,3.0428,0.0,-9999,-9999,3.08106,0.0,-9999,-9999,3.04695,0.0,0.00284229,3.01174,3.02872,3.03425,3.05375,3.05847,3.05847,3.06432,0.0,0.0,0.0,0.0,0.0,0.0,0.0,3.16714,0.311309,0.0,-9999,-9999,2.67679,0.284111,0.0,-9999,-9999,3.16714,0.311309,0.0,-9999,-9999,2.75373,0.341391,0.0,-9999,-9999,3.12616,3.12616,3.12616,3.15323,3.19094,3.1913,3.20154,0.0,0.0,0.0,0.0,0.0,0.0,0.0,2.60618,2.6253,2.62851,2.67759,2.75285,2.75285,2.75373,0.0,0.0,0.0,0.0,0.0,0.0,0.0,2.63523,2.59912,2.66728,0.0138681,2.57092,2.60065,2.60589,2.61136,2.71947,2.76527,2.80921,-0.418516,-0.481938,-0.37963,0.0164389,-0.499917,-0.45782,-0.454903,-0.447104,-0.312377,-0.255266,-0.22197,2.65306,2.75529,2.88489,0.0359421,2.59078,2.60061,2.65306,2.94466,2.98469,3.2005,3.21083,0.73484,0.675352,0.636542,0.0328286,0.178736,0.34066,0.606764,0.622783,0.73484,0.941261,0.947186,-9999,-9999
20120302,-9999,-9999,-9999,-9999,-9999,-9999,-9999,-9999,8.594,6.372,2.662,11.009,4.809,8.594,0.0,6.372,2.662,0.0,11.009,4.809,0.0,296.257,-9999,-9999,222.734,222.734,0.0,-9999,-9999,286.4,286.4,0.0,-9999,-9999,278.237,278.237,0.0,-9999,-9999,5.891,5.891,0.0,102.735,102.735,0.0,0.0,0.0,0.0,3.69,3.69,0.0,-9999,0.0,-9999,0.0,-9999,0.0,-9999,0.0,-9999,0.0,-9999,0.0,-9999,-9999,-9999,-9999,-9999,-9999,8.07643,0.0,42.5628,0.0,53.0725,-9999,-9999,-9999,-9999,125.13,0.0,156.027,-9999,-9999,-9999,-9999,11.0,3,25,23,0,0,3.13641,0.0,-9999,-9999,3.13641,0.0,-9999,-9999,3.13576,0.0,0.00261442,3.09134,3.12171,3.13641,3.13641,3.1399,3.15365,3.16041,0.0,0.0,0.0,0.0,0.0,0.0,0.0,3.34684,0.530532,0.0,-9999,-9999,2.66973,0.560964,0.0,-9999,-9999,3.34684,0.530532,0.0,-9999,-9999,2.66973,0.560964,0.0,-9999,-9999,3.30138,3.34684,3.34684,3.34684,3.35507,3.39125,3.40041,0.0,0.0,0.0,0.0,0.0,0.0,0.0,2.6285,2.6285,2.63123,2.66973,2.66973,2.66973,2.66973,0.0,0.0,0.0,0.0,0.0,0.0,0.0,2.7479,2.70666,2.77346,0.0133141,2.68296,2.70795,2.71236,2.71697,2.82477,2.86355,2.91123,-0.412511,-0.429747,-0.3623,0.0138869,-0.453452,-0.428461,-0.424053,-0.41944,-0.296941,-0.242419,-0.222931,2.78118,2.8734,2.99032,0.0372542,2.67155,2.71849,2.78118,3.02155,3.08778,3.34762,3.35805,1.03377,0.936057,0.912062,0.034155,0.542915,0.657019,0.845076,0.870032,1.03377,1.26637,1.27111,-9999,-9999
20120303,-9999,-9999,-9999,-9999,-9999,-9999,-9999,-9999,11.206,8.325,4.721,14.338,6.057,11.206,0.0,8.325,4.721,0.0,14.338,6.057,0.0,299.082,-9999,-9999,219.183,219.183,0.0,-9999,-9999,302.669,302.669,0.0,-9999,-9999,297.201,297.201,0.0,-9999,-9999,7.529,7.529,0.0,102.722,102.722,0.0,0.0,0.0,0.0,2.367,2.367,0.0,-9999,-9999,-9999,-9999,-9999,-9999,-9999,-9999,-9999,-9999,-9999,-9999,-9999,-9999,-9999,-9999,-9999,-9999,9.76183,0.0,41.6425,0.0,52.2857,-9999,-9999,-9999,-9999,125.513,0.0,157.593,-9999,-9999,-9999,-9999,11.0,3,25,23,0,0,3.1408,0.0,-9999,-9999,3.19988,0.0,-9999,-9999,3.15992,0.0,0.00672774,3.09034,3.11818,3.12226,3.15375,3.19988,3.19988,3.19988,0.0,0.0,0.0,0.0,0.0,0.0,0.0,3.23598,0.377936,0.0,-9999,-9999,2.79906,0.359345,0.0,-9999,-9999,3.23598,0.377936,0.0,-9999,-9999,2.91789,0.41531,0.0,-9999,-9999,3.23598,3.23598,3.23598,3.23598,3.26674,3.26786,3.27826,0.0,0.0,0.0,0.0,0.0,0.0,0.0,2.66776,2.71871,2.72013,2.79906,2.91789,2.91789,2.91789,0.0,0.0,0.0,0.0,0.0,0.0,0.0,3.0256,2.97231,3.03635,0.0122447,2.95877,2.97305,2.97558,2.97822,3.08601,3.10875,3.16539,-0.128141,-0.227572,-0.12353,0.0186582,-0.241116,-0.225428,-0.223928,-0.219008,-0.0321663,0.000146514,0.0431392,3.09442,3.16445,3.25211,0.0424572,2.87454,2.96358,3.09006,3.21636,3.40226,3.70851,3.71923,1.03423,0.930464,0.900017,0.0354468,0.527586,0.63828,0.816533,0.865669,1.03423,1.26748,1.27225,-9999,-9999
20120304,-9999,-9999,-9999,-9999,-9999,-9999,-9999,-9999,13.693,10.765,3.519,16.877,6.01,13.693,0.0,10.765,3.519,0.0,16.877,6.01,0.0,301.911,-9999,-9999,220.844,220.844,0.0,-9999,-9999,312.658,312.658,0.0,-9999,-9999,308.843,308.843,0.0,-9999,-9999,7.732,7.732,0.0,102.214,102.214,0.0,0.0,0.0,0.0,1.557,1.557,0.0,-9999,0.0,-9999,0.0,-9999,0.0,-9999,0.0,-9999,0.0,-9999,0.0,-9999,-9999,-9999,-9999,-9999,-9999,9.1544,0.0,41.5229,0.0,52.4686,-9999,-9999,-9999,-9999,128.803,0.0,162.757,-9999,-9999,-9999,-9999,11.0,3,25,23,0,0,3.0428,0.0,-9999,-9999,3.08106,0.0,-9999,-9999,3.04695,0.0,0.00284229,3.01174,3.02872,3.03425,3.05375,3.05847,3.05847,3.06432,0.0,0.0,0.0,0.0,0.0,0.0,0.0,3.16714,0.311309,0.0,-9999,-9999,2.67679,0.284111,0.0,-9999,-9999,3.16714,0.311309,0.0,-9999,-9999,2.75373,0.341391,0.0,-9999,-9999,3.12616,3.12616,3.12616,3.15323,3.19094,3.1913,3.20154,0.0,0.0,0.0,0.0,0.0,0.0,0.0,2.60618,2.6253,2.62851,2.67759,2.75285,2.75285,2.75373,0.0,0.0,0.0,0.0,0.0,0.0,0.0,3.28791,3.22372,3.28568,0.0115517,3.21898,3.22398,3.22487,3.22581,3.33421,3.34285,3.40776,0.234157,0.142662,0.238769,0.0141017,0.145894,0.160768,0.166209,0.168277,0.302362,0.322135,0.373517,3.38809,3.43933,3.501,0.0490051,3.06975,3.20868,3.37396,3.40565,3.69914,4.04788,4.05894,1.03858,0.932235,0.899926,0.0359249,0.528533,0.636423,0.810507,0.869357,1.03858,1.27257,1.27734,-9999,-9999
20120305,-9999,-9999,-9999,-9999,-9999,-9999,-9999,-9999,12.934,9.627,2.086,16.527,5.029,12.934,0.0,9.627,2.086,0.0,16.527,5.029,0.0,304.743,-9999,-9999,225.481,225.481,0.0,-9999,-9999,308.658,308.658,0.0,-9999,-9999,304.181,304.181,0.0,-9999,-9999,6.144,6.144,0.0,101.763,101.763,0.0,0.0,0.0,0.0,1.778,1.778,0.0,-9999,0.0,-9999,0.0,-9999,0.0,-9999,0.0,-9999,0.0,-9999,0.0,-9999,-9999,-9999,-9999,-9999,-9999,8.07643,0.0,42.5628,0.0,54.1389,-9999,-9999,-9999,-9999,125.13,0.0,159.162,-9999,-9999,-9999,-9999,11.0,3,25,23,0,0,3.13641,0.0,-9999,-9999,3.13641,0.0,-9999,-9999,3.13576,0.0,0.00261442,3.09134,3.12171,3.13641,3.13641,3.1399,3.15365,3.16041,0.0,0.0,0.0,0.0,0.0,0.0,0.0,3.34684,0.530532,0.0,-9999,-9999,2.66973,0.560964,0.0,-9999,-9999,3.34684,0.530532,0.0,-9999,-9999,2.66973,0.560964,0.0,-9999,-9999,3.30138,3.34684,3.34684,3.34684,3.35507,3.39125,3.40041,0.0,0.0,0.0,0.0,0.0,0.0,0.0,2.6285,2.6285,2.63123,2.66973,2.66973,2.66973,2.66973,0.0,0.0,0.0,0.0,0.0,0.0,0.0,3.20728,3.14687,3.2099,0.0118453,3.13873,3.14731,3.14883,3.15041,3.25917,3.27304,3.33525,0.0468638,0.0104572,0.0741454,0.0121368,0.00232027,0.0108993,0.0124153,0.014003,0.137461,0.181411,0.181701,3.29587,3.35479,3.42582,0.046694,3.0127,3.13413,3.28826,3.35092,3.60774,3.94224,3.95324,1.04486,0.942539,0.91499,0.0350919,0.545436,0.654986,0.837282,0.874762,1.04486,1.27966,1.28443,-9999,-9999
20120306,-9999,-9999,-9999,-9999,-9999,-9999,-9999,-9999,9.6,8.68,1.059,10.599,2.025,9.6,0.0,8.68,1.059,0.0,10.599,2.025,0.0,307.577,-9999,-9999,204.079,204.079,0.0,-9999,-9999,297.595,297.595,0.0,-9999,-9999,291.286,291.286,0.0,-9999,-9999,6.639,6.639,0.0,101.559,101.559,0.0,0.72,0.72,0.0,6.539,6.539,0.0,-9999,0.0,-9999,0.0,-9999,0.0,-9999,0.0,-9999,0.0,-9999,0.0,-9999,-9999,-9999,-9999,-9999,-9999,9.76183,0.0,41.6425,0.0,53.3399,-9999,-9999,-9999,-9999,125.513,0.0,160.77,-9999,-9999,-9999,-9999,11.0,3,25,23,0,0,3.1408,0.0,-9999,-9999,3.19988,0.0,-9999,-9999,3.15992,0.0,0.00672774,3.09034,3.11818,3.12226,3.15375,3.19988,3.19988,3.19988,0.0,0.0,0.0,0.0,0.0,0.0,0.0,3.23598,0.377936,0.0,-9999,-9999,2.79906,0.359345,0.0,-9999,-9999,3.23598,0.377936,0.0,-9999,-9999,2.91789,0.41531,0.0,-9999,-9999,3.23598,3.23598,3.23598,3.23598,3.26674,3.26786,3.27826,0.0,0.0,0.0,0.0,0.0,0.0,0.0,2.66776,2.71871,2.72013,2.79906,2.91789,2.91789,2.91789,0.0,0.0,0.0,0.0,0.0,0.0,0.0,2.85333,2.80867,2.8756,0.0131965,2.78696,2.80984,2.81386,2.81807,2.92732,2.96242,3.01305,-0.300415,-0.391218,-0.284286,0.0195196,-0.412924,-0.387803,-0.385417,-0.377612,-0.190853,-0.146177,-0.10921,2.89487,2.9838,3.09327,0.0387849,2.75656,2.81065,2.89429,3.10929,3.2068,3.48108,3.49175,1.0285,0.933515,0.90764,0.0348211,0.500028,0.643072,0.848614,0.865138,1.0285,1.26205,1.26687,-9999,-9999
20120307,-9999,-9999,-9999,-9999,-9999,-9999,-9999,-9999,9.855,7.199,2.341,12.511,4.311,9.855,0.0,7.199,2.341,0.0,12.511,4.311,0.0,310.412,-9999,-9999,235.674,235.674,0.0,-9999,-9999,279.199,279.199,0.0,-9999,-9999,269.844,269.844,0.0,-9999,-9999,9.242,9.242,0.0,102.157,102.157,0.0,0.0,0.0,0.0,4.798,4.798,0.0,-9999,0.0,-9999,0.0,-9999,0.0,-9999,0.0,-9999,0.0,-9999,0.0,-9999,-9999,-9999,-9999,-9999,-9999,9.1544,0.0,41.5229,0.0,53.6066,-9999,-9999,-9999,-9999,128.803,0.0,166.287,-9999,-9999,-9999,-9999,11.0,3,24,24,0,0,3.0428,0.0,-9999,-9999,3.08106,0.0,-9999,-9999,3.04695,0.0,0.00284229,3.01174,3.02872,3.03425,3.05375,3.05847,3.05847,3.06432,0.0,0.0,0.0,0.0,0.0,0.0,0.0,3.16242,0.317089,0.0,-9999,-9999,2.70195,0.303962,0.0,-9999,-9999,3.16242,0.317089,0.0,-9999,-9999,2.77568,0.350771,0.0,-9999,-9999,3.11973,3.11973,3.11973,3.14793,3.18721,3.18759,3.19826,0.0,0.0,0.0,0.0,0.0,0.0,0.0,2.63533,2.65259,2.65567,2.70271,2.77483,2.77483,2.77568,0.0,0.0,0.0,0.0,0.0,0.0,0.0,2.88123,2.83472,2.90073,0.0129155,2.81505,2.83579,2.83944,2.84326,2.95172,2.98389,3.03567,-0.172523,-0.246336,-0.146177,0.0155004,-0.256598,-0.223976,-0.219814,-0.215205,-0.0801291,-0.0366417,0.00141708,2.9292,3.01309,3.11763,0.0393605,2.77261,2.83014,2.92737,3.12358,3.2386,3.51928,3.52991,1.0573,0.951342,0.923011,0.0354151,0.567175,0.663779,0.837349,0.885464,1.0573,1.29361,1.29836,-9999,-9999
20120308,-9999,-9999,-9999,-9999,-9999,-9999,-9999,-9999,10.954,7.839,4.233,14.069,5.356,10.954,0.0,7.839,4.233,0.0,14.069,5.356,0.0,313.246,-9999,-9999,234.711,234.711,0.0,-9999,-9999,293.117,293.117,0.0,-9999,-9999,286.067,286.067,0.0,-9999,-9999,8.489,8.489,0.0,102.657,102.657,0.0,0.0,0.0,0.0,2.137,2.137,0.0,-9999,0.0,-9999,0.0,-9999,0.0,-9999,0.0,-9999,0.0,-9999,0.0,-9999,-9999,-9999,-9999,-9999,-9999,8.07643,0.0,42.5628,0.0,55.3674,-9999,-9999,-9999,-9999,125.13,0.0,162.774,-9999,-9999,-9999,-9999,11.0,3,24,24,0,0,3.13641,0.0,-9999,-9999,3.13641,0.0,-9999,-9999,3.13576,0.0,0.00261442,3.09134,3.12171,3.13641,3.13641,3.1399,3.15365,3.16041,0.0,0.0,0.0,0.0,0.0,0.0,0.0,3.31507,0.517073,0.0,-9999,-9999,2.72972,0.622384,0.0,-9999,-9999,3.31507,0.517073,0.0,-9999,-9999,2.72972,0.622384,0.0,-9999,-9999,3.26772,3.31507,3.31507,3.31507,3.32364,3.36133,3.37086,0.0,0.0,0.0,0.0,0.0,0.0,0.0,2.69021,2.69021,2.69282,2.72972,2.72972,2.72972,2.72972,0.0,0.0,0.0,0.0,0.0,0.0,0.0,2.99879,2.94683,3.01131,0.0123825,2.93203,2.94763,2.95039,2.95328,3.06128,3.08592,3.14164,-0.161625,-0.189581,-0.124448,0.0128075,-0.204382,-0.188776,-0.186019,-0.183132,-0.0604292,-0.0121923,-0.00541863,3.06339,3.13633,3.22734,0.0418094,2.8561,2.93893,3.05977,3.20119,3.37183,3.67313,3.68384,1.05902,0.951146,0.920805,0.035889,0.562021,0.658911,0.830664,0.886886,1.05902,1.29575,1.3005,-9999,-9999
20120309,-9999,-9999,-9999,-9999,-9999,-9999,-9999,-9999,12.439,8.923,2.175,15.954,5.602,12.439,0.0,8.923,2.175,0.0,15.954,5.602,0.0,316.079,-9999,-9999,236.557,236.557,0.0,-9999,-9999,298.32,298.32,0.0,-9999,-9999,292.131,292.131,0.0,-9999,-9999,8.159,8.159,0.0,102.582,102.582,0.0,0.0,0.0,0.0,1.937,1.937,0.0,-9999,0.0,-9999,0.0,-9999,0.0,-9999,0.0,-9999,0.0,-9999,0.0,-9999,-9999,-9999,-9999,-9999,-9999,9.76183,0.0,41.6425,0.0,54.5623,-9999,-9999,-9999,-9999,125.513,0.0,164.455,-9999,-9999,-9999,-9999,11.0,3,24,24,0,0,3.1408,0.0,-9999,-9999,3.19988,0.0,-9999,-9999,3.15992,0.0,0.00672774,3.09034,3.11818,3.12226,3.15375,3.19988,3.19988,3.19988,0.0,0.0,0.0,0.0,0.0,0.0,0.0,3.22033,0.377696,0.0,-9999,-9999,2.83292,0.388622,0.0,-9999,-9999,3.22033,0.377696,0.0,-9999,-9999,2.94679,0.43016,0.0,-9999,-9999,3.22033,3.22033,3.22033,3.22033,3.25237,3.25354,3.26437,0.0,0.0,0.0,0.0,0.0,0.0,0.0,2.71027,2.75592,2.75727,2.83292,2.94679,2.94679,2.94679,0.0,0.0,0.0,0.0,0.0,0.0,0.0,3.15489,3.09654,3.15988,0.0119559,3.08683,3.09707,3.09888,3.10078,3.20927,3.22573,3.28632,0.00114498,-0.103341,-2.9186e-07,0.0184005,-0.113053,-0.101805,-0.10073,-0.0972059,0.0910956,0.117126,0.164066,3.23774,3.29991,3.37578,0.04541,2.97296,3.08497,3.23108,3.31563,3.54849,3.87481,3.88573,1.06298,0.95187,0.919019,0.0365068,0.561321,0.654844,0.819906,0.890284,1.06298,1.30022,1.30496,-9999,-9999
20120310,-9999,-9999,-9999,-9999,-9999,-9999,-9999,-9999,10.137,8.016,2.003,12.088,4.338,10.137,0.0,8.016,2.003,0.0,12.088,4.338,0.0,318.91,-9999,-9999,230.558,230.558,0.0,-9999,-9999,300.746,300.746,0.0,-9999,-9999,294.959,294.959,0.0,-9999,-9999,4.86,4.86,0.0,101.858,101.858,0.0,0.04,0.04,0.0,2.899,2.899,0.0,-9999,-9999,-9999,-9999,-9999,-9999,-9999,-9999,-9999,-9999,-9999,-9999,-9999,-9999,-9999,-9999,-9999,-9999,9.1544,0.0,41.5229,0.0,54.7345,-9999,-9999,-9999,-9999,128.803,0.0,169.786,-9999,-9999,-9999,-9999,11.0,3,23,25,0,0,3.0428,0.0,-9999,-9999,3.08106,0.0,-9999,-9999,3.04695,0.0,0.00284229,3.01174,3.02872,3.03425,3.05375,3.05847,3.05847,3.06432,0.0,0.0,0.0,0.0,0.0,0.0,0.0,3.18611,0.301723,0.0,-9999,-9999,2.69857,0.29804,0.0,-9999,-9999,3.18611,0.301723,0.0,-9999,-9999,2.76936,0.344838,0.0,-9999,-9999,3.14388,3.14388,3.14388,3.17099,3.21114,3.21439,3.22054,0.0,0.0,0.0,0.0,0.0,0.0,0.0,2.62292,2.6505,2.65332,2.70007,2.76641,2.76641,2.76936,0.0,0.0,0.0,0.0,0.0,0.0,0.0,2.9111,2.86352,2.92946,0.0128589,2.84458,2.86455,2.86806,2.87174,2.98047,3.01138,3.06403,-0.142654,-0.217539,-0.117448,0.0154441,-0.22714,-0.195393,-0.191166,-0.186733,-0.0513749,-0.00914849,0.0297866,2.96187,3.04437,3.14646,0.0398802,2.79597,2.85836,2.95957,3.14743,3.27235,3.5574,3.56808,1.05725,0.959844,0.938136,0.0343782,0.563286,0.679937,0.876301,0.893266,1.05725,1.29443,1.29922,-9999,-9999
20120311,-9999,-9999,-9999,-9999,-9999,-9999,-9999,-9999,8.947,7.706,0.982,10.089,1.708,8.947,0.0,7.706,0.982,0.0,10.089,1.708,0.0,321.738,-9999,-9999,84.132,84.132,0.0,-9999,-9999,332.394,332.394,0.0,-9999,-9999,331.847,331.847,0.0,-9999,-9999,2.562,2.562,0.0,101.785,101.785,0.0,1.042,1.042,0.0,2.772,2.772,0.0,-9999,0.0,-9999,0.0,-9999,0.0,-9999,0.0,-9999,0.0,-9999,0.0,-9999,-9999,-9999,-9999,-9999,-9999,8.07643,0.0,42.5628,0.0,56.3137,-9999,-9999,-9999,-9999,125.13,0.0,165.556,-9999,-9999,-9999,-9999,11.0,3,23,25,0,0,3.13641,0.0,-9999,-9999,3.13641,0.0,-9999,-9999,3.13576,0.0,0.00261442,3.09134,3.12171,3.13641,3.13641,3.1399,3.15365,3.16041,0.0,0.0,0.0,0.0,0.0,0.0,0.0,3.33772,0.516377,0.0,-9999,-9999,2.73229,0.609416,0.0,-9999,-9999,3.33772,0.516377,0.0,-9999,-9999,2.73229,0.609416,0.0,-9999,-9999,3.30379,3.33772,3.33772,3.33772,3.35158,3.38599,3.41633,0.0,0.0,0.0,0.0,0.0,0.0,0.0,2.68012,2.68283,2.69234,2.73229,2.73229,2.73229,2.73229,0.0,0.0,0.0,0.0,0.0,0.0,0.0,2.78387,2.74199,2.80939,0.0134205,2.71811,2.74329,2.74772,2.75235,2.86132,2.89997,2.94844,-0.376544,-0.394416,-0.326373,0.0139875,-0.4183,-0.393123,-0.388695,-0.384065,-0.26039,-0.205212,-0.186858,2.81755,2.91101,3.02711,0.0377175,2.70425,2.75404,2.81755,3.05663,3.12822,3.39151,3.40208,0.871997,0.799359,0.753925,0.0381604,0.209907,0.414932,0.721183,0.740711,0.871997,1.10513,1.11133,-9999,-9999
20120312,-9999,-9999,-9999,-9999,-9999,-9999,-9999,-9999,9.833,7.622,3.042,11.868,3.842,9.833,0.0,7.622,3.042,0.0,11.868,3.842,0.0,324.56,-9999,-9999,203.981,203.981,0.0,-9999,-9999,317.232,317.232,0.0,-9999,-9999,314.174,314.174,0.0,-9999,-9999,4.719,4.719,0.0,101.606,101.606,0.0,0.0,0.0,0.0,3.965,3.965,0.0,-9999,0.0,-9999,0.0,-9999,0.0,-9999,0.0,-9999,0.0,-9999,0.0,-9999,-9999,-9999,-9999,-9999,-9999,9.76183,0.0,41.6425,0.0,55.1192,-9999,-9999,-9999,-9999,125.513,0.0,166.133,-9999,-9999,-9999,-9999,11.0,3,23,25,0,0,3.1408,0.0,-9999,-9999,3.19988,0.0,-9999,-9999,3.15992,0.0,0.00672774,3.09034,3.11818,3.12226,3.15375,3.19988,3.19988,3.19988,0.0,0.0,0.0,0.0,0.0,0.0,0.0,3.24161,0.37117,0.0,-9999,-9999,2.82883,0.380989,0.0,-9999,-9999,3.24161,0.37117,0.0,-9999,-9999,2.93815,0.423315,0.0,-9999,-9999,3.24161,3.24161,3.24161,3.24161,3.27627,3.2824,3.28758,0.0,0.0,0.0,0.0,0.0,0.0,0.0,2.69486,2.75388,2.75699,2.82883,2.93815,2.93815,2.93815,0.0,0.0,0.0,0.0,0.0,0.0,0.0,2.87918,2.83285,2.89897,0.0129467,2.81296,2.83393,2.83762,2.84148,2.95005,2.98252,3.03419,-0.274569,-0.367035,-0.260917,0.0192914,-0.386922,-0.3639,-0.361709,-0.354537,-0.168128,-0.126085,-0.0880638,2.92647,3.01093,3.11594,0.0393096,2.77169,2.82839,2.92478,3.12288,3.23624,3.51633,3.52697,1.03236,0.938528,0.913187,0.0350129,0.500407,0.645047,0.856967,0.873129,1.03236,1.2689,1.27388,-9999,-9999
20120313,-9999,-9999,-9999,-9999,-9999,-9999,-9999,-9999,11.07,10.856,0.769,11.266,0.338,11.07,0.0,10.856,0.769,0.0,11.266,0.338,0.0,327.378,-9999,-9999,14.865,14.865,0.0,-9999,-9999,371.105,371.105,0.0,-9999,-9999,376.968,376.968,0.0,-9999,-9999,1.72,1.72,0.0,101.498,101.498,0.0,16.677,16.677,0.0,6.689,6.689,0.0,-9999,0.0,-9999,0.0,-9999,0.0,-9999,0.0,-9999,0.0,-9999,0.0,-9999,-9999,-9999,-9999,-9999,-9999,9.1544,0.0,41.5229,0.0,54.911,-9999,-9999,-9999,-9999,128.803,0.0,170.333,-9999,-9999,-9999,-9999,11.0,3,23,25,0,0,3.0428,0.0,-9999,-9999,3.08106,0.0,-9999,-9999,3.04695,0.0,0.00284229,3.01174,3.02872,3.03425,3.05375,3.05847,3.05847,3.06432,0.0,0.0,0.0,0.0,0.0,0.0,0.0,3.18611,0.301723,0.0,-9999,-9999,2.69857,0.29804,0.0,-9999,-9999,3.18611,0.301723,0.0,-9999,-9999,2.76936,0.344838,0.0,-9999,-9999,3.14388,3.14388,3.14388,3.17099,3.21114,3.21439,3.22054,0.0,0.0,0.0,0.0,0.0,0.0,0.0,2.62292,2.6505,2.65332,2.70007,2.76641,2.76641,2.76936,0.0,0.0,0.0,0.0,0.0,0.0,0.0,3.00984,2.95889,3.02477,0.0127239,2.9421,2.95979,2.9629,2.96614,3.07602,3.1031,3.15859,-0.0439074,-0.122172,-0.022137,0.0153084,-0.129826,-0.100659,-0.0962402,-0.0913823,0.0441682,0.0825701,0.124337,3.06911,3.14779,3.24229,0.0416848,2.87436,2.95195,3.06555,3.22395,3.38388,3.68292,3.69381,0.398776,0.374321,0.343525,0.0229763,0.0374705,0.110621,0.321396,0.340177,0.398776,0.554233,0.560344,-9999,-9999
20120314,-9999,-9999,-9999,-9999,-9999,-9999,-9999,-9999,11.904,11.909,0.6,11.899,0.321,11.904,0.0,11.909,0.6,0.0,11.899,0.321,0.0,330.19,-9999,-9999,3.493,3.493,0.0,-9999,-9999,381.454,381.454,0.0,-9999,-9999,389.031,389.031,0.0,-9999,-9999,1.217,1.217,0.0,101.866,101.866,0.0,22.409,22.409,0.0,4.737,4.737,0.0,-9999,0.0,-9999,0.0,-9999,0.0,-9999,0.0,-9999,0.0,-9999,0.0,-9999,-9999,-9999,-9999,-9999,-9999,8.07643,0.0,42.5628,0.0,56.2469,-9999,-9999,-9999,-9999,125.13,0.0,165.359,-9999,-9999,-9999,-9999,11.0,3,23,25,0,0,3.13641,0.0,-9999,-9999,3.13641,0.0,-9999,-9999,3.13576,0.0,0.00261442,3.09134,3.12171,3.13641,3.13641,3.1399,3.15365,3.16041,0.0,0.0,0.0,0.0,0.0,0.0,0.0,3.33772,0.516377,0.0,-9999,-9999,2.73229,0.609416,0.0,-9999,-9999,3.33772,0.516377,0.0,-9999,-9999,2.73229,0.609416,0.0,-9999,-9999,3.30379,3.33772,3.33772,3.33772,3.35158,3.38599,3.41633,0.0,0.0,0.0,0.0,0.0,0.0,0.0,2.68012,2.68283,2.69234,2.73229,2.73229,2.73229,2.73229,0.0,0.0,0.0,0.0,0.0,0.0,0.0,3.09878,3.04408,3.10921,0.0124373,3.03035,3.04482,3.04736,3.05001,3.16003,3.18222,3.24053,-0.0616338,-0.0923275,-0.0265534,0.0128282,-0.106057,-0.0915866,-0.089051,-0.0864027,0.0383204,0.0867226,0.0908822,3.16886,3.24099,3.32648,0.0436448,2.94017,3.03497,3.16458,3.28512,3.48456,3.79812,3.80911,0.138285,0.132203,0.121026,0.00908537,0.00882193,0.0288952,0.109192,0.116463,0.141682,0.207156,0.210422,-9999,-9999
20120315,-9999,-9999,-9999,-9999,-9999,-9999,-9999,-9999,12.641,12.083,0.361,13.154,0.541,12.641,0.0,12.083,0.361,0.0,13.154,0.541,0.0,332.995,-9999,-9999,42.677,42.677,0.0,-9999,-9999,374.302,374.302,0.0,-9999,-9999,380.694,380.694,0.0,-9999,-9999,1.508,1.508,0.0,102.026,102.026,0.0,2.077,2.077,0.0,3.17,3.17,0.0,-9999,0.0,-9999,0.0,-9999,0.0,-9999,0.0,-9999,0.0,-9999,0.0,-9999,-9999,-9999,-9999,-9999,-9999,9.76183,0.0,41.6425,0.0,54.9262,-9999,-9999,-9999,-9999,125.513,0.0,165.552,-9999,-9999,-9999,-9999,11.0,3,23,25,0,0,3.1408,0.0,-9999,-9999,3.19988,0.0,-9999,-9999,3.15992,0.0,0.00672774,3.09034,3.11818,3.12226,3.15375,3.19988,3.19988,3.19988,0.0,0.0,0.0,0.0,0.0,0.0,0.0,3.24161,0.37117,0.0,-9999,-9999,2.82883,0.380989,0.0,-9999,-9999,3.24161,0.37117,0.0,-9999,-9999,2.93815,0.423315,0.0,-9999,-9999,3.24161,3.24161,3.24161,3.24161,3.27627,3.2824,3.28758,0.0,0.0,0.0,0.0,0.0,0.0,0.0,2.69486,2.75388,2.75699,2.82883,2.93815,2.93815,2.93815,0.0,0.0,0.0,0.0,0.0,0.0,0.0,3.17738,3.11931,3.18369,0.0121844,3.1084,3.1199,3.12192,3.12402,3.23408,3.25181,3.31264,0.0236383,-0.080571,0.0238091,0.0186223,-0.0914856,-0.0788604,-0.0776663,-0.0737658,0.115908,0.143207,0.190388,3.25735,3.32337,3.40067,0.0455507,2.99787,3.10821,3.25139,3.34286,3.57356,3.90015,3.91123,0.702249,0.649084,0.602679,0.0350032,0.107182,0.266097,0.576127,0.594469,0.702249,0.918385,0.925173,-9999,-9999
20120316,-9999,-9999,-9999,-9999,-9999,-9999,-9999,-9999,11.477,10.755,1.016,12.141,0.188,11.477,0.0,10.755,1.016,0.0,12.141,0.188,0.0,335.792,-9999,-9999,12.175,12.175,0.0,-9999,-9999,375.064,375.064,0.0,-9999,-9999,381.583,381.583,0.0,-9999,-9999,1.205,1.205,0.0,101.282,101.282,0.0,25.13,25.13,0.0,5.018,5.018,0.0,-9999,0.0,-9999,0.0,-9999,0.0,-9999,0.0,-9999,0.0,-9999,0.0,-9999,-9999,-9999,-9999,-9999,-9999,9.1544,0.0,41.5229,0.0,54.6377,-9999,-9999,-9999,-9999,128.803,0.0,169.485,-9999,-9999,-9999,-9999,11.0,3,23,25,0,0,3.0428,0.0,-9999,-9999,3.08106,0.0,-9999,-9999,3.04695,0.0,0.00284229,3.01174,3.02872,3.03425,3.05375,3.05847,3.05847,3.06432,0.0,0.0,0.0,0.0,0.0,0.0,0.0,3.18611,0.301723,0.0,-9999,-9999,2.69857,0.29804,0.0,-9999,-9999,3.18611,0.301723,0.0,-9999,-9999,2.76936,0.344838,0.0,-9999,-9999,3.14388,3.14388,3.14388,3.17099,3.21114,3.21439,3.22054,0.0,0.0,0.0,0.0,0.0,0.0,0.0,2.62292,2.6505,2.65332,2.70007,2.76641,2.76641,2.76936,0.0,0.0,0.0,0.0,0.0,0.0,0.0,3.05328,3.00048,3.06597,0.0125754,2.98522,3.0013,3.00412,3.00707,3.11699,3.14163,3.19851,-0.000465982,-0.0805799,0.0190589,0.0151586,-0.0868498,-0.0595043,-0.0549545,-0.0491084,0.0851378,0.121101,0.164258,3.11794,3.19332,3.28334,0.0426244,2.90634,2.99246,3.11444,3.25237,3.43307,3.73926,3.7502,0.33847,0.318386,0.292126,0.019807,0.0306956,0.0913366,0.272161,0.289033,0.338643,0.474634,0.480144,-9999,-9999
20120317,-9999,-9999,-9999,-9999,-9999,-9999,-9999,-9999,8.209,6.904,0.76,9.409,2.118,8.209,0.0,6.904,0.76,0.0,9.409,2.118,0.0,338.579,-9999,-9999,156.835,156.835,0.0,-9999,-9999,328.239,328.239,0.0,-9999,-9999,327.005,327.005,0.0,-9999,-9999,3.713,3.713,0.0,100.22,100.22,0.0,0.864,0.864,0.0,2.698,2.698,0.0,-9999,-9999,-9999,-9999,-9999,-9999,-9999,-9999,-9999,-9999,-9999,-9999,-9999,-9999,-9999,-9999,-9999,-9999,8.07643,0.0,42.5628,0.0,55.8409,-9999,-9999,-9999,-9999,125.13,0.0,164.166,-9999,-9999,-9999,-9999,11.0,3,23,25,0,0,3.13641,0.0,-9999,-9999,3.13641,0.0,-9999,-9999,3.13576,0.0,0.00261442,3.09134,3.12171,3.13641,3.13641,3.1399,3.15365,3.16041,0.0,0.0,0.0,0.0,0.0,0.0,0.0,3.33772,0.516377,0.0,-9999,-9999,2.73229,0.609416,0.0,-9999,-9999,3.33772,0.516377,0.0,-9999,-9999,2.73229,0.609416,0.0,-9999,-9999,3.30379,3.33772,3.33772,3.33772,3.35158,3.38599,3.41633,0.0,0.0,0.0,0.0,0.0,0.0,0.0,2.68012,2.68283,2.69234,2.73229,2.73229,2.73229,2.73229,0.0,0.0,0.0,0.0,0.0,0.0,0.0,2.70556,2.66674,2.73456,0.0136579,2.64055,2.66816,2.67302,2.6781,2.78665,2.8291,2.87518,-0.454851,-0.469668,-0.401201,0.0142614,-0.49586,-0.468249,-0.463389,-0.458306,-0.335063,-0.27847,-0.25421,2.7308,2.82897,2.95225,0.0366959,2.64465,2.67259,2.7308,2.99748,3.04582,3.29082,3.30126,0.950671,0.866433,0.835824,0.0348961,0.386772,0.557543,0.788774,0.802733,0.950671,1.17944,1.18471,-9999,-9999
20120318,-9999,-9999,-9999,-9999,-9999,-9999,-9999,-9999,7.453,6.307,0.751,8.506,1.759,7.453,0.0,6.307,0.751,0.0,8.506,1.759,0.0,341.358,-9999,-9999,187.338,187.338,0.0,-9999,-9999,314.364,314.364,0.0,-9999,-9999,310.832,310.832,0.0,-9999,-9999,4.627,4.627,0.0,100.865,100.865,0.0,0.663,0.663,0.0,4.688,4.688,0.0,-9999,0.0,-9999,0.0,-9999,0.0,-9999,0.0,-9999,0.0,-9999,0.0,-9999,-9999,-9999,-9999,-9999,-9999,9.76183,0.0,41.6425,0.0,54.4073,-9999,-9999,-9999,-9999,125.513,0.0,163.987,-9999,-9999,-9999,-9999,11.0,3,23,25,0,0,3.1408,0.0,-9999,-9999,3.19988,0.0,-9999,-9999,3.15992,0.0,0.00672774,3.09034,3.11818,3.12226,3.15375,3.19988,3.19988,3.19988,0.0,0.0,0.0,0.0,0.0,0.0,0.0,3.24161,0.37117,0.0,-9999,-9999,2.82883,0.380989,0.0,-9999,-9999,3.24161,0.37117,0.0,-9999,-9999,2.93815,0.423315,0.0,-9999,-9999,3.24161,3.24161,3.24161,3.24161,3.27627,3.2824,3.28758,0.0,0.0,0.0,0.0,0.0,0.0,0.0,2.69486,2.75388,2.75699,2.82883,2.93815,2.93815,2.93815,0.0,0.0,0.0,0.0,0.0,0.0,0.0,2.62528,2.58963,2.65792,0.0139211,2.56101,2.59118,2.59649,2.60205,2.71019,2.75663,2.80023,-0.528464,-0.610258,-0.501969,0.0201368,-0.638871,-0.605746,-0.602594,-0.592272,-0.407983,-0.351973,-0.319495,2.64171,2.74486,2.87561,0.035855,2.58197,2.59139,2.64527,2.93799,2.97877,3.18748,3.19781,1.03881,0.944799,0.915481,0.0363748,0.460901,0.632815,0.862735,0.878933,1.03881,1.27798,1.28303,-9999,-9999
20120319,-9999,-9999,-9999,-9999,-9999,-9999,-9999,-9999,7.684,6.345,2.528,8.917,2.881,7.684,0.0,6.345,2.528,0.0,8.917,2.881,0.0,344.126,-9999,-9999,210.826,210.826,0.0,-9999,-9999,321.451,321.451,0.0,-9999,-9999,319.092,319.092,0.0,-9999,-9999,5.016,5.016,0.0,101.743,101.743,0.0,0.0,0.0,0.0,1.986,1.986,0.0,-9999,0.0,-9999,0.0,-9999,0.0,-9999,0.0,-9999,0.0,-9999,0.0,-9999,-9999,-9999,-9999,-9999,-9999,9.1544,0.0,41.5229,0.0,54.0255,-9999,-9999,-9999,-9999,128.803,0.0,167.586,-9999,-9999,-9999,-9999,11.0,3,23,25,0,0,3.0428,0.0,-9999,-9999,3.08106,0.0,-9999,-9999,3.04695,0.0,0.00284229,3.01174,3.02872,3.03425,3.05375,3.05847,3.05847,3.06432,0.0,0.0,0.0,0.0,0.0,0.0,0.0,3.18611,0.301723,0.0,-9999,-9999,2.69857,0.29804,0.0,-9999,-9999,3.18611,0.301723,0.0,-9999,-9999,2.76936,0.344838,0.0,-9999,-9999,3.14388,3.14388,3.14388,3.17099,3.21114,3.21439,3.22054,0.0,0.0,0.0,0.0,0.0,0.0,0.0,2.62292,2.6505,2.65332,2.70007,2.76641,2.76641,2.76936,0.0,0.0,0.0,0.0,0.0,0.0,0.0,2.6508,2.61386,2.68171,0.0137568,2.58646,2.61535,2.62044,2.62576,2.73368,2.77826,2.82277,-0.402951,-0.467195,-0.365195,0.0163295,-0.484448,-0.44312,-0.440285,-0.432704,-0.298166,-0.24227,-0.210035,2.67127,2.77162,2.89907,0.0360824,2.60119,2.61483,2.67127,2.95407,2.99476,3.22117,3.2315,1.05649,0.960154,0.934879,0.0355242,0.517153,0.66397,0.877803,0.894608,1.05649,1.29609,1.30102,-9999,-9999
20120320,-9999,-9999,-9999,-9999,-9999,-9999,-9999,-9999,11.361,9.67,1.58,12.916,2.354,11.361,0.0,9.67,1.58,0.0,12.916,2.354,0.0,346.881,-9999,-9999,169.183,169.183,0.0,-9999,-9999,351.438,351.438,0.0,-9999,-9999,354.045,354.045,0.0,-9999,-9999,5.466,5.466,0.0,102.237,102.237,0.0,0.0,0.0,0.0,1.788,1.788,0.0,-9999,0.0,-9999,0.0,-9999,0.0,-9999,0.0,-9999,0.0,-9999,0.0,-9999,-9999,-9999,-9999,-9999,-9999,8.07643,0.0,42.5628,0.0,55.1475,-9999,-9999,-9999,-9999,125.13,0.0,162.127,-9999,-9999,-9999,-9999,11.0,3,23,25,0,0,3.13641,0.0,-9999,-9999,3.13641,0.0,-9999,-9999,3.13576,0.0,0.00261442,3.09134,3.12171,3.13641,3.13641,3.1399,3.15365,3.16041,0.0,0.0,0.0,0.0,0.0,0.0,0.0,3.33772,0.516377,0.0,-9999,-9999,2.73229,0.609416,0.0,-9999,-9999,3.33772,0.516377,0.0,-9999,-9999,2.73229,0.609416,0.0,-9999,-9999,3.30379,3.33772,3.33772,3.33772,3.35158,3.38599,3.41633,0.0,0.0,0.0,0.0,0.0,0.0,0.0,2.68012,2.68283,2.69234,2.73229,2.73229,2.73229,2.73229,0.0,0.0,0.0,0.0,0.0,0.0,0.0,3.04091,2.98838,3.05372,0.012552,2.9731,2.9892,2.99203,2.99499,3.10457,3.12938,3.18596,-0.119497,-0.148031,-0.0820384,0.0129741,-0.16331,-0.147205,-0.144378,-0.141422,-0.0171386,0.0321332,0.0380434,3.10521,3.18038,3.27089,0.0424179,2.89549,2.98046,3.10172,3.2411,3.41914,3.72401,3.73491,1.03064,0.938162,0.905126,0.0374196,0.417417,0.608971,0.85554,0.871253,1.03064,1.27191,1.27716,-9999,-9999
20120321,-9999,-9999,-9999,-9999,-9999,-9999,-9999,-9999,13.352,11.172,2.271,15.357,3.328,13.352,0.0,11.172,2.271,0.0,15.357,3.328,0.0,349.625,-9999,-9999,185.429,185.429,0.0,-9999,-9999,350.646,350.646,0.0,-9999,-9999,353.121,353.121,0.0,-9999,-9999,4.49,4.49,0.0,101.924,101.924,0.0,0.043,0.043,0.0,1.76,1.76,0.0,-9999,0.0,-9999,0.0,-9999,0.0,-9999,0.0,-9999,0.0,-9999,0.0,-9999,-9999,-9999,-9999,-9999,-9999,9.76183,0.0,41.6425,0.0,53.7289,-9999,-9999,-9999,-9999,125.513,0.0,161.943,-9999,-9999,-9999,-9999,11.0,3,23,25,0,0,3.1408,0.0,-9999,-9999,3.19988,0.0,-9999,-9999,3.15992,0.0,0.00672774,3.09034,3.11818,3.12226,3.15375,3.19988,3.19988,3.19988,0.0,0.0,0.0,0.0,0.0,0.0,0.0,3.24161,0.37117,0.0,-9999,-9999,2.82883,0.380989,0.0,-9999,-9999,3.24161,0.37117,0.0,-9999,-9999,2.93815,0.423315,0.0,-9999,-9999,3.24161,3.24161,3.24161,3.24161,3.27627,3.2824,3.28758,0.0,0.0,0.0,0.0,0.0,0.0,0.0,2.69486,2.75388,2.75699,2.82883,2.93815,2.93815,2.93815,0.0,0.0,0.0,0.0,0.0,0.0,0.0,3.25259,3.19077,3.25391,0.0118382,3.1834,3.19116,3.19253,3.19396,3.3034,3.31578,3.37923,0.0988459,-0.00911807,0.0940225,0.018296,-0.0164881,-0.00795876,-0.00714871,-0.00449944,0.185228,0.207177,0.256978,3.34443,3.40224,3.47013,0.0476974,3.04953,3.17733,3.33637,3.3877,3.65888,3.99941,4.01052,1.04915,0.95459,0.923964,0.0371337,0.456411,0.633324,0.871131,0.887327,1.04915,1.29279,1.29803,-9999,-9999
20120322,-9999,-9999,-9999,-9999,-9999,-9999,-9999,-9999,11.665,9.75,1.694,13.427,1.608,11.665,0.0,9.75,1.694,0.0,13.427,1.608,0.0,352.356,-9999,-9999,193.058,193.058,0.0,-9999,-9999,333.203,333.203,0.0,-9999,-9999,332.79,332.79,0.0,-9999,-9999,4.064,4.064,0.0,101.527,101.527,0.0,0.541,0.541,0.0,3.309,3.309,0.0,-9999,0.0,-9999,0.0,-9999,0.0,-9999,0.0,-9999,0.0,-9999,0.0,-9999,-9999,-9999,-9999,-9999,-9999,9.1544,0.0,41.5229,0.0,53.349,-9999,-9999,-9999,-9999,128.803,0.0,165.488,-9999,-9999,-9999,-9999,11.0,3,23,25,0,0,3.0428,0.0,-9999,-9999,3.08106,0.0,-9999,-9999,3.04695,0.0,0.00284229,3.01174,3.02872,3.03425,3.05375,3.05847,3.05847,3.06432,0.0,0.0,0.0,0.0,0.0,0.0,0.0,3.18611,0.301723,0.0,-9999,-9999,2.69857,0.29804,0.0,-9999,-9999,3.18611,0.301723,0.0,-9999,-9999,2.76936,0.344838,0.0,-9999,-9999,3.14388,3.14388,3.14388,3.17099,3.21114,3.21439,3.22054,0.0,0.0,0.0,0.0,0.0,0.0,0.0,2.62292,2.6505,2.65332,2.70007,2.76641,2.76641,2.76936,0.0,0.0,0.0,0.0,0.0,0.0,0.0,3.07336,3.01948,3.08457,0.0124536,3.00529,3.02025,3.02288,3.02562,3.13528,3.15835,3.21596,0.0196113,-0.0615753,0.0376597,0.0150355,-0.0668885,-0.0407972,-0.0361581,-0.0301047,0.103436,0.137822,0.181707,3.14151,3.21438,3.30166,0.0431357,2.91964,3.01078,3.13751,3.2645,3.45587,3.76598,3.77691,1.06049,0.964746,0.935024,0.0371493,0.474702,0.645488,0.880639,0.89709,1.06049,1.30604,1.3113,-9999,-9999
20120323,-9999,-9999,-9999,-9999,-9999,-9999,-9999,-9999,9.679,7.229,2.794,11.932,3.457,9.679,0.0,7.229,2.794,0.0,11.932,3.457,0.0,355.074,-9999,-9999,260.899,260.899,0.0,-9999,-9999,304.757,304.757,0.0,-9999,-9999,299.634,299.634,0.0,-9999,-9999,5.764,5.764,0.0,101.626,101.626,0.0,0.0,0.0,0.0,2.795,2.795,0.0,-9999,0.0,-9999,0.0,-9999,0.0,-9999,0.0,-9999,0.0,-9999,0.0,-9999,-9999,-9999,-9999,-9999,-9999,8.07643,0.0,42.5628,0.0,54.5199,-9999,-9999,-9999,-9999,125.13,0.0,160.282,-9999,-9999,-9999,-9999,11.0,3,23,25,0,0,3.13641,0.0,-9999,-9999,3.13641,0.0,-9999,-9999,3.13576,0.0,0.00261442,3.09134,3.12171,3.13641,3.13641,3.1399,3.15365,3.16041,0.0,0.0,0.0,0.0,0.0,0.0,0.0,3.33772,0.516377,0.0,-9999,-9999,2.73229,0.609416,0.0,-9999,-9999,3.33772,0.516377,0.0,-9999,-9999,2.73229,0.609416,0.0,-9999,-9999,3.30379,3.33772,3.33772,3.33772,3.35158,3.38599,3.41633,0.0,0.0,0.0,0.0,0.0,0.0,0.0,2.68012,2.68283,2.69234,2.73229,2.73229,2.73229,2.73229,0.0,0.0,0.0,0.0,0.0,0.0,0.0,2.86263,2.81703,2.88332,0.0130135,2.79653,2.81814,2.82195,2.82593,2.9345,2.96794,3.01907,-0.297779,-0.319381,-0.252443,0.0135311,-0.33988,-0.31827,-0.314464,-0.310483,-0.187211,-0.134575,-0.123406,2.90779,2.99359,3.10036,0.0390136,2.75964,2.813,2.90649,3.1109,3.21751,3.49482,3.50544,1.10579,1.00323,0.983455,0.0350817,0.63473,0.720967,0.91399,0.931504,1.10579,1.35334,1.35835,-9999,-9999
20120324,-9999,-9999,-9999,-9999,-9999,-9999,-9999,-9999,8.972,8.523,0.546,9.384,0.463,8.972,0.0,8.523,0.546,0.0,9.384,0.463,0.0,357.776,-9999,-9999,63.912,63.912,0.0,-9999,-9999,349.017,349.017,0.0,-9999,-9999,351.223,351.223,0.0,-9999,-9999,1.959,1.959,0.0,101.177,101.177,0.0,11.457,11.457,0.0,2.506,2.506,0.0,-9999,-9999,-9999,-9999,-9999,-9999,-9999,-9999,-9999,-9999,-9999,-9999,-9999,-9999,-9999,-9999,-9999,-9999,9.76183,0.0,41.6425,0.0,53.2293,-9999,-9999,-9999,-9999,125.513,0.0,160.437,-9999,-9999,-9999,-9999,11.0,3,23,25,0,0,3.1408,0.0,-9999,-9999,3.19988,0.0,-9999,-9999,3.15992,0.0,0.00672774,3.09034,3.11818,3.12226,3.15375,3.19988,3.19988,3.19988,0.0,0.0,0.0,0.0,0.0,0.0,0.0,3.24161,0.37117,0.0,-9999,-9999,2.82883,0.380989,0.0,-9999,-9999,3.24161,0.37117,0.0,-9999,-9999,2.93815,0.423315,0.0,-9999,-9999,3.24161,3.24161,3.24161,3.24161,3.27627,3.2824,3.28758,0.0,0.0,0.0,0.0,0.0,0.0,0.0,2.69486,2.75388,2.75699,2.82883,2.93815,2.93815,2.93815,0.0,0.0,0.0,0.0,0.0,0.0,0.0,2.78628,2.74445,2.81197,0.0134518,2.72041,2.74575,2.7502,2.75486,2.86402,2.90285,2.95133,-0.36747,-0.455438,-0.347916,0.0197422,-0.479474,-0.451655,-0.449013,-0.440367,-0.254152,-0.205753,-0.170924,2.81959,2.91352,3.02985,0.0377436,2.70705,2.75603,2.81959,3.05982,3.1309,3.39418,3.40477,0.808012,0.743434,0.69618,0.0376057,0.159955,0.34953,0.666514,0.683993,0.808012,1.03871,1.0454,-9999,-9999
20120325,-9999,-9999,-9999,-9999,-9999,-9999,-9999,-9999,9.359,8.071,0.88,10.544,1.748,9.359,0.0,8.071,0.88,0.0,10.544,1.748,0.0,360.463,-9999,-9999,152.407,152.407,0.0,-9999,-9999,335.783,335.783,0.0,-9999,-9999,335.797,335.797,0.0,-9999,-9999,3.19,3.19,0.0,100.964,100.964,0.0,7.867,7.867,0.0,2.805,2.805,0.0,-9999,0.0,-9999,0.0,-9999,0.0,-9999,0.0,-9999,0.0,-9999,0.0,-9999,-9999,-9999,-9999,-9999,-9999,9.1544,0.0,41.5229,0.0,52.9768,-9999,-9999,-9999,-9999,128.803,0.0,164.333,-9999,-9999,-9999,-9999,11.0,3,23,25,0,0,3.0428,0.0,-9999,-9999,3.08106,0.0,-9999,-9999,3.04695,0.0,0.00284229,3.01174,3.02872,3.03425,3.05375,3.05847,3.05847,3.06432,0.0,0.0,0.0,0.0,0.0,0.0,0.0,3.18611,0.301723,0.0,-9999,-9999,2.69857,0.29804,0.0,-9999,-9999,3.18611,0.301723,0.0,-9999,-9999,2.76936,0.344838,0.0,-9999,-9999,3.14388,3.14388,3.14388,3.17099,3.21114,3.21439,3.22054,0.0,0.0,0.0,0.0,0.0,0.0,0.0,2.62292,2.6505,2.65332,2.70007,2.76641,2.76641,2.76936,0.0,0.0,0.0,0.0,0.0,0.0,0.0,2.82768,2.78405,2.85115,0.0132786,2.76154,2.78527,2.78944,2.7938,2.90296,2.93937,2.9892,-0.22607,-0.297009,-0.195756,0.0158611,-0.309841,-0.273851,-0.269927,-0.264667,-0.128892,-0.0811619,-0.0450521,2.86631,2.95692,3.06885,0.0383737,2.73726,2.7922,2.86624,3.08986,3.17778,3.448,3.45863,1.04001,0.947675,0.910168,0.0392731,0.377404,0.594781,0.862936,0.878267,1.04001,1.28874,1.29438,-9999,-9999
20120326,-9999,-9999,-9999,-9999,-9999,-9999,-9999,-9999,9.509,7.733,2.58,11.144,2.368,9.509,0.0,7.733,2.58,0.0,11.144,2.368,0.0,363.134,-9999,-9999,158.337,158.337,0.0,-9999,-9999,331.209,331.209,0.0,-9999,-9999,330.466,330.466,0.0,-9999,-9999,4.213,4.213,0.0,101.746,101.746,0.0,0.234,0.234,0.0,3.983,3.983,0.0,-9999,0.0,-9999,0.0,-9999,0.0,-9999,0.0,-9999,0.0,-9999,0.0,-9999,-9999,-9999,-9999,-9999,-9999,8.07643,0.0,42.5628,0.0,54.2203,-9999,-9999,-9999,-9999,125.13,0.0,159.401,-9999,-9999,-9999,-9999,11.0,3,23,25,0,0,3.13641,0.0,-9999,-9999,3.13641,0.0,-9999,-9999,3.13576,0.0,0.00261442,3.09134,3.12171,3.13641,3.13641,3.1399,3.15365,3.16041,0.0,0.0,0.0,0.0,0.0,0.0,0.0,3.33772,0.516377,0.0,-9999,-9999,2.73229,0.609416,0.0,-9999,-9999,3.33772,0.516377,0.0,-9999,-9999,2.73229,0.609416,0.0,-9999,-9999,3.30379,3.33772,3.33772,3.33772,3.35158,3.38599,3.41633,0.0,0.0,0.0,0.0,0.0,0.0,0.0,2.68012,2.68283,2.69234,2.73229,2.73229,2.73229,2.73229,0.0,0.0,0.0,0.0,0.0,0.0,0.0,2.84426,2.7997,2.86641,0.0131529,2.77813,2.80086,2.80486,2.80904,2.91793,2.95293,3.00338,-0.316154,-0.336715,-0.269345,0.0136851,-0.358279,-0.335547,-0.331548,-0.327365,-0.203784,-0.150267,-0.137159,2.88597,2.97431,3.0838,0.0386674,2.74789,2.80197,2.88531,3.09986,3.19663,3.4702,3.48082,1.03856,0.946544,0.910082,0.038959,0.391383,0.596184,0.861677,0.876867,1.03856,1.28806,1.29376,-9999,-9999
20120327,-9999,-9999,-9999,-9999,-9999,-9999,-9999,-9999,11.176,10.502,0.505,11.795,0.623,11.176,0.0,10.502,0.505,0.0,11.795,0.623,0.0,365.789,-9999,-9999,43.464,43.464,0.0,-9999,-9999,367.633,367.633,0.0,-9999,-9999,372.921,372.921,0.0,-9999,-9999,3.296,3.296,0.0,101.506,101.506,0.0,19.576,19.576,0.0,6.829,6.829,0.0,-9999,0.0,-9999,0.0,-9999,0.0,-9999,0.0,-9999,0.0,-9999,0.0,-9999,-9999,-9999,-9999,-9999,-9999,9.76183,0.0,41.6425,0.0,52.9662,-9999,-9999,-9999,-9999,125.513,0.0,159.644,-9999,-9999,-9999,-9999,11.0,3,23,25,0,0,3.1408,0.0,-9999,-9999,3.19988,0.0,-9999,-9999,3.15992,0.0,0.00672774,3.09034,3.11818,3.12226,3.15375,3.19988,3.19988,3.19988,0.0,0.0,0.0,0.0,0.0,0.0,0.0,3.24161,0.37117,0.0,-9999,-9999,2.82883,0.380989,0.0,-9999,-9999,3.24161,0.37117,0.0,-9999,-9999,2.93815,0.423315,0.0,-9999,-9999,3.24161,3.24161,3.24161,3.24161,3.27627,3.2824,3.28758,0.0,0.0,0.0,0.0,0.0,0.0,0.0,2.69486,2.75388,2.75699,2.82883,2.93815,2.93815,2.93815,0.0,0.0,0.0,0.0,0.0,0.0,0.0,3.02112,2.96967,3.03545,0.0126829,2.9533,2.97056,2.97359,2.97675,3.08663,3.11307,3.16891,-0.132626,-0.230209,-0.124435,0.0190721,-0.246587,-0.227638,-0.225842,-0.219972,-0.0315471,0.0044655,0.0466578,3.08182,3.15961,3.25293,0.0419258,2.88261,2.96245,3.07828,3.23055,3.39665,3.69757,3.70847,0.656936,0.606788,0.564864,0.0322531,0.109015,0.258307,0.539441,0.555915,0.656936,0.857346,0.863623,-9999,-9999
20120328,-9999,-9999,-9999,-9999,-9999,-9999,-9999,-9999,12.265,11.381,0.704,13.078,1.212,12.265,0.0,11.381,0.704,0.0,13.078,1.212,0.0,368.425,-9999,-9999,117.07,117.07,0.0,-9999,-9999,358.1,358.1,0.0,-9999,-9999,361.81,361.81,0.0,-9999,-9999,1.89,1.89,0.0,101.814,101.814,0.0,9.202,9.202,0.0,3.746,3.746,0.0,-9999,0.0,-9999,0.0,-9999,0.0,-9999,0.0,-9999,0.0,-9999,0.0,-9999,-9999,-9999,-9999,-9999,-9999,9.1544,0.0,41.5229,0.0,52.814,-9999,-9999,-9999,-9999,128.803,0.0,163.828,-9999,-9999,-9999,-9999,11.0,3,23,25,0,0,3.0428,0.0,-9999,-9999,3.08106,0.0,-9999,-9999,3.04695,0.0,0.00284229,3.01174,3.02872,3.03425,3.05375,3.05847,3.05847,3.06432,0.0,0.0,0.0,0.0,0.0,0.0,0.0,3.18611,0.301723,0.0,-9999,-9999,2.69857,0.29804,0.0,-9999,-9999,3.18611,0.301723,0.0,-9999,-9999,2.76936,0.344838,0.0,-9999,-9999,3.14388,3.14388,3.14388,3.17099,3.21114,3.21439,3.22054,0.0,0.0,0.0,0.0,0.0,0.0,0.0,2.62292,2.6505,2.65332,2.70007,2.76641,2.76641,2.76936,0.0,0.0,0.0,0.0,0.0,0.0,0.0,3.13727,3.08087,3.14558,0.0122985,3.06861,3.08153,3.0838,3.08617,3.19615,3.21604,3.27561,0.0835229,-0.000184715,0.0986721,0.0148764,-0.00375256,0.0200374,0.0248438,0.0300612,0.164297,0.19551,0.241361,3.21243,3.28134,3.36266,0.0445774,2.96807,3.07074,3.20728,3.31182,3.52816,3.84825,3.85928,0.962576,0.879723,0.837393,0.0391875,0.290794,0.504976,0.797468,0.815304,0.962576,1.20625,1.21228,-9999,-9999
20120329,-9999,-9999,-9999,-9999,-9999,-9999,-9999,-9999,11.99,9.72,1.661,14.079,2.549,11.99,0.0,9.72,1.661,0.0,14.079,2.549,0.0,371.044,-9999,-9999,198.264,198.264,0.0,-9999,-9999,349.428,349.428,0.0,-9999,-9999,351.702,351.702,0.0,-9999,-9999,3.407,3.407,0.0,101.984,101.984,0.0,0.1,0.1,0.0,2.86,2.86,0.0,-9999,0.0,-9999,0.0,-9999,0.0,-9999,0.0,-9999,0.0,-9999,0.0,-9999,-9999,-9999,-9999,-9999,-9999,8.07643,0.0,42.5628,0.0,54.1491,-9999,-9999,-9999,-9999,125.13,0.0,159.192,-9999,-9999,-9999,-9999,11.0,3,23,25,0,0,3.13641,0.0,-9999,-9999,3.13641,0.0,-9999,-9999,3.13576,0.0,0.00261442,3.09134,3.12171,3.13641,3.13641,3.1399,3.15365,3.16041,0.0,0.0,0.0,0.0,0.0,0.0,0.0,3.33772,0.516377,0.0,-9999,-9999,2.73229,0.609416,0.0,-9999,-9999,3.33772,0.516377,0.0,-9999,-9999,2.73229,0.609416,0.0,-9999,-9999,3.30379,3.33772,3.33772,3.33772,3.35158,3.38599,3.41633,0.0,0.0,0.0,0.0,0.0,0.0,0.0,2.68012,2.68283,2.69234,2.73229,2.73229,2.73229,2.73229,0.0,0.0,0.0,0.0,0.0,0.0,0.0,3.10792,3.05244,3.11708,0.0123095,3.03967,3.05313,3.05549,3.05796,3.1675,3.18836,3.24712,-0.0524923,-0.0839717,-0.0186821,0.0126861,-0.0967383,-0.0832815,-0.0809184,-0.0784485,0.0457845,0.0933135,0.0970166,3.18096,3.25061,3.33394,0.043978,2.94421,3.04276,3.17611,3.28778,3.49503,3.8112,3.82217,1.05192,0.957562,0.928737,0.0368206,0.486378,0.63849,0.873225,0.889298,1.05192,1.29899,1.30445,-9999,-9999
20120330,-9999,-9999,-9999,-9999,-9999,-9999,-9999,-9999,13.623,11.172,1.769,15.697,3.0,13.623,0.0,11.172,1.769,0.0,15.697,3.0,0.0,373.644,-9999,-9999,225.166,225.166,0.0,-9999,-9999,345.276,345.276,0.0,-9999,-9999,346.862,346.862,0.0,-9999,-9999,4.087,4.087,0.0,101.641,101.641,0.0,0.053,0.053,0.0,2.663,2.663,0.0,-9999,0.0,-9999,0.0,-9999,0.0,-9999,0.0,-9999,0.0,-9999,0.0,-9999,-9999,-9999,-9999,-9999,-9999,9.76183,0.0,41.6425,0.0,52.9965,-9999,-9999,-9999,-9999,125.513,0.0,159.735,-9999,-9999,-9999,-9999,11.0,3,22,26,0,0,3.1408,0.0,-9999,-9999,3.19988,0.0,-9999,-9999,3.15992,0.0,0.00672774,3.09034,3.11818,3.12226,3.15375,3.19988,3.19988,3.19988,0.0,0.0,0.0,0.0,0.0,0.0,0.0,3.26776,0.357563,0.0,-9999,-9999,2.82258,0.374649,0.0,-9999,-9999,3.26776,0.357563,0.0,-9999,-9999,2.92769,0.418174,0.0,-9999,-9999,3.26776,3.26776,3.26776,3.26776,3.30656,3.31224,3.32199,0.0,0.0,0.0,0.0,0.0,0.0,0.0,2.68675,2.7437,2.75063,2.82258,2.92769,2.92769,2.92769,0.0,0.0,0.0,0.0,0.0,0.0,0.0,3.28146,3.21842,3.28132,0.011765,3.21204,3.21877,3.21995,3.22119,3.33068,3.34148,3.40585,0.127713,0.0185385,0.121436,0.0182266,0.0121558,0.019542,0.0202432,0.0225362,0.212508,0.232877,0.283593,3.3768,3.43249,3.49747,0.048468,3.07092,3.20428,3.36814,3.40944,3.69156,4.03679,4.04793,1.11538,1.01407,0.98757,0.0375739,0.551802,0.699417,0.926545,0.944134,1.11538,1.37065,1.37602,-9999,-9999
20120331,-9999,-9999,-9999,-9999,-9999,-9999,-9999,-9999,10.963,10.107,1.57,11.688,0.905,10.963,0.0,10.107,1.57,0.0,11.688,0.905,0.0,376.225,-9999,-9999,91.929,91.929,0.0,-9999,-9999,342.819,342.819,0.0,-9999,-9999,343.998,343.998,0.0,-9999,-9999,2.428,2.428,0.0,101.12,101.12,0.0,12.782,12.782,0.0,7.021,7.021,0.0,-9999,-9999,-9999,-9999,-9999,-9999,-9999,-9999,-9999,-9999,-9999,-9999,-9999,-9999,-9999,-9999,-9999,-9999,9.1544,0.0,41.5229,0.0,52.872,-9999,-9999,-9999,-9999,128.803,0.0,164.008,-9999,-9999,-9999,-9999,11.0,3,22,26,0,0,3.0428,0.0,-9999,-9999,3.08106,0.0,-9999,-9999,3.04695,0.0,0.00284229,3.01174,3.02872,3.03425,3.05375,3.05847,3.05847,3.06432,0.0,0.0,0.0,0.0,0.0,0.0,0.0,3.21163,0.282272,0.0,-9999,-9999,2.69573,0.292378,0.0,-9999,-9999,3.21163,0.282272,0.0,-9999,-9999,2.76379,0.339061,0.0,-9999,-9999,3.17294,3.17294,3.17294,3.19583,3.23923,3.24029,3.25128,0.0,0.0,0.0,0.0,0.0,0.0,0.0,2.61757,2.64402,2.65199,2.69799,2.75635,2.75635,2.76088,0.0,0.0,0.0,0.0,0.0,0.0,0.0,2.99856,2.94799,3.01388,0.0127394,2.93095,2.94891,2.95206,2.95535,3.0651,3.09263,3.14779,-0.0551946,-0.13307,-0.0330257,0.0153241,-0.140951,-0.111483,-0.107087,-0.102393,0.0332554,0.0721006,0.113543,3.05684,3.13597,3.23135,0.0414696,2.86542,2.94126,3.05333,3.21626,3.37113,3.66857,3.67943,0.919682,0.844129,0.795972,0.0405514,0.228716,0.430688,0.7599,0.780309,0.919682,1.17127,1.17818,-9999,-9999
20120401,-9999,-9999,-9999,-9999,-9999,-9999,-9999,-9999,10.235,8.515,1.735,11.69,2.846,10.235,0.0,8.515,1.735,0.0,11.69,2.846,0.0,378.786,-9999,-9999,275.683,275.683,0.0,-9999,-9999,304.309,304.309,0.0,-9999,-9999,299.112,299.112,0.0,-9999,-9999,5.139,5.139,0.0,102.351,102.351,0.0,0.223,0.223,0.0,4.657,4.657,0.0,-9999,0.0,-9999,0.0,-9999,0.0,-9999,0.0,-9999,0.0,-9999,0.0,-9999,-9999,-9999,-9999,-9999,-9999,8.07643,0.0,42.5628,0.0,54.2247,-9999,-9999,-9999,-9999,125.13,0.0,159.415,-9999,-9999,-9999,-9999,11.0,3,22,26,0,0,3.13641,0.0,-9999,-9999,3.13641,0.0,-9999,-9999,3.13576,0.0,0.00261442,3.09134,3.12171,3.13641,3.13641,3.1399,3.15365,3.16041,0.0,0.0,0.0,0.0,0.0,0.0,0.0,3.36388,0.512684,0.0,-9999,-9999,2.73344,0.597132,0.0,-9999,-9999,3.36388,0.512684,0.0,-9999,-9999,2.73344,0.597132,0.0,-9999,-9999,3.34244,3.36388,3.36388,3.36388,3.37123,3.41435,3.45871,0.0,0.0,0.0,0.0,0.0,0.0,0.0,2.6714,2.67767,2.70107,2.73344,2.73344,2.73344,2.73344,0.0,0.0,0.0,0.0,0.0,0.0,0.0,2.92113,2.87348,2.9397,0.0129186,2.85432,2.87452,2.87807,2.88179,2.99099,3.0221,3.07492,-0.239286,-0.262926,-0.196055,0.0134101,-0.282094,-0.261888,-0.258337,-0.254623,-0.130718,-0.0787247,-0.0692452,2.9715,3.05485,3.15705,0.0400058,2.80585,2.86838,2.96933,3.15825,3.28359,3.56929,3.58003,1.15663,1.05012,1.03113,0.0362574,0.671408,0.760759,0.960752,0.980447,1.15663,1.41395,1.41907,-9999,-9999
20120402,-9999,-9999,-9999,-9999,-9999,-9999,-9999,-9999,11.762,8.895,2.425,14.187,4.398,11.762,0.0,8.895,2.425,0.0,14.187,4.398,0.0,381.327,-9999,-9999,257.204,257.204,0.0,-9999,-9999,312.955,312.955,0.0,-9999,-9999,309.189,309.189,0.0,-9999,-9999,6.512,6.512,0.0,102.16,102.16,0.0,0.0,0.0,0.0,3.128,3.128,0.0,-9999,0.0,-9999,0.0,-9999,0.0,-9999,0.0,-9999,0.0,-9999,0.0,-9999,-9999,-9999,-9999,-9999,-9999,9.76183,0.0,41.6425,0.0,53.0642,-9999,-9999,-9999,-9999,125.513,0.0,159.939,-9999,-9999,-9999,-9999,11.0,3,22,26,0,0,3.1408,0.0,-9999,-9999,3.19988,0.0,-9999,-9999,3.15992,0.0,0.00672774,3.09034,3.11818,3.12226,3.15375,3.19988,3.19988,3.19988,0.0,0.0,0.0,0.0,0.0,0.0,0.0,3.26776,0.357563,0.0,-9999,-9999,2.82258,0.374649,0.0,-9999,-9999,3.26776,0.357563,0.0,-9999,-9999,2.92769,0.418174,0.0,-9999,-9999,3.26776,3.26776,3.26776,3.26776,3.30656,3.31224,3.32199,0.0,0.0,0.0,0.0,0.0,0.0,0.0,2.68675,2.7437,2.75063,2.82258,2.92769,2.92769,2.92769,0.0,0.0,0.0,0.0,0.0,0.0,0.0,3.08348,3.02858,3.09297,0.0122735,3.01569,3.02927,3.03167,3.03417,3.1431,3.16438,3.22254,-0.070268,-0.171308,-0.0669126,0.0186946,-0.184193,-0.169277,-0.167858,-0.16321,0.0249234,0.0557841,0.100285,3.15559,3.22503,3.30946,0.0435408,2.92308,3.01913,3.15082,3.26597,3.46751,3.78093,3.79181,1.14099,1.03226,1.00635,0.0374379,0.623397,0.725705,0.92835,0.957559,1.14099,1.39786,1.4031,-9999,-9999
20120403,-9999,-9999,-9999,-9999,-9999,-9999,-9999,-9999,12.124,10.022,2.428,13.903,3.241,12.124,0.0,10.022,2.428,0.0,13.903,3.241,0.0,383.844,-9999,-9999,250.837,250.837,0.0,-9999,-9999,331.784,331.784,0.0,-9999,-9999,331.136,331.136,0.0,-9999,-9999,4.597,4.597,0.0,101.826,101.826,0.0,0.488,0.488,0.0,3.216,3.216,0.0,-9999,0.0,-9999,0.0,-9999,0.0,-9999,0.0,-9999,0.0,-9999,0.0,-9999,-9999,-9999,-9999,-9999,-9999,9.1544,0.0,41.5229,0.0,52.793,-9999,-9999,-9999,-9999,128.803,0.0,163.763,-9999,-9999,-9999,-9999,11.0,3,22,26,0,0,3.0428,0.0,-9999,-9999,3.08106,0.0,-9999,-9999,3.04695,0.0,0.00284229,3.01174,3.02872,3.03425,3.05375,3.05847,3.05847,3.06432,0.0,0.0,0.0,0.0,0.0,0.0,0.0,3.21163,0.282272,0.0,-9999,-9999,2.69573,0.292378,0.0,-9999,-9999,3.21163,0.282272,0.0,-9999,-9999,2.76379,0.339061,0.0,-9999,-9999,3.17294,3.17294,3.17294,3.19583,3.23923,3.24029,3.25128,0.0,0.0,0.0,0.0,0.0,0.0,0.0,2.61757,2.64402,2.65199,2.69799,2.75635,2.75635,2.76088,0.0,0.0,0.0,0.0,0.0,0.0,0.0,3.12222,3.06601,3.13041,0.0122364,3.05393,3.06667,3.0689,3.07124,3.18065,3.20047,3.25973,0.0684668,-0.0150443,0.0834993,0.0148144,-0.0184449,0.00513479,0.00995366,0.0151135,0.1488,0.179941,0.225485,3.19755,3.2656,3.34711,0.0443552,2.95396,3.05589,3.19229,3.29683,3.51126,3.8301,3.84107,1.13395,1.03032,1.00775,0.0368266,0.612572,0.728758,0.942294,0.96046,1.13395,1.39034,1.39561,-9999,-9999
20120404,-9999,-9999,-9999,-9999,-9999,-9999,-9999,-9999,9.94,8.494,1.22,11.164,2.41,9.94,0.0,8.494,1.22,0.0,11.164,2.41,0.0,386.342,-9999,-9999,287.803,287.803,0.0,-9999,-9999,297.883,297.883,0.0,-9999,-9999,291.621,291.621,0.0,-9999,-9999,5.162,5.162,0.0,102.155,102.155,0.0,0.149,0.149,0.0,4.292,4.292,0.0,-9999,0.0,-9999,0.0,-9999,0.0,-9999,0.0,-9999,0.0,-9999,0.0,-9999,-9999,-9999,-9999,-9999,-9999,8.07643,0.0,42.5628,0.0,53.9935,-9999,-9999,-9999,-9999,125.13,0.0,158.735,-9999,-9999,-9999,-9999,11.0,3,22,26,0,0,3.13641,0.0,-9999,-9999,3.13641,0.0,-9999,-9999,3.13576,0.0,0.00261442,3.09134,3.12171,3.13641,3.13641,3.1399,3.15365,3.16041,0.0,0.0,0.0,0.0,0.0,0.0,0.0,3.36388,0.512684,0.0,-9999,-9999,2.73344,0.597132,0.0,-9999,-9999,3.36388,0.512684,0.0,-9999,-9999,2.73344,0.597132,0.0,-9999,-9999,3.34244,3.36388,3.36388,3.36388,3.37123,3.41435,3.45871,0.0,0.0,0.0,0.0,0.0,0.0,0.0,2.6714,2.67767,2.70107,2.73344,2.73344,2.73344,2.73344,0.0,0.0,0.0,0.0,0.0,0.0,0.0,2.88967,2.84343,2.91001,0.0130523,2.82305,2.84454,2.84831,2.85226,2.96152,2.99453,3.04632,-0.270742,-0.292976,-0.225752,0.0135632,-0.31336,-0.291873,-0.288097,-0.284149,-0.160191,-0.107327,-0.0968153,2.93584,3.02188,3.12753,0.0394165,2.78314,2.83917,2.93443,3.13576,3.24796,3.52829,3.539,1.17235,1.064,1.04644,0.0361947,0.700179,0.778358,0.973917,0.994138,1.17235,1.43109,1.43616,-9999,-9999
20120405,-9999,-9999,-9999,-9999,-9999,-9999,-9999,-9999,8.501,6.488,1.822,10.204,2.869,8.501,0.0,6.488,1.822,0.0,10.204,2.869,0.0,388.817,-9999,-9999,280.557,280.557,0.0,-9999,-9999,288.486,288.486,0.0,-9999,-9999,280.669,280.669,0.0,-9999,-9999,5.707,5.707,0.0,102.067,102.067,0.0,0.0,0.0,0.0,4.14,4.14,0.0,-9999,0.0,-9999,0.0,-9999,0.0,-9999,0.0,-9999,0.0,-9999,0.0,-9999,-9999,-9999,-9999,-9999,-9999,9.76183,0.0,41.6425,0.0,52.7068,-9999,-9999,-9999,-9999,125.513,0.0,158.862,-9999,-9999,-9999,-9999,11.0,3,22,26,0,0,3.1408,0.0,-9999,-9999,3.19988,0.0,-9999,-9999,3.15992,0.0,0.00672774,3.09034,3.11818,3.12226,3.15375,3.19988,3.19988,3.19988,0.0,0.0,0.0,0.0,0.0,0.0,0.0,3.26776,0.357563,0.0,-9999,-9999,2.82258,0.374649,0.0,-9999,-9999,3.26776,0.357563,0.0,-9999,-9999,2.92769,0.418174,0.0,-9999,-9999,3.26776,3.26776,3.26776,3.26776,3.30656,3.31224,3.32199,0.0,0.0,0.0,0.0,0.0,0.0,0.0,2.68675,2.7437,2.75063,2.82258,2.92769,2.92769,2.92769,0.0,0.0,0.0,0.0,0.0,0.0,0.0,2.73716,2.69685,2.76422,0.0134868,2.67201,2.69819,2.7028,2.70763,2.81601,2.85637,2.90352,-0.416581,-0.503036,-0.395663,0.0197623,-0.527871,-0.499122,-0.496386,-0.48743,-0.302167,-0.252228,-0.218737,2.767,2.8621,2.98163,0.0370913,2.66687,2.70459,2.767,3.01838,3.07548,3.33226,3.34273,1.17028,1.06226,1.04345,0.0365022,0.683183,0.772027,0.972145,0.992224,1.17028,1.42924,1.43433,-9999,-9999
20120406,-9999,-9999,-9999,-9999,-9999,-9999,-9999,-9999,9.033,6.401,2.073,11.26,3.876,9.033,0.0,6.401,2.073,0.0,11.26,3.876,0.0,391.269,-9999,-9999,297.569,297.569,0.0,-9999,-9999,286.76,286.76,0.0,-9999,-9999,278.657,278.657,0.0,-9999,-9999,5.52,5.52,0.0,102.429,102.429,0.0,0.0,0.0,0.0,2.348,2.348,0.0,-9999,0.0,-9999,0.0,-9999,0.0,-9999,0.0,-9999,0.0,-9999,0.0,-9999,-9999,-9999,-9999,-9999,-9999,9.1544,0.0,41.5229,0.0,52.5106,-9999,-9999,-9999,-9999,128.803,0.0,162.887,-9999,-9999,-9999,-9999,11.0,3,22,26,0,0,3.0428,0.0,-9999,-9999,3.08106,0.0,-9999,-9999,3.04695,0.0,0.00284229,3.01174,3.02872,3.03425,3.05375,3.05847,3.05847,3.06432,0.0,0.0,0.0,0.0,0.0,0.0,0.0,3.21163,0.282272,0.0,-9999,-9999,2.69573,0.292378,0.0,-9999,-9999,3.21163,0.282272,0.0,-9999,-9999,2.76379,0.339061,0.0,-9999,-9999,3.17294,3.17294,3.17294,3.19583,3.23923,3.24029,3.25128,0.0,0.0,0.0,0.0,0.0,0.0,0.0,2.61757,2.64402,2.65199,2.69799,2.75635,2.75635,2.76088,0.0,0.0,0.0,0.0,0.0,0.0,0.0,2.79412,2.75124,2.81795,0.0132234,2.72863,2.75247,2.75666,2.76106,2.86932,2.9062,2.95523,-0.259633,-0.329818,-0.228954,0.0158056,-0.342738,-0.306618,-0.302708,-0.297411,-0.162526,-0.114329,-0.0790223,2.83164,2.9218,3.03502,0.0379105,2.70786,2.76323,2.83164,3.0587,3.14,3.40655,3.41707,1.18432,1.07416,1.05752,0.0361459,0.715915,0.791873,0.982417,1.0027,1.18432,1.4438,1.4488,-9999,-9999
20120407,-9999,-9999,-9999,-9999,-9999,-9999,-9999,-9999,11.831,8.64,3.472,14.531,5.22,11.831,0.0,8.64,3.472,0.0,14.531,5.22,0.0,393.697,-9999,-9999,291.285,291.285,0.0,-9999,-9999,297.758,297.758,0.0,-9999,-9999,291.476,291.476,0.0,-9999,-9999,6.865,6.865,0.0,101.994,101.994,0.0,0.0,0.0,0.0,2.229,2.229,0.0,-9999,-9999,-9999,-9999,-9999,-9999,-9999,-9999,-9999,-9999,-9999,-9999,-9999,-9999,-9999,-9999,-9999,-9999,8.07643,0.0,42.5628,0.0,53.9302,-9999,-9999,-9999,-9999,125.13,0.0,158.549,-9999,-9999,-9999,-9999,11.0,3,22,26,0,0,3.13641,0.0,-9999,-9999,3.13641,0.0,-9999,-9999,3.13576,0.0,0.00261442,3.09134,3.12171,3.13641,3.13641,3.1399,3.15365,3.16041,0.0,0.0,0.0,0.0,0.0,0.0,0.0,3.36388,0.512684,0.0,-9999,-9999,2.73344,0.597132,0.0,-9999,-9999,3.36388,0.512684,0.0,-9999,-9999,2.73344,0.597132,0.0,-9999,-9999,3.34244,3.36388,3.36388,3.36388,3.37123,3.41435,3.45871,0.0,0.0,0.0,0.0,0.0,0.0,0.0,2.6714,2.67767,2.70107,2.73344,2.73344,2.73344,2.73344,0.0,0.0,0.0,0.0,0.0,0.0,0.0,3.0911,3.03549,3.09943,0.0121538,3.0235,3.03614,3.03838,3.04071,3.14917,3.16922,3.22778,-0.0693112,-0.100919,-0.0363342,0.0125235,-0.112914,-0.100267,-0.0980342,-0.0956963,0.0274546,0.073979,0.0778825,3.16591,3.23305,3.3155,0.0438392,2.92606,3.02553,3.16062,3.26761,3.47626,3.792,3.80286,1.17934,1.06261,1.03769,0.0376704,0.690418,0.763073,0.944676,0.988606,1.17934,1.43877,1.44381,-9999,-9999
20120408,-9999,-9999,-9999,-9999,-9999,-9999,-9999,-9999,12.435,8.886,2.231,15.196,4.858,12.435,0.0,8.886,2.231,0.0,15.196,4.858,0.0,396.101,-9999,-9999,293.467,293.467,0.0,-9999,-9999,300.305,300.305,0.0,-9999,-9999,294.445,294.445,0.0,-9999,-9999,6.546,6.546,0.0,101.757,101.757,0.0,0.0,0.0,0.0,1.819,1.819,0.0,-9999,0.0,-9999,0.0,-9999,0.0,-9999,0.0,-9999,0.0,-9999,0.0,-9999,-9999,-9999,-9999,-9999,-9999,9.76183,0.0,41.6425,0.0,52.7919,-9999,-9999,-9999,-9999,125.513,0.0,159.118,-9999,-9999,-9999,-9999,11.0,3,21,27,0,0,3.1408,0.0,-9999,-9999,3.19988,0.0,-9999,-9999,3.15992,0.0,0.00672774,3.09034,3.11818,3.12226,3.15375,3.19988,3.19988,3.19988,0.0,0.0,0.0,0.0,0.0,0.0,0.0,3.25024,0.356584,0.0,-9999,-9999,2.85269,0.399314,0.0,-9999,-9999,3.25024,0.356584,0.0,-9999,-9999,2.95392,0.4321,0.0,-9999,-9999,3.25024,3.25024,3.25024,3.25024,3.29089,3.29684,3.306,0.0,0.0,0.0,0.0,0.0,0.0,0.0,2.72288,2.77674,2.78341,2.85269,2.95392,2.95392,2.95392,0.0,0.0,0.0,0.0,0.0,0.0,0.0,3.15478,3.09665,3.1602,0.0120054,3.0866,3.09719,3.09906,3.10102,3.20977,3.22665,3.28717,0.00103695,-0.103238,0.000311008,0.018448,-0.113287,-0.101651,-0.100541,-0.0969055,0.0915949,0.118053,0.16491,3.23667,3.29978,3.37628,0.0453362,2.97427,3.08525,3.2302,3.3177,3.5483,3.87403,3.88497,1.17707,1.06038,1.03568,0.0375606,0.689388,0.761485,0.941791,0.986643,1.17707,1.43631,1.44136,-9999,-9999
20120409,-9999,-9999,-9999,-9999,-9999,-9999,-9999,-9999,12.945,9.579,2.618,15.563,4.498,12.945,0.0,9.579,2.618,0.0,15.563,4.498,0.0,398.481,-9999,-9999,271.224,271.224,0.0,-9999,-9999,314.387,314.387,0.0,-9999,-9999,310.858,310.858,0.0,-9999,-9999,6.414,6.414,0.0,101.378,101.378,0.0,0.0,0.0,0.0,2.145,2.145,0.0,-9999,0.0,-9999,0.0,-9999,0.0,-9999,0.0,-9999,0.0,-9999,0.0,-9999,-9999,-9999,-9999,-9999,-9999,9.1544,0.0,41.5229,0.0,52.7156,-9999,-9999,-9999,-9999,128.803,0.0,163.523,-9999,-9999,-9999,-9999,11.0,3,21,27,0,0,3.0428,0.0,-9999,-9999,3.08106,0.0,-9999,-9999,3.04695,0.0,0.00284229,3.01174,3.02872,3.03425,3.05375,3.05847,3.05847,3.06432,0.0,0.0,0.0,0.0,0.0,0.0,0.0,3.20349,0.286582,0.0,-9999,-9999,2.72117,0.315712,0.0,-9999,-9999,3.20349,0.286582,0.0,-9999,-9999,2.78671,0.353165,0.0,-9999,-9999,3.16295,3.16295,3.16295,3.18693,3.2324,3.23351,3.24502,0.0,0.0,0.0,0.0,0.0,0.0,0.0,2.64508,2.67138,2.67905,2.72335,2.77954,2.77954,2.78391,0.0,0.0,0.0,0.0,0.0,0.0,0.0,3.20898,3.1486,3.21173,0.0118647,3.14036,3.14905,3.15059,3.15219,3.26109,3.27507,3.33729,0.155229,0.067547,0.164823,0.0144311,0.0676057,0.0866443,0.091788,0.0953343,0.229238,0.254539,0.303042,3.29728,3.35657,3.42771,0.0467003,3.01465,3.13591,3.28974,3.35304,3.60964,3.94411,3.95513,1.16886,1.05491,1.02793,0.0381985,0.654362,0.744808,0.940584,0.97893,1.16886,1.42998,1.43522,-9999,-9999
20120410,-9999,-9999,-9999,-9999,-9999,-9999,-9999,-9999,11.318,10.285,0.297,12.121,0.77,11.318,0.0,10.285,0.297,0.0,12.121,0.77,0.0,400.837,-9999,-9999,73.515,73.515,0.0,-9999,-9999,359.367,359.367,0.0,-9999,-9999,363.286,363.286,0.0,-9999,-9999,1.865,1.865,0.0,101.152,101.152,0.0,10.568,10.568,0.0,1.915,1.915,0.0,-9999,0.0,-9999,0.0,-9999,0.0,-9999,0.0,-9999,0.0,-9999,0.0,-9999,-9999,-9999,-9999,-9999,-9999,8.07643,0.0,42.5628,0.0,54.1068,-9999,-9999,-9999,-9999,125.13,0.0,159.068,-9999,-9999,-9999,-9999,11.0,3,21,27,0,0,3.13641,0.0,-9999,-9999,3.13641,0.0,-9999,-9999,3.13576,0.0,0.00261442,3.09134,3.12171,3.13641,3.13641,3.1399,3.15365,3.16041,0.0,0.0,0.0,0.0,0.0,0.0,0.0,3.33237,0.503041,0.0,-9999,-9999,2.7813,0.636156,0.0,-9999,-9999,3.33237,0.503041,0.0,-9999,-9999,2.7813,0.636156,0.0,-9999,-9999,3.30991,3.33237,3.33237,3.33237,3.34007,3.38524,3.43172,0.0,0.0,0.0,0.0,0.0,0.0,0.0,2.72156,2.72759,2.75013,2.7813,2.7813,2.7813,2.7813,0.0,0.0,0.0,0.0,0.0,0.0,0.0,3.03628,2.98418,3.04981,0.0126284,2.96835,2.98503,2.98796,2.99102,3.1009,3.12646,3.1828,-0.124132,-0.15223,-0.0859542,0.013058,-0.168057,-0.151376,-0.14845,-0.145394,-0.0208145,0.0289625,0.0351194,3.09891,3.1755,3.26722,0.0422554,2.8937,2.97657,3.09539,3.24012,3.41382,3.71727,3.72818,0.887806,0.815723,0.765297,0.0405797,0.183935,0.395571,0.73313,0.75251,0.887806,1.13516,1.14211,-9999,-9999
20120411,-9999,-9999,-9999,-9999,-9999,-9999,-9999,-9999,10.746,9.672,0.297,11.582,1.1,10.746,0.0,9.672,0.297,0.0,11.582,1.1,0.0,403.167,-9999,-9999,174.632,174.632,0.0,-9999,-9999,344.758,344.758,0.0,-9999,-9999,346.259,346.259,0.0,-9999,-9999,2.316,2.316,0.0,101.274,101.274,0.0,6.398,6.398,0.0,3.952,3.952,0.0,-9999,0.0,-9999,0.0,-9999,0.0,-9999,0.0,-9999,0.0,-9999,0.0,-9999,-9999,-9999,-9999,-9999,-9999,9.76183,0.0,41.6425,0.0,53.0295,-9999,-9999,-9999,-9999,125.513,0.0,159.835,-9999,-9999,-9999,-9999,11.0,3,21,27,0,0,3.1408,0.0,-9999,-9999,3.19988,0.0,-9999,-9999,3.15992,0.0,0.00672774,3.09034,3.11818,3.12226,3.15375,3.19988,3.19988,3.19988,0.0,0.0,0.0,0.0,0.0,0.0,0.0,3.25024,0.356584,0.0,-9999,-9999,2.85269,0.399314,0.0,-9999,-9999,3.25024,0.356584,0.0,-9999,-9999,2.95392,0.4321,0.0,-9999,-9999,3.25024,3.25024,3.25024,3.25024,3.29089,3.29684,3.306,0.0,0.0,0.0,0.0,0.0,0.0,0.0,2.72288,2.77674,2.78341,2.85269,2.95392,2.95392,2.95392,0.0,0.0,0.0,0.0,0.0,0.0,0.0,2.97536,2.92578,2.99189,0.0128219,2.90792,2.92675,2.93005,2.93351,3.04324,3.07208,3.12649,-0.178383,-0.2741,-0.167991,0.0191944,-0.29196,-0.271293,-0.269334,-0.262927,-0.0749383,-0.0365254,0.00423508,3.03076,3.11166,3.20944,0.0409934,2.84836,2.91964,3.02776,3.20167,3.34487,3.63848,3.64932,1.07668,0.981205,0.94568,0.039708,0.430808,0.6274,0.893336,0.909163,1.07668,1.33509,1.341,-9999,-9999
20120412,-9999,-9999,-9999,-9999,-9999,-9999,-9999,-9999,10.908,9.773,0.416,11.791,1.261,10.908,0.0,9.773,0.416,0.0,11.791,1.261,0.0,405.471,-9999,-9999,171.619,171.619,0.0,-9999,-9999,354.997,354.997,0.0,-9999,-9999,358.193,358.193,0.0,-9999,-9999,2.741,2.741,0.0,101.508,101.508,0.0,15.728,15.728,0.0,6.61,6.61,0.0,-9999,0.0,-9999,0.0,-9999,0.0,-9999,0.0,-9999,0.0,-9999,0.0,-9999,-9999,-9999,-9999,-9999,-9999,9.1544,0.0,41.5229,0.0,52.9368,-9999,-9999,-9999,-9999,128.803,0.0,164.209,-9999,-9999,-9999,-9999,11.0,3,21,27,0,0,3.0428,0.0,-9999,-9999,3.08106,0.0,-9999,-9999,3.04695,0.0,0.00284229,3.01174,3.02872,3.03425,3.05375,3.05847,3.05847,3.06432,0.0,0.0,0.0,0.0,0.0,0.0,0.0,3.20349,0.286582,0.0,-9999,-9999,2.72117,0.315712,0.0,-9999,-9999,3.20349,0.286582,0.0,-9999,-9999,2.78671,0.353165,0.0,-9999,-9999,3.16295,3.16295,3.16295,3.18693,3.2324,3.23351,3.24502,0.0,0.0,0.0,0.0,0.0,0.0,0.0,2.64508,2.67138,2.67905,2.72335,2.77954,2.77954,2.78391,0.0,0.0,0.0,0.0,0.0,0.0,0.0,2.99264,2.94233,3.00828,0.0127615,2.92507,2.94326,2.94645,2.94979,3.05954,3.08741,3.14238,-0.0611118,-0.13873,-0.0386265,0.0153463,-0.146807,-0.117082,-0.112704,-0.10815,0.0276899,0.0668787,0.108129,3.05017,3.12977,3.22578,0.0413457,2.8611,2.93575,3.04679,3.21282,3.36443,3.66088,3.67174,1.05062,0.957844,0.923193,0.0388567,0.42314,0.610391,0.871612,0.886816,1.05062,1.30502,1.31094,-9999,-9999
20120413,-9999,-9999,-9999,-9999,-9999,-9999,-9999,-9999,9.695,9.053,0.964,10.195,0.925,9.695,0.0,9.053,0.964,0.0,10.195,0.925,0.0,407.748,-9999,-9999,189.644,189.644,0.0,-9999,-9999,338.67,338.67,0.0,-9999,-9999,339.162,339.162,0.0,-9999,-9999,2.38,2.38,0.0,100.803,100.803,0.0,18.928,18.928,0.0,5.065,5.065,0.0,-9999,0.0,-9999,0.0,-9999,0.0,-9999,0.0,-9999,0.0,-9999,0.0,-9999,-9999,-9999,-9999,-9999,-9999,8.07643,0.0,42.5628,0.0,54.3735,-9999,-9999,-9999,-9999,125.13,0.0,159.852,-9999,-9999,-9999,-9999,11.0,3,21,27,0,0,3.13641,0.0,-9999,-9999,3.13641,0.0,-9999,-9999,3.13576,0.0,0.00261442,3.09134,3.12171,3.13641,3.13641,3.1399,3.15365,3.16041,0.0,0.0,0.0,0.0,0.0,0.0,0.0,3.33237,0.503041,0.0,-9999,-9999,2.7813,0.636156,0.0,-9999,-9999,3.33237,0.503041,0.0,-9999,-9999,2.7813,0.636156,0.0,-9999,-9999,3.30991,3.33237,3.33237,3.33237,3.34007,3.38524,3.43172,0.0,0.0,0.0,0.0,0.0,0.0,0.0,2.72156,2.72759,2.75013,2.7813,2.7813,2.7813,2.7813,0.0,0.0,0.0,0.0,0.0,0.0,0.0,2.86339,2.81842,2.88539,0.013192,2.79687,2.81959,2.82358,2.82775,2.93717,2.97197,3.02287,-0.297025,-0.317989,-0.250371,0.0137202,-0.339543,-0.316823,-0.312832,-0.30866,-0.184537,-0.130783,-0.118414,2.90561,2.99432,3.10316,0.0389387,2.76483,2.81869,2.90493,3.11788,3.21815,3.49374,3.50443,1.09994,1.00135,0.968399,0.0393671,0.467392,0.660079,0.913042,0.929806,1.09994,1.35854,1.36426,-9999,-9999
20120414,-9999,-9999,-9999,-9999,-9999,-9999,-9999,-9999,11.361,8.687,2.425,13.44,3.771,11.361,0.0,8.687,2.425,0.0,13.44,3.771,0.0,409.999,-9999,-9999,273.7,273.7,0.0,-9999,-9999,315.4,315.4,0.0,-9999,-9999,312.039,312.039,0.0,-9999,-9999,5.368,5.368,0.0,101.529,101.529,0.0,0.014,0.014,0.0,3.628,3.628,0.0,-9999,-9999,-9999,-9999,-9999,-9999,-9999,-9999,-9999,-9999,-9999,-9999,-9999,-9999,-9999,-9999,-9999,-9999,9.76183,0.0,41.6425,0.0,53.3448,-9999,-9999,-9999,-9999,125.513,0.0,160.785,-9999,-9999,-9999,-9999,11.0,3,21,27,0,0,3.1408,0.0,-9999,-9999,3.19988,0.0,-9999,-9999,3.15992,0.0,0.00672774,3.09034,3.11818,3.12226,3.15375,3.19988,3.19988,3.19988,0.0,0.0,0.0,0.0,0.0,0.0,0.0,3.25024,0.356584,0.0,-9999,-9999,2.85269,0.399314,0.0,-9999,-9999,3.25024,0.356584,0.0,-9999,-9999,2.95392,0.4321,0.0,-9999,-9999,3.25024,3.25024,3.25024,3.25024,3.29089,3.29684,3.306,0.0,0.0,0.0,0.0,0.0,0.0,0.0,2.72288,2.77674,2.78341,2.85269,2.95392,2.95392,2.95392,0.0,0.0,0.0,0.0,0.0,0.0,0.0,3.04098,2.98803,3.05295,0.0124473,2.97342,2.98882,2.99153,2.99437,3.10343,3.12739,3.18413,-0.112765,-0.211854,-0.106931,0.0188528,-0.226466,-0.209553,-0.207945,-0.202683,-0.0147445,0.0187887,0.0618758,3.10716,3.18048,3.26971,0.0425282,2.89273,2.97976,3.10342,3.23714,3.41935,3.72537,3.73622,1.19976,1.08815,1.06533,0.0383543,0.667372,0.780002,0.991111,1.01022,1.19976,1.4671,1.47243,-9999,-9999
20120415,-9999,-9999,-9999,-9999,-9999,-9999,-9999,-9999,13.156,10.202,1.838,15.454,3.799,13.156,0.0,10.202,1.838,0.0,15.454,3.799,0.0,412.223,-9999,-9999,301.466,301.466,0.0,-9999,-9999,318.863,318.863,0.0,-9999,-9999,316.076,316.076,0.0,-9999,-9999,4.98,4.98,0.0,102.237,102.237,0.0,0.0,0.0,0.0,2.237,2.237,0.0,-9999,0.0,-9999,0.0,-9999,0.0,-9999,0.0,-9999,0.0,-9999,0.0,-9999,-9999,-9999,-9999,-9999,-9999,9.1544,0.0,41.5229,0.0,53.4305,-9999,-9999,-9999,-9999,128.803,0.0,165.741,-9999,-9999,-9999,-9999,11.0,3,21,27,0,0,3.0428,0.0,-9999,-9999,3.08106,0.0,-9999,-9999,3.04695,0.0,0.00284229,3.01174,3.02872,3.03425,3.05375,3.05847,3.05847,3.06432,0.0,0.0,0.0,0.0,0.0,0.0,0.0,3.20349,0.286582,0.0,-9999,-9999,2.72117,0.315712,0.0,-9999,-9999,3.20349,0.286582,0.0,-9999,-9999,2.78671,0.353165,0.0,-9999,-9999,3.16295,3.16295,3.16295,3.18693,3.2324,3.23351,3.24502,0.0,0.0,0.0,0.0,0.0,0.0,0.0,2.64508,2.67138,2.67905,2.72335,2.77954,2.77954,2.78391,0.0,0.0,0.0,0.0,0.0,0.0,0.0,3.23155,3.17049,3.23368,0.0118651,3.16259,3.17091,3.17238,3.17391,3.28317,3.29645,3.35928,0.1778,0.0894284,0.186775,0.0144296,0.0898104,0.108417,0.113594,0.116974,0.251319,0.275914,0.325032,3.3214,3.3802,3.44986,0.0471902,3.03313,3.15746,3.31365,3.37105,3.6351,3.97254,3.98361,1.21386,1.10087,1.08247,0.03746,0.727587,0.805313,1.00485,1.0249,1.21386,1.48178,1.48703,-9999,-9999
20120416,-9999,-9999,-9999,-9999,-9999,-9999,-9999,-9999,13.553,10.694,1.597,15.777,3.382,13.553,0.0,10.694,1.597,0.0,15.777,3.382,0.0,414.42,-9999,-9999,284.735,284.735,0.0,-9999,-9999,325.829,325.829,0.0,-9999,-9999,324.195,324.195,0.0,-9999,-9999,5.449,5.449,0.0,102.346,102.346,0.0,0.0,0.0,0.0,2.46,2.46,0.0,-9999,0.0,-9999,0.0,-9999,0.0,-9999,0.0,-9999,0.0,-9999,0.0,-9999,-9999,-9999,-9999,-9999,-9999,8.07643,0.0,42.5628,0.0,55.0137,-9999,-9999,-9999,-9999,125.13,0.0,161.734,-9999,-9999,-9999,-9999,11.0,3,21,27,0,0,3.13641,0.0,-9999,-9999,3.13641,0.0,-9999,-9999,3.13576,0.0,0.00261442,3.09134,3.12171,3.13641,3.13641,3.1399,3.15365,3.16041,0.0,0.0,0.0,0.0,0.0,0.0,0.0,3.33237,0.503041,0.0,-9999,-9999,2.7813,0.636156,0.0,-9999,-9999,3.33237,0.503041,0.0,-9999,-9999,2.7813,0.636156,0.0,-9999,-9999,3.30991,3.33237,3.33237,3.33237,3.34007,3.38524,3.43172,0.0,0.0,0.0,0.0,0.0,0.0,0.0,2.72156,2.72759,2.75013,2.7813,2.7813,2.7813,2.7813,0.0,0.0,0.0,0.0,0.0,0.0,0.0,3.27385,3.21104,3.27392,0.0117645,3.20454,3.2114,3.2126,3.21386,3.32324,3.33428,3.39844,0.113435,0.074635,0.138161,0.0120176,0.0681321,0.0749868,0.0761927,0.0774537,0.20153,0.242705,0.244789,3.36867,3.42452,3.49001,0.0482977,3.0647,3.19701,3.36008,3.40261,3.68297,4.0272,4.03833,1.19361,1.08144,1.05867,0.0380927,0.690361,0.772313,0.979648,1.00477,1.19361,1.46115,1.46656,-9999,-9999
20120417,-9999,-9999,-9999,-9999,-9999,-9999,-9999,-9999,13.983,11.011,1.649,16.293,3.004,13.983,0.0,11.011,1.649,0.0,16.293,3.004,0.0,416.588,-9999,-9999,270.489,270.489,0.0,-9999,-9999,338.63,338.63,0.0,-9999,-9999,339.116,339.116,0.0,-9999,-9999,4.529,4.529,0.0,102.121,102.121,0.0,0.115,0.115,0.0,2.717,2.717,0.0,-9999,0.0,-9999,0.0,-9999,0.0,-9999,0.0,-9999,0.0,-9999,0.0,-9999,-9999,-9999,-9999,-9999,-9999,9.76183,0.0,41.6425,0.0,54.0261,-9999,-9999,-9999,-9999,125.513,0.0,162.839,-9999,-9999,-9999,-9999,10.0,3,21,27,0,0,3.1408,0.0,-9999,-9999,3.19988,0.0,-9999,-9999,3.15992,0.0,0.00672774,3.09034,3.11818,3.12226,3.15375,3.19988,3.19988,3.19988,0.0,0.0,0.0,0.0,0.0,0.0,0.0,3.25024,0.356584,0.0,-9999,-9999,2.85269,0.399314,0.0,-9999,-9999,3.25024,0.356584,0.0,-9999,-9999,2.95392,0.4321,0.0,-9999,-9999,3.25024,3.25024,3.25024,3.25024,3.29089,3.29684,3.306,0.0,0.0,0.0,0.0,0.0,0.0,0.0,2.72288,2.77674,2.78341,2.85269,2.95392,2.95392,2.95392,0.0,0.0,0.0,0.0,0.0,0.0,0.0,3.31953,3.25475,3.31719,0.0116402,3.24991,3.25502,3.25591,3.25686,3.36624,3.37466,3.44029,0.165785,0.0548695,0.157301,0.0181063,0.050023,0.0556327,0.0561663,0.0579117,0.248066,0.26588,0.318035,3.42015,3.4724,3.5331,0.0495658,3.09815,3.23956,3.40073,3.43548,3.7347,4.08654,4.09772,1.19194,1.08271,1.06027,0.0382607,0.659894,0.771299,0.990274,1.00987,1.19194,1.45975,1.46519,-9999,-9999
20120418,-9999,-9999,-9999,-9999,-9999,-9999,-9999,-9999,14.903,12.611,2.371,16.686,3.359,14.903,0.0,12.611,2.371,0.0,16.686,3.359,0.0,418.729,-9999,-9999,296.84,296.84,0.0,-9999,-9999,343.366,343.366,0.0,-9999,-9999,344.636,344.636,0.0,-9999,-9999,5.895,5.895,0.0,102.043,102.043,0.0,0.064,0.064,0.0,3.226,3.226,0.0,-9999,0.0,-9999,0.0,-9999,0.0,-9999,0.0,-9999,0.0,-9999,0.0,-9999,-9999,-9999,-9999,-9999,-9999,9.1544,0.0,41.5229,0.0,53.938,-9999,-9999,-9999,-9999,128.803,0.0,167.315,-9999,-9999,-9999,-9999,9.0,3,21,27,0,0,3.0428,0.0,-9999,-9999,3.08106,0.0,-9999,-9999,3.04695,0.0,0.00284229,3.01174,3.02872,3.03425,3.05375,3.05847,3.05847,3.06432,0.0,0.0,0.0,0.0,0.0,0.0,0.0,3.20349,0.286582,0.0,-9999,-9999,2.72117,0.315712,0.0,-9999,-9999,3.20349,0.286582,0.0,-9999,-9999,2.78671,0.353165,0.0,-9999,-9999,3.16295,3.16295,3.16295,3.18693,3.2324,3.23351,3.24502,0.0,0.0,0.0,0.0,0.0,0.0,0.0,2.64508,2.67138,2.67905,2.72335,2.77954,2.77954,2.78391,0.0,0.0,0.0,0.0,0.0,0.0,0.0,3.4173,3.3482,3.40958,0.0113779,3.34706,3.34826,3.34847,3.3487,3.46058,3.46098,3.52941,0.363546,0.267139,0.362671,0.0139021,0.273624,0.284203,0.289958,0.290455,0.426132,0.439997,0.495158,3.53079,3.57488,3.62503,0.0524368,3.16908,3.33042,3.46033,3.51901,3.84543,4.21384,4.22511,1.21188,1.09819,1.0777,0.0379015,0.718689,0.79601,0.998223,1.02072,1.21188,1.48045,1.48575,-9999,-9999
20120419,-9999,-9999,-9999,-9999,-9999,-9999,-9999,-9999,17.422,14.961,3.654,19.336,4.024,17.422,0.0,14.961,3.654,0.0,19.336,4.024,0.0,420.84,-9999,-9999,300.588,300.588,0.0,-9999,-9999,351.768,351.768,0.0,-9999,-9999,354.43,354.43,0.0,-9999,-9999,6.631,6.631,0.0,101.996,101.996,0.0,0.0,0.0,0.0,3.609,3.609,0.0,-9999,0.0,-9999,0.0,-9999,0.0,-9999,0.0,-9999,0.0,-9999,0.0,-9999,-9999,-9999,-9999,-9999,-9999,8.07643,0.0,42.5628,0.0,55.3748,-9999,-9999,-9999,-9999,125.13,0.0,162.796,-9999,-9999,-9999,-9999,8.0,3,21,27,0,0,3.13641,0.0,-9999,-9999,3.13641,0.0,-9999,-9999,3.13576,0.0,0.00261442,3.09134,3.12171,3.13641,3.13641,3.1399,3.15365,3.16041,0.0,0.0,0.0,0.0,0.0,0.0,0.0,3.33237,0.503041,0.0,-9999,-9999,2.7813,0.636156,0.0,-9999,-9999,3.33237,0.503041,0.0,-9999,-9999,2.7813,0.636156,0.0,-9999,-9999,3.30991,3.33237,3.33237,3.33237,3.34007,3.38524,3.43172,0.0,0.0,0.0,0.0,0.0,0.0,0.0,2.72156,2.72759,2.75013,2.7813,2.7813,2.7813,2.7813,0.0,0.0,0.0,0.0,0.0,0.0,0.0,3.68302,3.60156,3.65948,0.0107631,3.59731,3.5987,3.59881,3.61148,3.71026,3.72911,3.76894,0.522609,0.465151,0.523724,0.0106333,0.460902,0.462288,0.462397,0.475073,0.576555,0.599785,0.615293,3.83436,3.85345,3.87318,0.061223,3.3578,3.57628,3.64662,3.74929,4.14661,4.56175,4.57321,1.22064,1.1033,1.0807,0.0384238,0.721491,0.798176,0.993411,1.02552,1.22064,1.48991,1.49517,-9999,-9999
20120420,-9999,-9999,-9999,-9999,-9999,-9999,-9999,-9999,21.396,17.923,2.008,23.877,5.277,21.396,0.0,17.923,2.008,0.0,23.877,5.277,0.0,422.923,-9999,-9999,305.151,305.151,0.0,-9999,-9999,354.791,354.791,0.0,-9999,-9999,357.953,357.953,0.0,-9999,-9999,11.399,11.399,0.0,101.659,101.659,0.0,0.0,0.0,0.0,3.22,3.22,0.0,-9999,0.0,-9999,0.0,-9999,0.0,-9999,0.0,-9999,0.0,-9999,0.0,-9999,-9999,-9999,-9999,-9999,-9999,9.76183,0.0,41.6425,0.0,54.1915,-9999,-9999,-9999,-9999,125.513,0.0,163.337,-9999,-9999,-9999,-9999,7.0,3,20,28,0,0,3.1408,0.0,-9999,-9999,3.19988,0.0,-9999,-9999,3.15992,0.0,0.00672774,3.09034,3.11818,3.12226,3.15375,3.19988,3.19988,3.19988,0.0,0.0,0.0,0.0,0.0,0.0,0.0,3.28145,0.335144,0.0,-9999,-9999,2.8446,0.394181,0.0,-9999,-9999,3.28145,0.335144,0.0,-9999,-9999,2.94221,0.428522,0.0,-9999,-9999,3.28145,3.28145,3.28145,3.28145,3.32354,3.33035,3.34088,0.0,0.0,0.0,0.0,0.0,0.0,0.0,2.71879,2.76919,2.77821,2.8446,2.94221,2.94221,2.94221,0.0,0.0,0.0,0.0,0.0,0.0,0.0,4.09738,3.99595,4.04781,0.0105344,3.98384,3.98779,3.9881,4.02217,4.10343,4.1394,4.14936,0.943636,0.796065,0.887922,0.0164555,0.783956,0.787906,0.788217,0.827167,0.977021,1.01545,1.01715,4.31103,4.28791,4.25832,0.0767502,3.65317,3.81364,3.91272,4.1985,4.61647,5.10646,5.11814,1.2284,1.08058,1.03069,0.0449967,0.654962,0.726337,0.856478,1.0298,1.2284,1.49832,1.50355,-9999,-9999
20120421,-9999,-9999,-9999,-9999,-9999,-9999,-9999,-9999,22.27,19.124,2.908,24.518,5.263,22.27,0.0,19.124,2.908,0.0,24.518,5.263,0.0,424.976,-9999,-9999,309.535,309.535,0.0,-9999,-9999,355.966,355.966,0.0,-9999,-9999,359.322,359.322,0.0,-9999,-9999,12.127,12.127,0.0,101.328,101.328,0.0,0.0,0.0,0.0,1.674,1.674,0.0,-9999,-9999,-9999,-9999,-9999,-9999,-9999,-9999,-9999,-9999,-9999,-9999,-9999,-9999,-9999,-9999,-9999,-9999,9.1544,0.0,41.5229,0.0,54.0546,-9999,-9999,-9999,-9999,128.803,0.0,167.676,-9999,-9999,-9999,-9999,6.0,3,20,28,0,0,3.0428,0.0,-9999,-9999,3.08106,0.0,-9999,-9999,3.04695,0.0,0.00284229,3.01174,3.02872,3.03425,3.05375,3.05847,3.05847,3.06432,0.0,0.0,0.0,0.0,0.0,0.0,0.0,3.23343,0.258125,0.0,-9999,-9999,2.71701,0.310593,0.0,-9999,-9999,3.23343,0.258125,0.0,-9999,-9999,2.78021,0.348269,0.0,-9999,-9999,3.19713,3.19713,3.19713,3.21663,3.2633,3.2699,3.27538,0.0,0.0,0.0,0.0,0.0,0.0,0.0,2.64377,2.66759,2.67758,2.71988,2.76882,2.76882,2.77447,0.0,0.0,0.0,0.0,0.0,0.0,0.0,4.18819,4.08227,4.13269,0.0106301,4.06837,4.0729,4.07326,4.11239,4.18936,4.22009,4.23913,1.13444,1.00122,1.08578,0.0125378,1.00878,1.01324,1.01444,1.05328,1.15092,1.18551,1.19615,4.41601,4.38314,4.34242,0.0803861,3.71206,3.86101,3.96641,4.28593,4.71948,5.22619,5.2379,1.23222,1.08408,1.03457,0.044924,0.666327,0.73132,0.859097,1.03314,1.23222,1.50235,1.50756,-9999,-9999
20120422,-9999,-9999,-9999,-9999,-9999,-9999,-9999,-9999,20.513,16.572,1.936,23.328,4.414,20.513,0.0,16.572,1.936,0.0,23.328,4.414,0.0,427.001,-9999,-9999,309.712,309.712,0.0,-9999,-9999,356.752,356.752,0.0,-9999,-9999,360.238,360.238,0.0,-9999,-9999,8.334,8.334,0.0,101.168,101.168,0.0,0.0,0.0,0.0,2.016,2.016,0.0,-9999,0.0,-9999,0.0,-9999,0.0,-9999,0.0,-9999,0.0,-9999,0.0,-9999,-9999,-9999,-9999,-9999,-9999,8.07643,0.0,42.5628,0.0,55.3614,-9999,-9999,-9999,-9999,125.13,0.0,162.756,-9999,-9999,-9999,-9999,5.0,3,20,28,0,0,3.13641,0.0,-9999,-9999,3.13641,0.0,-9999,-9999,3.13576,0.0,0.00261442,3.09134,3.12171,3.13641,3.13641,3.1399,3.15365,3.16041,0.0,0.0,0.0,0.0,0.0,0.0,0.0,3.35964,0.499931,0.0,-9999,-9999,2.7815,0.624265,0.0,-9999,-9999,3.35964,0.499931,0.0,-9999,-9999,2.7815,0.624265,0.0,-9999,-9999,3.34714,3.35964,3.35964,3.35964,3.36772,3.41515,3.47289,0.0,0.0,0.0,0.0,0.0,0.0,0.0,2.71598,2.7218,2.75145,2.7815,2.7815,2.7815,2.7815,0.0,0.0,0.0,0.0,0.0,0.0,0.0,4.00602,3.90911,3.96241,0.0104974,3.8988,3.90216,3.90243,3.93317,4.01699,4.05498,4.05822,0.84561,0.772696,0.826649,0.0099981,0.762393,0.765753,0.766018,0.796763,0.88353,0.894865,0.910426,4.2054,4.19211,4.1737,0.0731451,3.58447,3.76594,3.85867,4.11053,4.51284,4.98601,4.99765,1.23336,1.10158,1.06704,0.0411504,0.703118,0.774667,0.941982,1.03412,1.23336,1.50366,1.50886,-9999,-9999
20120423,-9999,-9999,-9999,-9999,-9999,-9999,-9999,-9999,16.185,13.836,1.288,17.863,2.791,16.185,0.0,13.836,1.288,0.0,17.863,2.791,0.0,428.995,-9999,-9999,298.747,298.747,0.0,-9999,-9999,346.264,346.264,0.0,-9999,-9999,348.014,348.014,0.0,-9999,-9999,6.124,6.124,0.0,101.311,101.311,0.0,0.038,0.038,0.0,3.26,3.26,0.0,-9999,0.0,-9999,0.0,-9999,0.0,-9999,0.0,-9999,0.0,-9999,0.0,-9999,-9999,-9999,-9999,-9999,-9999,9.76183,0.0,41.6425,0.0,54.1857,-9999,-9999,-9999,-9999,125.513,0.0,163.319,-9999,-9999,-9999,-9999,4.0,3,20,28,0,0,3.1408,0.0,-9999,-9999,3.19988,0.0,-9999,-9999,3.15992,0.0,0.00672774,3.09034,3.11818,3.12226,3.15375,3.19988,3.19988,3.19988,0.0,0.0,0.0,0.0,0.0,0.0,0.0,3.28145,0.335144,0.0,-9999,-9999,2.8446,0.394181,0.0,-9999,-9999,3.28145,0.335144,0.0,-9999,-9999,2.94221,0.428522,0.0,-9999,-9999,3.28145,3.28145,3.28145,3.28145,3.32354,3.33035,3.34088,0.0,0.0,0.0,0.0,0.0,0.0,0.0,2.71879,2.76919,2.77821,2.8446,2.94221,2.94221,2.94221,0.0,0.0,0.0,0.0,0.0,0.0,0.0,3.55354,3.47842,3.53836,0.0110778,3.4767,3.47726,3.47731,3.48243,3.58763,3.5985,3.65368,0.399791,0.27854,0.378471,0.0175248,0.27682,0.27738,0.277425,0.28294,0.466255,0.471783,0.531423,3.68492,3.71768,3.75318,0.0566596,3.268,3.45707,3.57241,3.61832,3.99975,4.39119,4.4026,1.2293,1.11322,1.09155,0.0385795,0.723941,0.805891,1.01,1.03555,1.2293,1.50078,1.50609,-9999,-9999
20120424,-9999,-9999,-9999,-9999,-9999,-9999,-9999,-9999,16.619,14.058,1.748,18.449,2.858,16.619,0.0,14.058,1.748,0.0,18.449,2.858,0.0,430.959,-9999,-9999,256.174,256.174,0.0,-9999,-9999,359.359,359.359,0.0,-9999,-9999,363.277,363.277,0.0,-9999,-9999,6.814,6.814,0.0,101.64,101.64,0.0,0.21,0.21,0.0,2.126,2.126,0.0,-9999,0.0,-9999,0.0,-9999,0.0,-9999,0.0,-9999,0.0,-9999,0.0,-9999,-9999,-9999,-9999,-9999,-9999,9.1544,0.0,41.5229,0.0,53.9453,-9999,-9999,-9999,-9999,128.803,0.0,167.337,-9999,-9999,-9999,-9999,3.0,3,20,28,0,0,3.0428,0.0,-9999,-9999,3.08106,0.0,-9999,-9999,3.04695,0.0,0.00284229,3.01174,3.02872,3.03425,3.05375,3.05847,3.05847,3.06432,0.0,0.0,0.0,0.0,0.0,0.0,0.0,3.23343,0.258125,0.0,-9999,-9999,2.71701,0.310593,0.0,-9999,-9999,3.23343,0.258125,0.0,-9999,-9999,2.78021,0.348269,0.0,-9999,-9999,3.19713,3.19713,3.19713,3.21663,3.2633,3.2699,3.27538,0.0,0.0,0.0,0.0,0.0,0.0,0.0,2.64377,2.66759,2.67758,2.71988,2.76882,2.76882,2.77447,0.0,0.0,0.0,0.0,0.0,0.0,0.0,3.59927,3.522,3.58132,0.0109706,3.51945,3.52028,3.52035,3.52795,3.63114,3.64464,3.69479,0.545518,0.440947,0.534407,0.0134249,0.454413,0.460982,0.461814,0.464217,0.599146,0.600478,0.660494,3.73728,3.76562,3.79581,0.0581982,3.30031,3.49934,3.59952,3.66377,4.05159,4.45115,4.46258,1.19978,1.08533,1.05516,0.0401892,0.62201,0.752844,0.974336,1.00496,1.19978,1.47108,1.47666,-9999,-9999
20120425,-9999,-9999,-9999,-9999,-9999,-9999,-9999,-9999,14.873,13.257,1.033,16.026,1.623,14.873,0.0,13.257,1.033,0.0,16.026,1.623,0.0,432.893,-9999,-9999,107.015,107.015,0.0,-9999,-9999,370.555,370.555,0.0,-9999,-9999,376.327,376.327,0.0,-9999,-9999,3.064,3.064,0.0,101.306,101.306,0.0,18.065,18.065,0.0,2.276,2.276,0.0,-9999,0.0,-9999,0.0,-9999,0.0,-9999,0.0,-9999,0.0,-9999,0.0,-9999,-9999,-9999,-9999,-9999,-9999,8.07643,0.0,42.5628,0.0,55.6438,-9999,-9999,-9999,-9999,125.13,0.0,163.586,-9999,-9999,-9999,-9999,2.0,3,20,28,0,0,3.13641,0.0,-9999,-9999,3.13641,0.0,-9999,-9999,3.13576,0.0,0.00261442,3.09134,3.12171,3.13641,3.13641,3.1399,3.15365,3.16041,0.0,0.0,0.0,0.0,0.0,0.0,0.0,3.35964,0.499931,0.0,-9999,-9999,2.7815,0.624265,0.0,-9999,-9999,3.35964,0.499931,0.0,-9999,-9999,2.7815,0.624265,0.0,-9999,-9999,3.34714,3.35964,3.35964,3.35964,3.36772,3.41515,3.47289,0.0,0.0,0.0,0.0,0.0,0.0,0.0,2.71598,2.7218,2.75145,2.7815,2.7815,2.7815,2.7815,0.0,0.0,0.0,0.0,0.0,0.0,0.0,3.41484,3.3462,3.40796,0.0114573,3.34439,3.34629,3.34663,3.34697,3.45854,3.46016,3.52877,0.254423,0.209788,0.272198,0.0116053,0.207983,0.209884,0.210216,0.210561,0.334985,0.368747,0.375119,3.52637,3.57227,3.62373,0.0522011,3.16965,3.32879,3.45923,3.51499,3.84254,4.20953,4.22084,0.94353,0.865064,0.820145,0.0401411,0.265867,0.468533,0.780325,0.801461,0.94353,1.19736,1.20425,-9999,-9999
20120426,-9999,-9999,-9999,-9999,-9999,-9999,-9999,-9999,13.682,12.453,0.98,14.56,1.23,13.682,0.0,12.453,0.98,0.0,14.56,1.23,0.0,434.796,-9999,-9999,236.723,236.723,0.0,-9999,-9999,349.837,349.837,0.0,-9999,-9999,352.179,352.179,0.0,-9999,-9999,4.628,4.628,0.0,101.598,101.598,0.0,4.816,4.816,0.0,4.13,4.13,0.0,-9999,0.0,-9999,0.0,-9999,0.0,-9999,0.0,-9999,0.0,-9999,0.0,-9999,-9999,-9999,-9999,-9999,-9999,9.76183,0.0,41.6425,0.0,54.4406,-9999,-9999,-9999,-9999,125.513,0.0,164.088,-9999,-9999,-9999,-9999,1.0,3,20,28,0,0,3.1408,0.0,-9999,-9999,3.19988,0.0,-9999,-9999,3.15992,0.0,0.00672774,3.09034,3.11818,3.12226,3.15375,3.19988,3.19988,3.19988,0.0,0.0,0.0,0.0,0.0,0.0,0.0,3.28145,0.335144,0.0,-9999,-9999,2.8446,0.394181,0.0,-9999,-9999,3.28145,0.335144,0.0,-9999,-9999,2.94221,0.428522,0.0,-9999,-9999,3.28145,3.28145,3.28145,3.28145,3.32354,3.33035,3.34088,0.0,0.0,0.0,0.0,0.0,0.0,0.0,2.71879,2.76919,2.77821,2.8446,2.94221,2.94221,2.94221,0.0,0.0,0.0,0.0,0.0,0.0,0.0,3.2883,3.22533,3.28852,0.0118275,3.21861,3.22569,3.22693,3.22822,3.33817,3.34931,3.41376,0.134555,0.0254456,0.128638,0.0182879,0.0187275,0.0264976,0.0272318,0.0296287,0.219998,0.240709,0.291507,3.38284,3.43963,3.50497,0.0485115,3.07835,3.21131,3.37439,3.41729,3.69919,4.04455,4.05574,1.16852,1.06266,1.03476,0.0394957,0.579819,0.730519,0.970264,0.98852,1.16852,1.43786,1.44362,-9999,-9999
20120427,-9999,-9999,-9999,-9999,-9999,-9999,-9999,-9999,14.587,11.904,2.887,16.503,4.147,14.587,0.0,11.904,2.887,0.0,16.503,4.147,0.0,436.667,-9999,-9999,320.379,320.379,0.0,-9999,-9999,315.591,315.591,0.0,-9999,-9999,312.262,312.262,0.0,-9999,-9999,8.854,8.854,0.0,102.236,102.236,0.0,0.0,0.0,0.0,4.092,4.092,0.0,-9999,0.0,-9999,0.0,-9999,0.0,-9999,0.0,-9999,0.0,-9999,0.0,-9999,-9999,-9999,-9999,-9999,-9999,9.1544,0.0,41.5229,0.0,54.0087,-9999,-9999,-9999,-9999,128.803,0.0,167.534,-9999,-9999,-9999,-9999,5.0,3,20,28,0,0,3.0428,0.0,-9999,-9999,3.08106,0.0,-9999,-9999,3.04695,0.0,0.00284229,3.01174,3.02872,3.03425,3.05375,3.05847,3.05847,3.06432,0.0,0.0,0.0,0.0,0.0,0.0,0.0,3.23343,0.258125,0.0,-9999,-9999,2.71701,0.310593,0.0,-9999,-9999,3.23343,0.258125,0.0,-9999,-9999,2.78021,0.348269,0.0,-9999,-9999,3.19713,3.19713,3.19713,3.21663,3.2633,3.2699,3.27538,0.0,0.0,0.0,0.0,0.0,0.0,0.0,2.64377,2.66759,2.67758,2.71988,2.76882,2.76882,2.77447,0.0,0.0,0.0,0.0,0.0,0.0,0.0,3.38332,3.31551,3.37704,0.0114197,3.31343,3.31562,3.31602,3.31643,3.42665,3.42967,3.49746,0.329572,0.234454,0.330136,0.0139514,0.240086,0.251791,0.257464,0.258373,0.393631,0.409047,0.463216,3.49333,3.53929,3.59247,0.0515183,3.143,3.29846,3.4352,3.48212,3.80702,4.17027,4.18148,1.24915,1.12289,1.09597,0.0399421,0.731942,0.80669,0.988623,1.04713,1.24915,1.5242,1.52956,-9999,-9999
20120428,-9999,-9999,-9999,-9999,-9999,-9999,-9999,-9999,17.434,14.253,2.327,19.706,4.625,17.434,0.0,14.253,2.327,0.0,19.706,4.625,0.0,438.507,-9999,-9999,324.412,324.412,0.0,-9999,-9999,327.842,327.842,0.0,-9999,-9999,326.541,326.541,0.0,-9999,-9999,10.906,10.906,0.0,101.57,101.57,0.0,0.0,0.0,0.0,4.268,4.268,0.0,-9999,-9999,-9999,-9999,-9999,-9999,-9999,-9999,-9999,-9999,-9999,-9999,-9999,-9999,-9999,-9999,-9999,-9999,8.07643,0.0,42.5628,0.0,55.3833,-9999,-9999,-9999,-9999,125.13,0.0,162.82,-9999,-9999,-9999,-9999,4.0,3,20,28,0,0,3.13641,0.0,-9999,-9999,3.13641,0.0,-9999,-9999,3.13576,0.0,0.00261442,3.09134,3.12171,3.13641,3.13641,3.1399,3.15365,3.16041,0.0,0.0,0.0,0.0,0.0,0.0,0.0,3.35964,0.499931,0.0,-9999,-9999,2.7815,0.624265,0.0,-9999,-9999,3.35964,0.499931,0.0,-9999,-9999,2.7815,0.624265,0.0,-9999,-9999,3.34714,3.35964,3.35964,3.35964,3.36772,3.41515,3.47289,0.0,0.0,0.0,0.0,0.0,0.0,0.0,2.71598,2.7218,2.75145,2.7815,2.7815,2.7815,2.7815,0.0,0.0,0.0,0.0,0.0,0.0,0.0,3.68364,3.60208,3.65993,0.0107518,3.59778,3.59918,3.59929,3.61214,3.7107,3.72972,3.7692,0.523228,0.465673,0.524174,0.010619,0.46137,0.462772,0.462884,0.475731,0.577081,0.599999,0.615552,3.83539,3.85411,3.8736,0.0612799,3.35781,3.57673,3.64637,3.7503,4.14733,4.56277,4.57422,1.26042,1.12193,1.08415,0.0426465,0.714168,0.785033,0.94262,1.05685,1.26042,1.53675,1.54209,-9999,-9999
20120429,-9999,-9999,-9999,-9999,-9999,-9999,-9999,-9999,18.508,14.573,2.902,21.319,5.348,18.508,0.0,14.573,2.902,0.0,21.319,5.348,0.0,440.316,-9999,-9999,326.991,326.991,0.0,-9999,-9999,335.319,335.319,0.0,-9999,-9999,335.257,335.257,0.0,-9999,-9999,9.992,9.992,0.0,101.187,101.187,0.0,0.0,0.0,0.0,2.57,2.57,0.0,-9999,0.0,-9999,0.0,-9999,0.0,-9999,0.0,-9999,0.0,-9999,0.0,-9999,-9999,-9999,-9999,-9999,-9999,9.76183,0.0,41.6425,0.0,54.1007,-9999,-9999,-9999,-9999,125.513,0.0,163.063,-9999,-9999,-9999,-9999,3.0,3,20,28,0,0,3.1408,0.0,-9999,-9999,3.19988,0.0,-9999,-9999,3.15992,0.0,0.00672774,3.09034,3.11818,3.12226,3.15375,3.19988,3.19988,3.19988,0.0,0.0,0.0,0.0,0.0,0.0,0.0,3.28145,0.335144,0.0,-9999,-9999,2.8446,0.394181,0.0,-9999,-9999,3.28145,0.335144,0.0,-9999,-9999,2.94221,0.428522,0.0,-9999,-9999,3.28145,3.28145,3.28145,3.28145,3.32354,3.33035,3.34088,0.0,0.0,0.0,0.0,0.0,0.0,0.0,2.71879,2.76919,2.77821,2.8446,2.94221,2.94221,2.94221,0.0,0.0,0.0,0.0,0.0,0.0,0.0,3.79514,3.70806,3.76412,0.0105616,3.70153,3.70366,3.70383,3.72331,3.81616,3.84219,3.86818,0.641399,0.508171,0.604234,0.0168601,0.50165,0.503776,0.503944,0.524941,0.690645,0.710161,0.745927,3.9644,3.97103,3.9768,0.0654087,3.43476,3.65004,3.70975,3.87661,4.27382,4.70985,4.72134,1.26485,1.12163,1.0803,0.0436775,0.709015,0.778394,0.925967,1.06064,1.26485,1.54182,1.54716,-9999,-9999
20120430,-9999,-9999,-9999,-9999,-9999,-9999,-9999,-9999,18.023,14.843,1.921,20.294,4.034,18.023,0.0,14.843,1.921,0.0,20.294,4.034,0.0,442.093,-9999,-9999,307.964,307.964,0.0,-9999,-9999,342.963,342.963,0.0,-9999,-9999,344.167,344.167,0.0,-9999,-9999,8.551,8.551,0.0,101.334,101.334,0.0,0.0,0.0,0.0,2.885,2.885,0.0,-9999,0.0,-9999,0.0,-9999,0.0,-9999,0.0,-9999,0.0,-9999,0.0,-9999,-9999,-9999,-9999,-9999,-9999,9.1544,0.0,41.5229,0.0,54.2842,-9999,-9999,-9999,-9999,128.803,0.0,168.388,-9999,-9999,-9999,-9999,2.0,3,20,28,0,0,3.0428,0.0,-9999,-9999,3.08106,0.0,-9999,-9999,3.04695,0.0,0.00284229,3.01174,3.02872,3.03425,3.05375,3.05847,3.05847,3.06432,0.0,0.0,0.0,0.0,0.0,0.0,0.0,3.23343,0.258125,0.0,-9999,-9999,2.71701,0.310593,0.0,-9999,-9999,3.23343,0.258125,0.0,-9999,-9999,2.78021,0.348269,0.0,-9999,-9999,3.19713,3.19713,3.19713,3.21663,3.2633,3.2699,3.27538,0.0,0.0,0.0,0.0,0.0,0.0,0.0,2.64377,2.66759,2.67758,2.71988,2.76882,2.76882,2.77447,0.0,0.0,0.0,0.0,0.0,0.0,0.0,3.74623,3.66188,3.71903,0.0106794,3.65653,3.65828,3.65841,3.67435,3.77058,3.7929,3.82616,0.692477,0.58082,0.672124,0.013042,0.594596,0.599351,0.599808,0.611258,0.732739,0.749119,0.791793,3.90633,3.91971,3.93237,0.0634041,3.40305,3.62771,3.68501,3.81974,4.21823,4.64434,4.65585,1.25125,1.1215,1.08834,0.0414938,0.71367,0.787991,0.973434,1.04855,1.25125,1.52818,1.53363,-9999,-9999
20120501,-9999,-9999,-9999,-9999,-9999,-9999,-9999,-9999,15.373,11.863,1.545,17.881,3.684,15.373,0.0,11.863,1.545,0.0,17.881,3.684,0.0,443.838,-9999,-9999,321.682,321.682,0.0,-9999,-9999,318.996,318.996,0.0,-9999,-9999,316.23,316.23,0.0,-9999,-9999,8.364,8.364,0.0,101.244,101.244,0.0,0.0,0.0,0.0,3.317,3.317,0.0,-9999,0.0,-9999,0.0,-9999,0.0,-9999,0.0,-9999,0.0,-9999,0.0,-9999,-9999,-9999,-9999,-9999,-9999,8.07643,0.0,42.5628,0.0,55.6438,-9999,-9999,-9999,-9999,125.13,0.0,163.586,-9999,-9999,-9999,-9999,1.0,3,20,28,0,0,3.13641,0.0,-9999,-9999,3.13641,0.0,-9999,-9999,3.13576,0.0,0.00261442,3.09134,3.12171,3.13641,3.13641,3.1399,3.15365,3.16041,0.0,0.0,0.0,0.0,0.0,0.0,0.0,3.35964,0.499931,0.0,-9999,-9999,2.7815,0.624265,0.0,-9999,-9999,3.35964,0.499931,0.0,-9999,-9999,2.7815,0.624265,0.0,-9999,-9999,3.34714,3.35964,3.35964,3.35964,3.36772,3.41515,3.47289,0.0,0.0,0.0,0.0,0.0,0.0,0.0,2.71598,2.7218,2.75145,2.7815,2.7815,2.7815,2.7815,0.0,0.0,0.0,0.0,0.0,0.0,0.0,3.46652,3.39503,3.45568,0.0112186,3.39459,3.39473,3.39474,3.3961,3.50383,3.51063,3.57332,0.306104,0.258621,0.319918,0.0113052,0.25818,0.258321,0.258333,0.259686,0.380552,0.411474,0.419674,3.58747,3.62649,3.67074,0.0540364,3.2034,3.37579,3.50917,3.55365,3.90125,4.27859,4.28988,1.26319,1.13341,1.10358,0.0409879,0.732974,0.807819,0.989833,1.05883,1.26319,1.5417,1.54715,-9999,-9999
20120502,-9999,-9999,-9999,-9999,-9999,-9999,-9999,-9999,13.869,10.788,1.257,16.07,3.683,13.869,0.0,10.788,1.257,0.0,16.07,3.683,0.0,445.551,-9999,-9999,311.385,311.385,0.0,-9999,-9999,317.586,317.586,0.0,-9999,-9999,314.587,314.587,0.0,-9999,-9999,8.046,8.046,0.0,101.326,101.326,0.0,0.0,0.0,0.0,3.005,3.005,0.0,-9999,0.0,-9999,0.0,-9999,0.0,-9999,0.0,-9999,0.0,-9999,0.0,-9999,-9999,-9999,-9999,-9999,-9999,9.76183,0.0,41.6425,-9999,-9999,-9999,-9999,-9999,-9999,125.513,-9999,-9999,-9999,-9999,-9999,-9999,-9999,-9999,20,28,0,0,3.1408,0.0,-9999,-9999,3.19988,0.0,-9999,-9999,3.15992,0.0,0.00672774,3.09034,3.11818,3.12226,3.15375,3.19988,3.19988,3.19988,0.0,0.0,0.0,0.0,0.0,0.0,0.0,3.28145,0.335144,0.0,-9999,-9999,2.8446,0.394181,0.0,-9999,-9999,3.28145,0.335144,0.0,-9999,-9999,2.94221,0.428522,0.0,-9999,-9999,3.28145,3.28145,3.28145,3.28145,3.32354,3.33035,3.34088,0.0,0.0,0.0,0.0,0.0,0.0,0.0,2.71879,2.76919,2.77821,2.8446,2.94221,2.94221,2.94221,0.0,0.0,0.0,0.0,0.0,0.0,0.0,3.30721,3.24289,3.30537,0.0116575,3.23771,3.24317,3.24413,3.24514,3.35443,3.36341,3.42868,0.15346,0.0430062,0.145487,0.0181228,0.0378283,0.0438224,0.0443932,0.0462613,0.236258,0.254625,0.306422,3.40659,3.45949,3.52128,0.0492492,3.08866,3.22795,3.39279,3.42621,3.72077,4.07076,4.08191,1.26463,1.13906,1.11132,0.0407393,0.73595,0.813387,1.0094,1.05971,1.26463,1.54491,1.55046,-9999,-9999
20120503,-9999,-9999,-9999,-9999,-9999,-9999,-9999,-9999,12.572,11.009,2.046,13.689,2.163,12.572,0.0,11.009,2.046,0.0,13.689,2.163,0.0,447.232,-9999,-9999,141.047,141.047,0.0,-9999,-9999,351.961,351.961,0.0,-9999,-9999,354.655,354.655,0.0,-9999,-9999,4.316,4.316,0.0,101.727,101.727,0.0,0.286,0.286,0.0,2.669,2.669,0.0,-9999,0.0,-9999,0.0,-9999,0.0,-9999,0.0,-9999,0.0,-9999,0.0,-9999,-9999,-9999,-9999,-9999,-9999,9.1544,0.0,41.5229,-9999,-9999,-9999,-9999,-9999,-9999,128.803,-9999,-9999,-9999,-9999,-9999,-9999,-9999,-9999,20,28,0,0,3.0428,0.0,-9999,-9999,3.08106,0.0,-9999,-9999,3.04695,0.0,0.00284229,3.01174,3.02872,3.03425,3.05375,3.05847,3.05847,3.06432,0.0,0.0,0.0,0.0,0.0,0.0,0.0,3.23343,0.258125,0.0,-9999,-9999,2.71701,0.310593,0.0,-9999,-9999,3.23343,0.258125,0.0,-9999,-9999,2.78021,0.348269,0.0,-9999,-9999,3.19713,3.19713,3.19713,3.21663,3.2633,3.2699,3.27538,0.0,0.0,0.0,0.0,0.0,0.0,0.0,2.64377,2.66759,2.67758,2.71988,2.76882,2.76882,2.77447,0.0,0.0,0.0,0.0,0.0,0.0,0.0,3.16995,3.11196,3.17617,0.0121493,3.10117,3.11254,3.11454,3.11662,3.22638,3.24403,3.30472,0.116203,0.0309034,0.12926,0.0147235,0.0286692,0.0507085,0.0556401,0.0602358,0.194533,0.223498,0.270473,3.25009,3.31561,3.39294,0.0454464,2.99078,3.10085,3.24406,3.33522,3.56522,3.89125,3.9023,1.1366,1.03746,0.989238,0.0454432,0.350598,0.610749,0.942297,0.958749,1.1366,1.4173,1.42397,-9999,-9999
20120504,-9999,-9999,-9999,-9999,-9999,-9999,-9999,-9999,14.076,12.307,1.172,15.339,2.375,14.076,0.0,12.307,1.172,0.0,15.339,2.375,0.0,448.879,-9999,-9999,281.536,281.536,0.0,-9999,-9999,335.42,335.42,0.0,-9999,-9999,335.374,335.374,0.0,-9999,-9999,5.984,5.984,0.0,102.138,102.138,0.0,0.48,0.48,0.0,3.42,3.42,0.0,-9999,0.0,-9999,0.0,-9999,0.0,-9999,0.0,-9999,0.0,-9999,0.0,-9999,-9999,-9999,-9999,-9999,-9999,8.07643,0.0,42.5628,-9999,-9999,-9999,-9999,-9999,-9999,125.13,-9999,-9999,-9999,-9999,-9999,-9999,-9999,-9999,20,28,0,0,3.13641,0.0,-9999,-9999,3.13641,0.0,-9999,-9999,3.13576,0.0,0.00261442,3.09134,3.12171,3.13641,3.13641,3.1399,3.15365,3.16041,0.0,0.0,0.0,0.0,0.0,0.0,0.0,3.35964,0.499931,0.0,-9999,-9999,2.7815,0.624265,0.0,-9999,-9999,3.35964,0.499931,0.0,-9999,-9999,2.7815,0.624265,0.0,-9999,-9999,3.34714,3.35964,3.35964,3.35964,3.36772,3.41515,3.47289,0.0,0.0,0.0,0.0,0.0,0.0,0.0,2.71598,2.7218,2.75145,2.7815,2.7815,2.7815,2.7815,0.0,0.0,0.0,0.0,0.0,0.0,0.0,3.32992,3.26497,3.32758,0.0116736,3.26006,3.26524,3.26615,3.26709,3.37683,3.3852,3.45107,0.169511,0.128563,0.19182,0.0118903,0.123648,0.128828,0.129735,0.130683,0.255116,0.29369,0.29742,3.43059,3.48327,3.5437,0.0497426,3.10761,3.24974,3.40971,3.4452,3.74638,4.09918,4.1104,1.23304,1.11831,1.09305,0.0400391,0.684477,0.790056,1.01458,1.03747,1.23304,1.51233,1.51811,-9999,-9999
20120505,-9999,-9999,-9999,-9999,-9999,-9999,-9999,-9999,17.447,14.396,4.299,19.627,4.973,17.447,0.0,14.396,4.299,0.0,19.627,4.973,0.0,450.494,-9999,-9999,342.073,342.073,0.0,-9999,-9999,312.577,312.577,0.0,-9999,-9999,308.749,308.749,0.0,-9999,-9999,14.041,14.041,0.0,102.052,102.052,0.0,0.0,0.0,0.0,5.062,5.062,0.0,-9999,-9999,-9999,-9999,-9999,-9999,-9999,-9999,-9999,-9999,-9999,-9999,-9999,-9999,-9999,-9999,-9999,-9999,9.76183,0.0,41.6425,-9999,-9999,-9999,-9999,-9999,-9999,125.513,-9999,-9999,-9999,-9999,-9999,-9999,-9999,-9999,20,28,0,0,3.1408,0.0,-9999,-9999,3.19988,0.0,-9999,-9999,3.15992,0.0,0.00672774,3.09034,3.11818,3.12226,3.15375,3.19988,3.19988,3.19988,0.0,0.0,0.0,0.0,0.0,0.0,0.0,3.28145,0.335144,0.0,-9999,-9999,2.8446,0.394181,0.0,-9999,-9999,3.28145,0.335144,0.0,-9999,-9999,2.94221,0.428522,0.0,-9999,-9999,3.28145,3.28145,3.28145,3.28145,3.32354,3.33035,3.34088,0.0,0.0,0.0,0.0,0.0,0.0,0.0,2.71879,2.76919,2.77821,2.8446,2.94221,2.94221,2.94221,0.0,0.0,0.0,0.0,0.0,0.0,0.0,3.68457,3.60271,3.66028,0.010709,3.59821,3.59968,3.59979,3.61323,3.71101,3.73062,3.76885,0.530822,0.402821,0.500399,0.0170896,0.398329,0.399793,0.399909,0.414384,0.587859,0.598593,0.646595,3.83766,3.8551,3.87371,0.0614588,3.35672,3.5771,3.64426,3.75254,4.14847,4.5648,4.57623,1.29517,1.14023,1.09066,0.046628,0.709006,0.776045,0.904851,1.08593,1.29517,1.5797,1.58524,-9999,-9999
20120506,-9999,-9999,-9999,-9999,-9999,-9999,-9999,-9999,19.495,16.002,1.918,21.99,5.104,19.495,0.0,16.002,1.918,0.0,21.99,5.104,0.0,452.077,-9999,-9999,344.495,344.495,0.0,-9999,-9999,317.3,317.3,0.0,-9999,-9999,314.254,314.254,0.0,-9999,-9999,16.813,16.813,0.0,101.666,101.666,0.0,0.0,0.0,0.0,4.5,4.5,0.0,-9999,0.0,-9999,0.0,-9999,0.0,-9999,0.0,-9999,0.0,-9999,0.0,-9999,-9999,-9999,-9999,-9999,-9999,9.1544,0.0,41.5229,-9999,-9999,-9999,-9999,-9999,-9999,128.803,-9999,-9999,-9999,-9999,-9999,-9999,-9999,-9999,20,28,0,0,3.0428,0.0,-9999,-9999,3.08106,0.0,-9999,-9999,3.04695,0.0,0.00284229,3.01174,3.02872,3.03425,3.05375,3.05847,3.05847,3.06432,0.0,0.0,0.0,0.0,0.0,0.0,0.0,3.23343,0.258125,0.0,-9999,-9999,2.71701,0.310593,0.0,-9999,-9999,3.23343,0.258125,0.0,-9999,-9999,2.78021,0.348269,0.0,-9999,-9999,3.19713,3.19713,3.19713,3.21663,3.2633,3.2699,3.27538,0.0,0.0,0.0,0.0,0.0,0.0,0.0,2.64377,2.66759,2.67758,2.71988,2.76882,2.76882,2.77447,0.0,0.0,0.0,0.0,0.0,0.0,0.0,3.89936,3.80754,3.86236,0.0105109,3.79923,3.80194,3.80215,3.82695,3.91568,3.94737,3.96266,0.845611,0.726481,0.815451,0.0127444,0.737734,0.742758,0.74347,0.764549,0.877238,0.904008,0.928212,4.08293,4.08028,4.07445,0.0691173,3.50954,3.70856,3.77589,3.99264,4.39191,4.84594,4.85752,1.29985,1.12878,1.06438,0.050841,0.663287,0.735743,0.834977,1.06603,1.29985,1.5853,1.59085,-9999,-9999
20120507,18.926,0.0,16.045,1.259,0.0,20.985,3.459,0.0,20.029,15.21,3.852,23.471,6.059,20.029,0.0,15.21,3.852,0.0,23.471,6.059,0.0,453.625,356.165,0.0,345.876,345.876,0.0,342.705,0.0,321.293,321.293,0.0,328.548,0.0,318.908,318.908,0.0,10.079,0.0,17.448,17.448,0.0,101.528,101.528,0.0,0.0,0.0,0.0,3.616,3.616,0.0,-9999,0.0,-9999,0.0,-9999,0.0,-9999,0.0,-9999,0.0,-9999,0.0,380.825,0.0,22.004,0.0,24.118,0.0,8.07643,0.0,42.5628,-9999,-9999,-9999,-9999,-9999,-9999,125.13,-9999,-9999,-9999,-9999,-9999,-9999,-9999,-9999,20,28,0,0,3.13641,0.0,-9999,-9999,3.13641,0.0,-9999,-9999,3.13576,0.0,0.00261442,3.09134,3.12171,3.13641,3.13641,3.1399,3.15365,3.16041,0.0,0.0,0.0,0.0,0.0,0.0,0.0,3.35964,0.499931,0.0,-9999,-9999,2.7815,0.624265,0.0,-9999,-9999,3.35964,0.499931,0.0,-9999,-9999,2.7815,0.624265,0.0,-9999,-9999,3.34714,3.35964,3.35964,3.35964,3.36772,3.41515,3.47289,0.0,0.0,0.0,0.0,0.0,0.0,0.0,2.71598,2.7218,2.75145,2.7815,2.7815,2.7815,2.7815,0.0,0.0,0.0,0.0,0.0,0.0,0.0,3.95187,3.85691,3.91036,0.0104354,3.8472,3.85037,3.85062,3.87963,3.96418,4.00025,4.00687,0.791455,0.720497,0.774605,0.00997318,0.710793,0.713957,0.714206,0.743224,0.831447,0.840121,0.855662,4.14619,4.13539,4.12162,0.0714758,3.5423,3.73062,3.81973,4.05461,4.45164,4.91689,4.92842,1.30344,1.11883,1.04329,0.0543426,0.571571,0.703339,0.783214,1.04675,1.30344,1.58963,1.59519,-9999,-9999
20120508,18.656,0.0,15.72,1.541,0.0,20.754,3.541,0.0,20.062,15.315,3.364,23.453,5.951,20.062,0.0,15.315,3.364,0.0,23.453,5.951,0.0,455.141,356.54,0.0,342.285,342.285,0.0,339.996,0.0,330.401,330.401,0.0,323.869,0.0,329.524,329.524,0.0,10.735,0.0,14.913,14.913,0.0,101.378,101.378,0.0,0.0,0.0,0.0,2.848,2.848,0.0,-9999,0.0,-9999,0.0,-9999,0.0,-9999,0.0,-9999,0.0,-9999,0.0,379.233,0.0,22.051,0.0,24.866,0.0,9.76183,0.0,41.6425,-9999,-9999,-9999,-9999,1.47836,-9999,125.513,-9999,-9999,-9999,-9999,4.16149,-9999,-9999,-9999,20,28,18,28,3.1408,0.0,0.0926115,0.101222,3.19988,0.0,0.0939873,0.102483,3.15992,0.0,0.00672774,3.09034,3.11818,3.12226,3.15375,3.19988,3.19988,3.19988,0.0,0.0,0.0,0.0,0.0,0.0,0.0,3.28145,0.335144,0.0,0.144215,0.146273,2.8446,0.394181,0.0,0.113584,0.142777,3.28145,0.335144,0.0,0.148328,0.15033,2.94221,0.428522,0.0,0.114226,0.143288,3.28145,3.28145,3.28145,3.28145,3.32354,3.33035,3.34088,0.0,0.0,0.0,0.0,0.0,0.0,0.0,2.71879,2.76919,2.77821,2.8446,2.94221,2.94221,2.94221,0.0,0.0,0.0,0.0,0.0,0.0,0.0,3.95571,3.86066,3.91416,0.0104442,3.85095,3.85412,3.85437,3.8834,3.96804,4.00414,4.01075,0.801968,0.660779,0.754276,0.0165542,0.651066,0.654233,0.654482,0.685774,0.841627,0.872398,0.888491,4.15016,4.13941,4.12546,0.0715625,3.54562,3.73364,3.823,4.05849,4.45597,4.92164,4.93319,1.30439,1.13073,1.06392,0.0517269,0.634682,0.730493,0.831314,1.06631,1.30439,1.5912,1.59679,-9999,-9999
20120509,18.15,0.0,15.083,1.269,0.0,20.342,3.409,0.0,20.091,15.879,2.585,23.1,5.155,20.091,0.0,15.879,2.585,0.0,23.1,5.155,0.0,456.623,357.842,0.0,339.833,339.833,0.0,335.262,0.0,335.311,335.311,0.0,318.844,0.0,335.247,335.247,0.0,10.758,0.0,12.69,12.69,0.0,101.297,101.297,0.0,0.0,0.0,0.0,2.421,2.421,0.0,-9999,0.0,-9999,0.0,-9999,0.0,-9999,0.0,-9999,0.0,-9999,0.0,378.64,0.0,21.615,0.0,25.372,0.0,9.1544,0.0,41.5229,-9999,-9999,-9999,-9999,1.49912,-9999,128.803,-9999,-9999,-9999,-9999,3.73908,-9999,-9999,-9999,20,28,20,28,3.0428,0.0,0.083931,0.0852388,3.08106,0.0,0.0876418,0.088895,3.04695,0.0,0.00284229,3.01174,3.02872,3.03425,3.05375,3.05847,3.05847,3.06432,0.0,0.0,0.0,0.0,0.0,0.0,0.0,3.23343,0.258125,0.0,0.126614,0.131738,2.71701,0.310593,0.0,0.105095,0.116649,3.23343,0.258125,0.0,0.132224,0.137138,2.78021,0.348269,0.0,0.109735,0.120846,3.19713,3.19713,3.19713,3.21663,3.2633,3.2699,3.27538,0.0,0.0,0.0,0.0,0.0,0.0,0.0,2.64377,2.66759,2.67758,2.71988,2.76882,2.76882,2.77447,0.0,0.0,0.0,0.0,0.0,0.0,0.0,3.96067,3.86573,3.91949,0.0104758,3.85614,3.85927,3.85952,3.88813,3.97349,4.0092,4.01672,0.906923,0.78467,0.872578,0.0126439,0.795083,0.79998,0.800801,0.826027,0.935048,0.966025,0.982242,4.15425,4.14458,4.13099,0.0715419,3.55132,3.73964,3.82927,4.06248,4.46149,4.92708,4.93867,1.30624,1.14508,1.08949,0.048578,0.698885,0.765074,0.890319,1.08975,1.30624,1.59361,1.59921,-9999,-9999
20120510,18.926,0.0,16.045,1.259,0.0,20.985,3.459,0.0,20.387,16.803,2.689,22.947,5.592,20.387,0.0,16.803,2.689,0.0,22.947,5.592,0.0,458.071,356.165,0.0,341.906,341.906,0.0,342.705,0.0,330.786,330.786,0.0,330.146,0.0,329.973,329.973,0.0,10.079,0.0,15.535,15.535,0.0,101.109,101.109,0.0,0.0,0.0,0.0,2.988,2.988,0.0,-9999,0.0,-9999,0.0,-9999,0.0,-9999,0.0,-9999,0.0,-9999,0.0,380.825,0.0,22.004,0.0,24.118,0.0,8.07643,0.0,42.5628,-9999,-9999,-9999,-9999,1.41629,-9999,125.13,-9999,-9999,-9999,-9999,3.24116,-9999,-9999,-9999,20,28,20,28,3.13641,0.0,0.082699,0.0842267,3.13641,0.0,0.086911,0.0883659,3.13576,0.0,0.00261442,3.09134,3.12171,3.13641,3.13641,3.1399,3.15365,3.16041,0.0,0.0,0.0,0.0,0.0,0.0,0.0,3.35964,0.499931,0.0,0.124106,0.127172,2.7815,0.624265,0.0,0.10395,0.108151,3.35964,0.499931,0.0,0.130747,0.133661,2.7815,0.624265,0.0,0.109049,0.113061,3.34714,3.35964,3.35964,3.35964,3.36772,3.41515,3.47289,0.0,0.0,0.0,0.0,0.0,0.0,0.0,2.71598,2.7218,2.75145,2.7815,2.7815,2.7815,2.7815,0.0,0.0,0.0,0.0,0.0,0.0,0.0,3.99163,3.89521,3.94854,0.0104786,3.88506,3.88837,3.88863,3.91896,4.00291,4.04043,4.04449,0.831219,0.758803,0.812779,0.00998827,0.748647,0.751959,0.75222,0.782549,0.86963,0.880315,0.895873,4.18977,4.17704,4.15981,0.0727129,3.5731,3.75637,3.84814,4.09616,4.49658,4.96771,4.97932,1.30936,1.13812,1.07418,0.0510297,0.659671,0.742891,0.848452,1.07573,1.30936,1.59721,1.60282,-9999,-9999
20120511,18.656,0.0,15.537,1.342,0.0,20.7,3.489,0.0,20.997,16.295,2.117,24.078,5.621,20.997,0.0,16.295,2.117,0.0,24.078,5.621,0.0,459.485,356.54,0.0,347.264,347.264,0.0,339.996,0.0,328.343,328.343,0.0,323.926,0.0,327.125,327.125,0.0,10.735,0.0,17.678,17.678,0.0,101.267,101.267,0.0,0.0,0.0,0.0,2.731,2.731,0.0,-9999,0.0,-9999,0.0,-9999,0.0,-9999,0.0,-9999,0.0,-9999,0.0,379.233,0.0,22.051,0.0,24.866,0.0,9.76183,0.0,41.6425,-9999,-9999,-9999,-9999,1.41402,-9999,125.513,-9999,-9999,-9999,-9999,3.22111,-9999,-9999,-9999,19,29,19,29,3.1408,0.0,0.0803019,0.0900969,3.19988,0.0,0.0831023,0.0926016,3.15992,0.0,0.00672774,3.09034,3.11818,3.12226,3.15375,3.19988,3.19988,3.19988,0.0,0.0,0.0,0.0,0.0,0.0,0.0,3.25699,0.325483,0.0,0.12362,0.126271,2.87569,0.421722,0.0,0.0992229,0.1297,3.25699,0.325483,0.0,0.129404,0.131939,2.96993,0.44649,0.0,0.101887,0.131749,3.25699,3.25699,3.25699,3.25699,3.3013,3.30847,3.3167,0.0,0.0,0.0,0.0,0.0,0.0,0.0,2.75608,2.80287,2.81159,2.87569,2.96993,2.96993,2.96993,0.0,0.0,0.0,0.0,0.0,0.0,0.0,4.05401,3.95442,4.00667,0.0104879,3.94297,3.9467,3.94699,3.97923,4.06173,4.09924,4.10545,0.900263,0.754532,0.846782,0.0164647,0.743082,0.746816,0.74711,0.783968,0.935322,0.971639,0.977252,4.26232,4.24246,4.21736,0.0752208,3.62279,3.78808,3.8842,4.156,4.56737,5.05024,5.06186,1.31427,1.12723,1.05042,0.055025,0.561337,0.706091,0.788039,1.05407,1.31427,1.60258,1.60817,-9999,-9999
20120512,18.15,0.0,14.928,1.093,0.0,20.262,3.375,0.0,20.213,15.117,2.265,23.551,5.821,20.213,0.0,15.117,2.265,0.0,23.551,5.821,0.0,460.866,357.842,0.0,347.398,347.398,0.0,335.262,0.0,330.077,330.077,0.0,322.756,0.0,329.146,329.146,0.0,10.758,0.0,14.977,14.977,0.0,101.627,101.627,0.0,0.0,0.0,0.0,2.361,2.361,0.0,-9999,-9999,-9999,-9999,-9999,-9999,-9999,-9999,-9999,-9999,-9999,-9999,378.64,0.0,21.615,0.0,25.372,0.0,9.1544,0.0,41.5229,-9999,-9999,-9999,-9999,1.36279,-9999,128.803,-9999,-9999,-9999,-9999,3.31153,-9999,-9999,-9999,19,29,19,29,3.0428,0.0,0.0790735,0.0804603,3.08106,0.0,0.0804734,0.0818365,3.04695,0.0,0.00284229,3.01174,3.02872,3.03425,3.05375,3.05847,3.05847,3.06432,0.0,0.0,0.0,0.0,0.0,0.0,0.0,3.21796,0.255487,0.0,0.121732,0.127615,2.74495,0.340108,0.0,0.097703,0.109244,3.21796,0.255487,0.0,0.123971,0.129752,2.80598,0.369074,0.0,0.0993882,0.110754,3.17975,3.17975,3.17975,3.20027,3.24939,3.25635,3.26211,0.0,0.0,0.0,0.0,0.0,0.0,0.0,2.67423,2.69724,2.70689,2.74773,2.79498,2.79498,2.80043,0.0,0.0,0.0,0.0,0.0,0.0,0.0,3.97152,3.87579,3.92913,0.0104519,3.86583,3.86908,3.86933,3.89911,3.98321,4.0201,4.02524,0.917773,0.794733,0.882226,0.0125993,0.804896,0.809755,0.810608,0.837092,0.944769,0.976001,0.990756,4.16799,4.15598,4.14038,0.0721167,3.5572,3.7429,3.83333,4.07594,4.47387,4.94218,4.95374,1.31673,1.14044,1.07299,0.0522684,0.63432,0.737372,0.837562,1.07509,1.31673,1.60545,1.61103,-9999,-9999
20120513,18.926,0.0,15.88,1.049,0.0,20.922,3.414,0.0,16.943,12.765,1.551,19.681,4.429,16.943,0.0,12.765,1.551,0.0,19.681,4.429,0.0,462.213,356.165,0.0,339.584,339.584,0.0,342.705,0.0,327.996,327.996,0.0,329.445,0.0,326.721,326.721,0.0,10.079,0.0,10.326,10.326,0.0,101.732,101.732,0.0,0.0,0.0,0.0,3.32,3.32,0.0,-9999,0.0,-9999,0.0,-9999,0.0,-9999,0.0,-9999,0.0,-9999,0.0,380.825,0.0,22.004,0.0,24.118,0.0,8.07643,0.0,42.5628,-9999,-9999,-9999,-9999,1.33589,-9999,125.13,-9999,-9999,-9999,-9999,3.33103,-9999,-9999,-9999,19,29,19,29,3.13641,0.0,0.0790574,0.0806541,3.13641,0.0,0.080474,0.0820431,3.13576,0.0,0.00261442,3.09134,3.12171,3.13641,3.13641,3.1399,3.15365,3.16041,0.0,0.0,0.0,0.0,0.0,0.0,0.0,3.31874,0.478023,0.0,0.12146,0.124925,2.82823,0.662659,0.0,0.0978152,0.101973,3.31874,0.478023,0.0,0.123645,0.12705,2.82823,0.662659,0.0,0.0995634,0.103651,3.30559,3.31874,3.31874,3.31874,3.32725,3.37718,3.43795,0.0,0.0,0.0,0.0,0.0,0.0,0.0,2.76497,2.77059,2.79921,2.82823,2.82823,2.82823,2.82823,0.0,0.0,0.0,0.0,0.0,0.0,0.0,3.63154,3.55231,3.61074,0.0108267,3.54887,3.54999,3.55008,3.56035,3.66086,3.67713,3.72179,0.471125,0.415897,0.474982,0.0107455,0.412462,0.413581,0.41367,0.423942,0.525912,0.554322,0.568145,3.77632,3.79949,3.82467,0.0595375,3.32017,3.52834,3.61424,3.69285,4.08831,4.49486,4.50626,1.3144,1.16547,1.12103,0.0457698,0.730791,0.802624,0.959229,1.10193,1.3144,1.60336,1.60898,-9999,-9999
20120514,18.656,0.0,15.537,1.342,0.0,20.7,3.489,0.0,15.726,12.412,2.068,17.898,3.532,15.726,0.0,12.412,2.068,0.0,17.898,3.532,0.0,463.525,356.54,0.0,336.555,336.555,0.0,339.996,0.0,327.675,327.675,0.0,324.606,0.0,326.347,326.347,0.0,10.735,0.0,8.744,8.744,0.0,101.846,101.846,0.0,0.0,0.0,0.0,2.34,2.34,0.0,-9999,0.0,-9999,0.0,-9999,0.0,-9999,0.0,-9999,0.0,-9999,0.0,379.233,0.0,22.051,0.0,24.866,0.0,9.76183,0.0,41.6425,0.0,49.9555,-9999,-9999,1.30795,-9999,125.513,0.0,150.57,-9999,-9999,3.42438,-9999,1.0,2,19,29,19,29,3.1408,0.0,0.077224,0.0873648,3.19988,0.0,0.0788084,0.0887683,3.15992,0.0,0.00672774,3.09034,3.11818,3.12226,3.15375,3.19988,3.19988,3.19988,0.0,0.0,0.0,0.0,0.0,0.0,0.0,3.25699,0.325483,0.0,0.119108,0.121858,2.87569,0.421722,0.0,0.0952981,0.126722,3.25699,0.325483,0.0,0.121617,0.124311,2.96993,0.44649,0.0,0.0972185,0.128173,3.25699,3.25699,3.25699,3.25699,3.3013,3.30847,3.3167,0.0,0.0,0.0,0.0,0.0,0.0,0.0,2.75608,2.80287,2.81159,2.87569,2.96993,2.96993,2.96993,0.0,0.0,0.0,0.0,0.0,0.0,0.0,3.50414,3.431,3.49125,0.011138,3.42995,3.43029,3.43032,3.43348,3.53987,3.54861,3.60768,0.350395,0.231116,0.331368,0.0175947,0.230066,0.230407,0.230434,0.233838,0.416577,0.427329,0.48542,3.63,3.66592,3.70614,0.0552032,3.23076,3.41077,3.53958,3.58083,3.94386,4.32754,4.33887,1.31628,1.18049,1.14885,0.0427777,0.762929,0.840706,1.02926,1.10348,1.31628,1.60573,1.61136,-9999,-9999
20120515,18.15,0.0,14.928,1.093,0.0,20.262,3.375,0.0,17.35,13.337,2.172,19.98,4.231,17.35,0.0,13.337,2.172,0.0,19.98,4.231,0.0,464.803,357.842,0.0,341.352,341.352,0.0,335.262,0.0,335.638,335.638,0.0,324.372,0.0,335.628,335.628,0.0,10.758,0.0,9.939,9.939,0.0,101.608,101.608,0.0,0.0,0.0,0.0,2.843,2.843,0.0,-9999,0.0,-9999,0.0,-9999,0.0,-9999,0.0,-9999,0.0,-9999,0.0,378.64,0.0,21.615,0.0,25.372,0.0,9.1544,0.0,41.5229,0.0,49.8382,-9999,-9999,1.32132,-9999,128.803,0.0,154.597,-9999,-9999,3.46306,-9999,2.0,2,19,29,19,29,3.0428,0.0,0.0767596,0.0781874,3.08106,0.0,0.0783338,0.0797334,3.04695,0.0,0.00284229,3.01174,3.02872,3.03425,3.05375,3.05847,3.05847,3.06432,0.0,0.0,0.0,0.0,0.0,0.0,0.0,3.21796,0.255487,0.0,0.117712,0.123786,2.74495,0.340108,0.0,0.0950884,0.106912,3.21796,0.255487,0.0,0.120249,0.126201,2.80598,0.369074,0.0,0.0969728,0.108591,3.17975,3.17975,3.17975,3.20027,3.24939,3.25635,3.26211,0.0,0.0,0.0,0.0,0.0,0.0,0.0,2.67423,2.69724,2.70689,2.74773,2.79498,2.79498,2.80043,0.0,0.0,0.0,0.0,0.0,0.0,0.0,3.67467,3.59348,3.65139,0.0107583,3.5893,3.59066,3.59077,3.60324,3.70204,3.72066,3.76088,0.620916,0.512418,0.604485,0.013163,0.526839,0.53083,0.532192,0.539886,0.665574,0.676744,0.72654,3.82538,3.8447,3.86507,0.0609969,3.3511,3.56833,3.64049,3.7405,4.13718,4.55118,4.56262,1.31856,1.17599,1.13863,0.0441164,0.751541,0.826352,0.99754,1.10548,1.31856,1.60811,1.61372,-9999,-9999
20120516,18.926,0.0,15.969,1.004,0.0,20.701,3.566,0.0,18.416,13.762,2.808,21.208,5.931,18.416,0.0,13.762,2.808,0.0,21.208,5.931,0.0,466.046,356.165,0.0,345.642,345.642,0.0,342.705,0.0,334.5,334.5,0.0,330.143,0.0,334.302,334.302,0.0,10.079,0.0,11.679,11.679,0.0,101.466,101.466,0.0,0.0,0.0,0.0,2.627,2.627,0.0,-9999,0.0,-9999,0.0,-9999,0.0,-9999,0.0,-9999,0.0,-9999,0.0,380.825,0.0,22.004,0.0,24.118,0.0,8.07643,0.0,42.5628,0.0,51.0775,-9999,-9999,1.36832,-9999,125.13,0.0,150.162,-9999,-9999,3.47124,-9999,3.0,2,18,30,18,30,3.13641,0.0,0.07764,0.0792653,3.13641,0.0,0.0788138,0.0804153,3.13576,0.0,0.00261442,3.09134,3.12171,3.13641,3.13641,3.1399,3.15365,3.16041,0.0,0.0,0.0,0.0,0.0,0.0,0.0,3.33886,0.483536,0.0,0.121976,0.125814,2.83251,0.651556,0.0,0.0947306,0.0990955,3.33886,0.483536,0.0,0.124085,0.12786,2.83251,0.651556,0.0,0.0960398,0.100348,3.32906,3.33886,3.33886,3.33886,3.34784,3.40054,3.47817,0.0,0.0,0.0,0.0,0.0,0.0,0.0,2.7689,2.77434,2.80446,2.83251,2.83251,2.83251,2.83251,0.0,0.0,0.0,0.0,0.0,0.0,0.0,3.7842,3.69741,3.75341,0.0105438,3.69095,3.69305,3.69322,3.71256,3.80528,3.83112,3.85737,0.623792,0.561002,0.61765,0.0102816,0.554536,0.556644,0.55681,0.57615,0.674955,0.684539,0.703717,3.9529,3.95958,3.96601,0.0651392,3.4256,3.64194,3.70114,3.86537,4.26149,4.6962,4.70766,1.32252,1.16556,1.11569,0.0474118,0.724483,0.79392,0.93257,1.10894,1.32252,1.61232,1.61791,-9999,-9999
20120517,18.656,0.0,15.636,1.308,0.0,20.469,3.656,0.0,16.903,13.094,1.686,19.188,4.398,16.903,0.0,13.094,1.686,0.0,19.188,4.398,0.0,467.254,356.54,0.0,340.772,340.772,0.0,339.996,0.0,328.236,328.236,0.0,325.276,0.0,327.0,327.0,0.0,10.735,0.0,10.418,10.418,0.0,101.158,101.158,0.0,0.0,0.0,0.0,3.472,3.472,0.0,-9999,0.0,-9999,0.0,-9999,0.0,-9999,0.0,-9999,0.0,-9999,0.0,379.233,0.0,22.051,0.0,24.866,0.0,9.76183,0.0,41.6425,0.0,49.9687,-9999,-9999,1.36874,-9999,125.513,0.0,150.609,-9999,-9999,3.58757,-9999,4.0,2,18,30,18,30,3.1408,0.0,0.0769282,0.0871034,3.19988,0.0,0.0783709,0.0883802,3.15992,0.0,0.00672774,3.09034,3.11818,3.12226,3.15375,3.19988,3.19988,3.19988,0.0,0.0,0.0,0.0,0.0,0.0,0.0,3.27737,0.322212,0.0,0.121032,0.123224,2.87617,0.414395,0.0,0.0937815,0.123829,3.27737,0.322212,0.0,0.123384,0.125535,2.96727,0.438965,0.0,0.0955019,0.125137,3.27737,3.27737,3.27737,3.27737,3.32005,3.32364,3.34742,0.0,0.0,0.0,0.0,0.0,0.0,0.0,2.75468,2.80555,2.8168,2.87617,2.96727,2.96727,2.96727,0.0,0.0,0.0,0.0,0.0,0.0,0.0,3.62763,3.54867,3.60724,0.0108481,3.54536,3.54644,3.54652,3.55642,3.65733,3.67321,3.71865,0.473888,0.348785,0.447352,0.0172632,0.345474,0.346553,0.346639,0.357299,0.535539,0.541179,0.596398,3.77146,3.79539,3.82126,0.0593594,3.31795,3.52489,3.61273,3.69132,4.08386,4.48948,4.50089,1.31058,1.16495,1.12376,0.0449089,0.735441,0.807804,0.970365,1.09854,1.31058,1.59956,1.60521,-9999,-9999
20120518,18.15,0.0,15.013,1.058,0.0,20.033,3.546,0.0,18.457,13.627,3.045,21.355,5.454,18.457,0.0,13.627,3.045,0.0,21.355,5.454,0.0,468.428,357.842,0.0,348.076,348.076,0.0,335.262,0.0,328.68,328.68,0.0,321.503,0.0,327.518,327.518,0.0,10.758,0.0,13.454,13.454,0.0,101.277,101.277,0.0,0.0,0.0,0.0,2.975,2.975,0.0,-9999,0.0,-9999,0.0,-9999,0.0,-9999,0.0,-9999,0.0,-9999,0.0,378.64,0.0,21.615,0.0,25.372,0.0,9.1544,0.0,41.5229,0.0,49.8225,-9999,-9999,1.36874,-9999,128.803,0.0,154.549,-9999,-9999,3.63768,-9999,5.0,2,18,30,18,30,3.0428,0.0,0.0768853,0.0783108,3.08106,0.0,0.078353,0.0797523,3.04695,0.0,0.00284229,3.01174,3.02872,3.03425,3.05375,3.05847,3.05847,3.06432,0.0,0.0,0.0,0.0,0.0,0.0,0.0,3.23616,0.249892,0.0,0.120906,0.124605,2.7498,0.335244,0.0,0.0937559,0.103384,3.23616,0.249892,0.0,0.123281,0.12691,2.80879,0.362981,0.0,0.095515,0.104982,3.20847,3.20847,3.20847,3.22129,3.26688,3.26874,3.28008,0.0,0.0,0.0,0.0,0.0,0.0,0.0,2.67556,2.70344,2.71675,2.75248,2.79057,2.79057,2.79812,0.0,0.0,0.0,0.0,0.0,0.0,0.0,3.78902,3.70205,3.75803,0.0105449,3.69553,3.69765,3.69782,3.71733,3.80996,3.83599,3.8619,0.735274,0.620994,0.71112,0.0128604,0.634115,0.638628,0.639186,0.65452,0.771524,0.792416,0.827507,3.95819,3.96463,3.97062,0.0652878,3.4293,3.64498,3.70441,3.87055,4.26694,4.70237,4.71384,1.32571,1.15852,1.09919,0.0500291,0.70203,0.768902,0.887726,1.10018,1.32571,1.61591,1.62149,-9999,-9999
20120519,18.944,0.0,16.014,0.99,0.0,20.701,3.566,0.0,19.172,15.505,2.634,21.372,5.407,19.172,0.0,15.505,2.634,0.0,21.372,5.407,0.0,469.567,355.323,0.0,346.129,346.129,0.0,342.766,0.0,333.243,333.243,0.0,332.683,0.0,332.837,332.837,0.0,10.055,0.0,13.037,13.037,0.0,101.375,101.375,0.0,0.0,0.0,0.0,2.372,2.372,0.0,-9999,-9999,-9999,-9999,-9999,-9999,-9999,-9999,-9999,-9999,-9999,-9999,380.882,0.0,22.013,0.0,24.09,0.0,8.11056,0.0,42.4907,0.0,50.9731,50.3527,51.0268,1.3896,1.47672,125.128,0.0,150.107,148.28,150.265,3.63358,3.92024,5.0,1,18,30,18,30,3.13641,0.0,0.0774574,0.0790864,3.13641,0.0,0.0789863,0.0805845,3.13576,0.0,0.00261442,3.09134,3.12171,3.13641,3.13641,3.1399,3.15365,3.16041,0.0,0.0,0.0,0.0,0.0,0.0,0.0,3.33886,0.483536,0.0,0.12215,0.125983,2.83251,0.651556,0.0,0.0942936,0.0986779,3.33886,0.483536,0.0,0.124725,0.128481,2.83251,0.651556,0.0,0.0960785,0.100385,3.32906,3.33886,3.33886,3.33886,3.34784,3.40054,3.47817,0.0,0.0,0.0,0.0,0.0,0.0,0.0,2.7689,2.77434,2.80446,2.83251,2.83251,2.83251,2.83251,0.0,0.0,0.0,0.0,0.0,0.0,0.0,3.86502,3.77471,3.8299,0.0105157,3.76696,3.76949,3.76969,3.79283,3.88279,3.9127,3.93131,0.70461,0.638302,0.694136,0.0101736,0.63055,0.633078,0.633277,0.656422,0.753711,0.755838,0.777666,4.04409,4.04429,4.04215,0.0679147,3.48459,3.68881,3.75188,3.95463,4.35301,4.80125,4.81279,1.32737,1.16705,1.1143,0.0482559,0.720741,0.78953,0.92246,1.11308,1.32737,1.6178,1.62338,-9999,-9999
20120520,18.944,0.0,16.014,0.99,0.0,20.701,3.566,0.0,21.32,16.801,2.133,24.031,5.631,21.32,0.0,16.801,2.133,0.0,24.031,5.631,0.0,470.671,355.323,0.0,345.648,345.648,0.0,342.766,0.0,346.724,346.724,0.0,332.961,0.0,348.55,348.55,0.0,10.055,0.0,15.114,15.114,0.0,101.368,101.368,0.0,0.0,0.0,0.0,2.148,2.148,0.0,-9999,0.0,-9999,0.0,-9999,0.0,-9999,0.0,-9999,0.0,-9999,0.0,380.882,0.0,22.013,0.0,24.09,0.0,8.11056,0.0,42.4907,0.0,51.0268,50.3527,51.4035,1.37901,1.58379,125.128,0.0,150.265,148.28,151.375,3.63556,4.29872,6.0,1,18,30,18,30,3.13641,0.0,0.0786046,0.0809514,3.13641,0.0,0.0804148,0.0827102,3.13711,0.0,0.00267473,3.09626,3.12171,3.13641,3.13641,3.1399,3.16041,3.16674,0.0,0.0,0.0,0.0,0.0,0.0,0.0,3.33886,0.483536,0.0,0.123577,0.127367,2.83251,0.651556,0.0,0.0958679,0.0976774,3.33886,0.483536,0.0,0.126803,0.130499,2.83251,0.651556,0.0,0.0978989,0.0996715,3.32906,3.33886,3.33886,3.33886,3.34784,3.40054,3.48535,0.0,0.0,0.0,0.0,0.0,0.0,0.0,2.77649,2.79508,2.80446,2.83251,2.83251,2.83251,2.83251,0.0,0.0,0.0,0.0,0.0,0.0,0.0,4.08788,3.98669,4.03848,0.0105136,3.97462,3.97856,3.97887,4.01285,4.09395,4.12995,4.13974,0.927472,0.850283,0.901369,0.00966643,0.838213,0.842149,0.842459,0.878515,0.958455,0.972262,0.981131,4.30113,4.27797,4.24893,0.0765161,3.64533,3.8065,3.90496,4.1888,4.60577,5.09467,5.10631,1.32843,1.15283,1.08571,0.0523164,0.643965,0.747509,0.854253,1.08862,1.32843,1.61902,1.6246,-9999,-9999
20120521,18.373,0.1875,14.493,1.056,0.5,20.701,3.566,0.0,18.116,15.077,1.893,19.94,4.033,17.557,0.1875,13.586,0.616,0.5,19.94,4.033,0.0,471.74,355.323,0.208333,337.252,337.252,0.208333,340.689,0.1875,340.006,336.876,0.1875,329.83,0.1875,340.719,333.287,0.1875,9.703,0.1875,9.572,9.371,0.1875,101.694,101.694,0.0,0.0,0.0,0.0,3.489,3.489,0.0,-9999,0.0,-9999,0.0,-9999,0.0,-9999,0.0,-9999,0.0,-9999,0.0,380.773,0.1875,21.543,0.1875,25.106,0.1875,7.27227,0.1875,42.0711,0.1875,50.4697,49.0183,50.8958,1.38025,1.96013,126.192,0.1875,151.384,147.03,152.662,3.64831,5.54413,7.0,1,18,30,18,30,3.03325,0.1875,0.0794529,0.0835147,3.03325,0.1875,0.081419,0.0853873,3.03204,0.1875,0.00377741,3.00455,3.01328,3.01779,3.02009,3.04428,3.06474,3.08551,0.1875,0.1875,0.1875,0.1875,0.1875,0.1875,0.1875,3.07376,0.223025,0.5,0.125217,0.13976,2.83251,0.651556,0.0,0.0967599,0.0985529,3.07376,0.223025,0.5,0.12831,0.142537,2.83251,0.651556,0.0,0.099157,0.100908,3.02246,3.03054,3.03404,3.0642,3.10611,3.15469,3.27476,0.5,0.5,0.5,0.5,0.5,0.5,0.5,2.77649,2.79508,2.80446,2.83251,2.83251,2.83251,2.83251,0.0,0.0,0.0,0.0,0.0,0.0,0.0,3.69685,3.61476,3.67251,0.010743,3.61027,3.61173,3.61185,3.62524,3.72346,3.74307,3.78146,0.636564,0.581512,0.64047,0.00801965,0.592178,0.593943,0.594896,0.604377,0.684186,0.69417,0.698629,3.85013,3.86795,3.88615,0.0616964,3.3677,3.58909,3.65505,3.76473,4.16228,4.57983,4.5913,1.32052,1.17913,1.14212,0.0441089,0.751802,0.827629,1.0059,1.10701,1.32052,1.61087,1.6165,-9999,-9999
20120522,18.922,1.0,15.91,0.99,1.0,20.729,3.681,1.0,18.488,15.062,2.136,20.544,4.029,18.922,1.0,15.91,0.99,1.0,20.729,3.681,1.0,472.774,356.86,1.0,346.041,356.86,1.0,342.688,1.0,336.92,342.688,1.0,342.402,1.0,337.123,342.402,1.0,10.099,1.0,10.457,10.099,1.0,101.817,101.756,1.0,0.0,0.0,0.0,4.77,8.167,1.0,0.54,1.0,218.162541667,1.0,682.4215625,1.0,56.1192708333,1.0,45.5586875,1.0,434.516145833,1.0,380.772,1.0,22.005,1.0,24.134,1.0,8.05733,1.0,42.2298,1.0,50.6601,50.0435,51.0879,1.49857,1.68672,125.537,1.0,150.597,148.764,151.869,3.31275,4.03366,8.0,1,18,30,18,30,3.1461,1.0,0.0919057,0.0930067,3.1461,1.0,0.105169,0.106132,3.15561,0.994792,0.00296511,3.13733,3.14544,3.14544,3.14598,3.17101,3.17398,3.17906,1.0,1.0,1.0,1.0,1.0,0.958333,0.958333,3.31533,0.70516,1.0,0.139106,0.147798,2.86157,0.860597,1.0,0.114515,0.117913,3.31533,0.70516,1.0,0.141911,0.150441,2.86157,0.860597,1.0,0.137998,0.140831,3.30926,3.30926,3.30926,3.31416,3.39101,3.40914,3.49001,1.0,1.0,1.0,1.0,1.0,1.0,1.0,2.79975,2.80799,2.82188,2.86157,2.86419,2.86419,2.86419,0.933333,0.933333,1.0,1.0,1.0,1.0,1.0,3.84096,3.75322,3.80739,0.0106428,3.74374,3.74611,3.74621,3.76888,3.86056,3.88769,3.91088,0.658981,0.607124,0.651784,0.00853291,0.598297,0.60067,0.600771,0.6229,0.7,0.709942,0.731812,4.01468,4.01945,4.01936,0.067027,3.47111,3.6403,3.74267,3.9258,4.32605,4.76868,4.78026,1.33857,1.19084,1.15062,0.045461,0.763834,0.837847,0.998749,1.12259,1.33857,1.63147,1.63712,-9999,-9999
20120523,18.401,1.0,15.303,1.644,1.0,20.259,3.875,1.0,18.756,15.623,2.058,20.636,4.079,18.401,1.0,15.303,1.644,1.0,20.259,3.875,1.0,473.773,356.999,1.0,351.653,356.999,1.0,337.329,1.0,328.727,337.329,1.0,332.418,1.0,327.573,332.418,1.0,11.402,1.0,13.201,11.402,1.0,101.397,101.429,1.0,0.0,0.0,0.0,5.99,6.542,1.0,0.441229166667,1.0,208.8801875,1.0,677.880041667,1.0,56.0275208333,1.0,46.0128541667,1.0,438.0660625,1.0,377.652,1.0,22.106,1.0,25.608,1.0,11.459,1.0,40.966,1.0,49.144,48.5458,49.5078,1.43715,1.60436,125.63,1.0,150.71,148.875,151.826,3.44398,4.07972,9.0,1,18,30,18,30,3.13206,1.0,0.0969681,0.125269,3.25003,1.0,0.110864,0.136309,3.16546,0.996875,0.0132412,3.04162,3.08665,3.09229,3.13206,3.24526,3.24526,3.24862,1.0,1.0,1.0,1.0,1.0,1.0,1.0,3.21214,0.61014,1.0,0.129756,0.133617,2.90183,0.561334,1.0,0.127639,0.190578,3.21214,0.61014,1.0,0.132792,0.136567,3.08373,0.830396,1.0,0.151229,0.207119,3.21214,3.21214,3.21214,3.21214,3.27543,3.27591,3.27644,1.0,1.0,1.0,1.0,1.0,1.0,1.0,2.70441,2.79334,2.80225,2.90183,3.07638,3.07638,3.08156,0.866667,1.0,1.0,1.0,1.0,1.0,1.0,3.77466,3.71183,3.72456,0.0107558,3.64933,3.65639,3.65707,3.7121,3.7825,3.80099,3.81738,0.642603,0.461802,0.558795,0.0236679,0.404128,0.411124,0.41181,0.463473,0.693073,0.705707,0.7756,3.95191,3.96176,3.9644,0.0656889,3.43189,3.4721,3.70954,3.86436,4.26368,4.69669,4.70824,1.33992,1.18702,1.13923,0.0477041,0.750971,0.822984,0.973532,1.12368,1.33992,1.63326,1.63893,-9999,-9999
20120524,17.001,1.0,13.377,1.048,1.0,19.175,3.57,1.0,17.642,14.116,1.175,19.758,3.654,17.001,1.0,13.377,1.048,1.0,19.175,3.57,1.0,474.736,363.571,1.0,357.198,363.571,1.0,324.937,1.0,319.302,324.937,1.0,319.114,1.0,316.587,319.114,1.0,10.912,1.0,12.61,10.912,1.0,100.813,100.852,1.0,0.0,0.0,0.0,5.94,7.678,1.0,0.502895833333,1.0,213.502770833,1.0,673.620541667,1.0,55.9970208333,1.0,47.921125,1.0,425.679395833,1.0,377.076,1.0,20.653,1.0,26.539,1.0,7.62431,1.0,41.7154,1.0,50.0957,49.4339,50.4655,1.53562,1.71549,134.985,1.0,162.102,159.96,163.298,3.52592,4.30759,10.0,1,18,30,18,30,2.8587,1.0,0.108909,0.115462,2.85952,1.0,0.120361,0.126321,2.81752,0.997396,0.00557255,2.77518,2.77518,2.77518,2.8318,2.8502,2.85187,2.8587,1.0,1.0,1.0,1.0,1.0,1.0,1.0,3.17292,0.321587,1.0,0.12988,0.137214,2.50389,0.803663,1.0,0.148742,0.15353,3.17292,0.321587,1.0,0.130259,0.137573,2.50516,0.804205,1.0,0.168316,0.172562,3.10246,3.10246,3.10246,3.10246,3.17293,3.19098,3.21769,1.0,1.0,1.0,1.0,1.0,1.0,1.0,2.4174,2.4174,2.4174,2.45492,2.49304,2.49348,2.50389,1.0,1.0,1.0,1.0,1.0,1.0,1.0,3.61187,3.57728,3.55609,0.0119836,3.46407,3.47927,3.48088,3.56154,3.62005,3.62244,3.65224,0.762736,0.717757,0.738572,0.00724245,0.68147,0.690235,0.70527,0.720726,0.770076,0.779488,0.823451,3.78322,3.80703,3.82897,0.0601266,3.32716,3.40693,3.62137,3.70012,4.09639,4.5034,4.51484,1.34155,1.19095,1.14655,0.0467607,0.757659,0.8301,0.98678,1.12505,1.34155,1.63538,1.64107,-9999,-9999
20120525,14.219,1.0,12.444,2.317,1.0,15.285,2.925,1.0,13.217,11.682,1.448,14.138,2.368,14.219,1.0,12.444,2.317,1.0,15.285,2.925,1.0,475.664,317.548,1.0,227.844,317.548,1.0,327.51,1.0,331.113,327.51,1.0,315.982,1.0,330.354,315.982,1.0,8.679,1.0,7.283,8.679,1.0,100.727,100.779,1.0,1.862,1.862,0.0,3.217,5.699,1.0,0.385916666667,1.0,186.004208333,1.0,604.879875,1.0,50.99175,1.0,41.9391875,1.0,416.035604167,1.0,373.755,1.0,19.129,1.0,29.919,1.0,6.94977,1.0,34.3456,1.0,41.202,40.5329,41.5498,1.33601,1.534,114.913,1.0,137.852,135.614,139.016,3.28701,4.14314,11.0,1,18,30,18,30,2.80213,0.979167,0.074888,0.0957731,2.82922,1.0,0.0763565,0.0969257,2.78312,0.995833,0.00906118,2.71234,2.72482,2.72482,2.7625,2.83985,2.84422,2.84657,1.0,1.0,1.0,1.0,1.0,1.0,1.0,3.11695,0.215706,1.0,0.108373,0.198203,2.45025,0.627556,0.966667,0.0954154,0.098463,3.11714,0.215743,1.0,0.110471,0.199358,2.49191,0.584205,1.0,0.0972973,0.100288,2.82248,2.82248,2.82248,3.06143,3.14579,3.15438,3.19169,1.0,1.0,1.0,1.0,1.0,1.0,1.0,2.44371,2.45912,2.48605,2.4974,2.50773,2.50773,2.51112,1.0,1.0,1.0,1.0,1.0,1.0,1.0,3.30388,3.28908,3.27038,0.0125527,3.17613,3.19248,3.20004,3.26367,3.31341,3.3522,3.37538,0.467849,0.459862,0.487375,0.00782665,0.44367,0.457226,0.46329,0.475155,0.497014,0.507566,0.53842,3.44833,3.49917,3.56137,0.0498061,3.11774,3.3714,3.41706,3.45364,3.76359,4.11932,4.13053,1.31243,1.18269,1.15621,0.0415573,0.763485,0.847921,1.05035,1.09986,1.31243,1.60315,1.60891,-9999,-9999
20120526,15.152,1.0,12.176,1.069,1.0,16.937,2.877,1.0,14.785,11.418,1.849,16.805,3.627,15.152,1.0,12.176,1.069,1.0,16.937,2.877,1.0,476.557,335.022,1.0,294.034,335.022,1.0,328.94,1.0,335.616,328.94,1.0,332.418,1.0,335.603,332.418,1.0,7.213,1.0,7.828,7.213,1.0,101.378,101.404,1.0,0.0,0.0,0.0,3.344,4.74,1.0,0.3024375,1.0,198.3511875,1.0,655.806,1.0,51.5464166667,1.0,42.2086875,1.0,422.1630625,1.0,372.229,1.0,20.018,1.0,34.394,1.0,10.4269,1.0,31.2414,1.0,37.4781,36.9275,37.7945,1.2476,1.40342,125.246,1.0,150.249,148.041,151.517,3.85415,4.63608,12.0,1,18,30,18,30,2.68387,1.0,0.0844415,0.119787,2.69323,1.0,0.0855792,0.120592,2.72979,0.997917,0.0112721,2.6296,2.63259,2.66558,2.72978,2.80252,2.80252,2.8104,1.0,1.0,1.0,1.0,1.0,1.0,1.0,3.06468,0.212856,1.0,0.126733,0.149748,2.29927,0.580582,1.0,0.105682,0.183537,3.06468,0.212856,1.0,0.128394,0.151156,2.31371,0.572454,1.0,0.107126,0.184372,2.94299,2.95539,2.99073,3.05275,3.0857,3.11493,3.13065,1.0,1.0,1.0,1.0,1.0,1.0,1.0,2.20534,2.22646,2.24787,2.35074,2.52658,2.52658,2.56738,1.0,1.0,0.9,0.966667,1.0,1.0,1.0,3.38401,3.37539,3.34853,0.0122266,3.2496,3.27265,3.28279,3.34916,3.39084,3.42667,3.44882,0.700141,0.682158,0.618754,0.0217558,0.439195,0.457424,0.480278,0.624,0.735045,0.758253,0.787905,3.56045,3.60261,3.65699,0.0526727,3.1887,3.46203,3.49842,3.54643,3.87539,4.2481,4.2594,1.30646,1.17944,1.1589,0.0399849,0.780186,0.842416,1.05344,1.09438,1.30646,1.59791,1.60376,-9999,-9999
20120527,15.394,1.0,11.997,2.49,1.0,17.432,3.927,1.0,15.313,11.993,2.436,17.305,4.202,15.394,1.0,11.997,2.49,1.0,17.432,3.927,1.0,477.414,353.446,1.0,341.367,353.446,1.0,328.752,1.0,331.0,328.752,1.0,323.904,1.0,330.222,323.904,1.0,7.408,1.0,7.714,7.408,1.0,101.967,101.942,1.0,0.0,0.0,0.0,2.468,4.243,1.0,0.301104166667,1.0,209.966916667,1.0,685.740875,1.0,54.6124375,1.0,45.5031458333,1.0,425.4088125,1.0,372.948,1.0,20.121,1.0,35.126,1.0,13.0434,1.0,30.422,1.0,36.4424,35.9025,36.7653,1.3329,1.47842,132.357,1.0,158.551,156.201,159.955,3.87073,4.76724,13.0,1,18,30,18,30,2.78282,1.0,0.087136,0.15436,2.87533,1.0,0.0883618,0.155055,2.8809,0.993229,0.0175972,2.7495,2.75563,2.75962,2.87411,2.98724,3.01046,3.01046,1.0,1.0,1.0,0.916667,1.0,1.0,1.0,3.2678,0.516214,1.0,0.133654,0.136909,2.32997,0.943288,1.0,0.107791,0.226118,3.26791,0.516188,1.0,0.137023,0.1402,2.47254,0.881001,1.0,0.108637,0.226522,3.12498,3.21532,3.21687,3.25972,3.2678,3.27467,3.27662,1.0,1.0,1.0,1.0,1.0,1.0,1.0,2.2805,2.28826,2.32407,2.47144,2.6858,2.6858,2.69316,1.0,1.0,1.0,0.833333,1.0,1.0,1.0,3.38604,3.3797,3.35899,0.0116712,3.26262,3.28839,3.29921,3.36069,3.39423,3.43359,3.45548,0.602578,0.504367,0.478061,0.0272178,0.276546,0.28875,0.28911,0.454394,0.639027,0.646697,0.68406,3.59011,3.62873,3.68286,0.053662,3.20464,3.47303,3.51695,3.57518,3.90369,4.28152,4.29281,1.34027,1.20593,1.18864,0.0399662,0.815116,0.945568,1.06701,1.12374,1.34027,1.63481,1.64055,-9999,-9999
20120528,15.554,1.0,12.848,0.747,1.0,17.177,3.037,1.0,15.534,11.782,1.731,17.786,3.879,15.554,1.0,12.848,0.747,1.0,17.177,3.037,1.0,478.236,359.843,1.0,355.036,359.843,1.0,322.946,1.0,322.228,322.946,1.0,318.613,1.0,319.997,318.613,1.0,7.835,1.0,8.57,7.835,1.0,101.749,101.694,1.0,0.0,0.0,0.0,3.295,6.553,1.0,0.4343125,1.0,214.153979167,1.0,691.898354167,1.0,55.8004166667,1.0,46.8684166667,1.0,420.368583333,1.0,370.185,1.0,19.921,1.0,35.421,1.0,8.58075,1.0,35.8757,1.0,43.0375,42.3386,43.4008,1.30237,1.5219,143.613,1.0,172.282,169.484,173.736,4.01577,5.10508,14.0,1,18,30,18,30,2.3975,1.0,0.0941646,0.095632,2.39738,1.0,0.0937046,0.095179,2.40297,0.996354,0.00732321,2.36604,2.36742,2.3908,2.39318,2.39962,2.40079,2.45179,1.0,1.0,1.0,1.0,1.0,1.0,0.979167,2.99964,0.755308,1.0,0.120755,0.128144,1.89676,0.878929,1.0,0.125816,0.125816,2.99932,0.755267,1.0,0.122078,0.129391,1.89676,0.878929,1.0,0.124533,0.124533,2.9188,2.92233,2.9808,2.98702,3.00508,3.0081,3.01926,1.0,1.0,1.0,1.0,1.0,1.0,1.0,1.89676,1.89676,1.89676,1.89676,1.89676,1.89676,1.97528,1.0,1.0,1.0,1.0,1.0,1.0,0.966667,3.38116,3.37635,3.36504,0.0111088,3.27427,3.30042,3.31105,3.36246,3.39501,3.43766,3.45891,0.9831,0.978971,0.962071,0.00706446,0.908232,0.920192,0.92044,0.965576,0.993687,1.00331,1.04449,3.60883,3.64736,3.70697,0.0547755,3.21959,3.48638,3.53111,3.59378,3.92375,4.30373,4.31507,1.34922,1.21426,1.20295,0.039599,0.822703,0.983298,1.07591,1.13706,1.34922,1.6453,1.65106,-9999,-9999
20120529,17.291,1.0,13.481,3.534,1.0,19.576,5.566,1.0,16.427,12.46,3.277,18.807,4.923,17.291,1.0,13.481,3.534,1.0,19.576,5.566,1.0,479.022,358.109,1.0,357.697,358.109,1.0,333.814,1.0,323.279,333.814,1.0,327.371,1.0,321.224,327.371,1.0,10.556,1.0,9.906,10.556,1.0,101.717,101.692,1.0,0.0,0.0,0.0,2.503,3.664,1.0,0.2464375,1.0,212.382020833,1.0,688.287291667,1.0,55.5995,1.0,46.7642083333,1.0,431.28925,1.0,378.392,1.0,20.878,1.0,35.66,1.0,14.8627,1.0,33.4002,1.0,40.01,39.3785,40.4061,1.79693,1.95171,131.488,1.0,157.509,155.023,159.069,3.58572,4.67439,15.0,1,18,30,18,30,2.68329,1.0,0.0908367,0.137451,2.70468,1.0,0.0948963,0.140167,2.73518,0.995312,0.012337,2.64887,2.66296,2.67038,2.72567,2.76126,2.86928,2.87986,1.0,1.0,1.0,1.0,1.0,0.979167,0.958333,2.99816,0.647992,1.0,0.13582,0.189914,2.3383,0.819857,1.0,0.113905,0.138663,2.99567,0.704782,1.0,0.13698,0.190745,2.37277,0.84045,1.0,0.12105,0.144589,2.9077,2.93774,2.94605,2.99319,3.06094,3.20322,3.208,1.0,1.0,1.0,1.0,1.0,1.0,1.0,2.32247,2.3395,2.3432,2.36617,2.44895,2.49765,2.50975,1.0,1.0,1.0,1.0,1.0,0.933333,0.966667,3.53233,3.52385,3.51667,0.0100878,3.4306,3.4609,3.46991,3.5111,3.54887,3.57392,3.59823,0.820118,0.819173,0.781412,0.00702888,0.704093,0.735856,0.74314,0.790066,0.800618,0.820118,0.862677,3.81859,3.83703,3.88239,0.0629545,3.34358,3.57906,3.64702,3.74412,4.12896,4.54264,4.55586,1.34978,1.19691,1.17587,0.043758,0.778498,0.903737,0.997903,1.13744,1.34978,1.6465,1.65229,-9999,-9999
20120530,20.926,1.0,16.597,3.209,1.0,23.523,5.814,1.0,19.633,14.967,4.084,22.432,5.986,20.926,1.0,16.597,3.209,1.0,23.523,5.814,1.0,479.772,364.268,1.0,355.074,364.268,1.0,351.831,1.0,338.989,351.831,1.0,347.109,1.0,339.534,347.109,1.0,14.994,1.0,12.661,14.994,1.0,101.71,101.698,1.0,0.0,0.0,0.0,2.942,4.236,1.0,0.2899375,1.0,216.527625,1.0,694.499854167,1.0,54.7478333333,1.0,47.0628125,1.0,450.991166667,1.0,375.955,1.0,23.588,1.0,35.611,1.0,19.8141,1.0,40.3574,1.0,47.8246,47.0216,48.7724,1.66968,2.11475,122.416,1.0,145.066,142.631,147.941,3.89288,5.5364,15.0,1,18,30,18,30,3.10015,1.0,0.0929566,0.116888,3.14342,1.0,0.0946502,0.11824,2.99997,0.993229,0.0121746,2.87287,2.89615,2.93891,3.0035,3.03788,3.03788,3.1596,0.979167,0.958333,0.979167,1.0,1.0,1.0,1.0,3.28443,0.251976,1.0,0.125114,0.143873,2.80926,1.0512,1.0,0.122092,0.193724,3.28208,0.252513,1.0,0.130703,0.148759,2.87739,1.05041,1.0,0.123073,0.194344,3.0487,3.1312,3.13527,3.23704,3.26912,3.27327,3.28018,1.0,1.0,1.0,1.0,1.0,1.0,1.0,2.48621,2.50087,2.56992,2.80168,2.80168,2.80168,2.90699,0.966667,0.933333,0.966667,1.0,1.0,1.0,1.0,3.87166,3.85485,3.84754,0.00919068,3.76491,3.78482,3.80944,3.85209,3.88361,3.8908,3.92491,0.773182,0.71143,0.847572,0.0161776,0.705573,0.763857,0.77155,0.776216,0.916606,0.975927,1.01633,4.25403,4.23477,4.23435,0.0763137,3.61769,3.78379,3.87941,4.16018,4.55906,5.0407,5.05231,1.35296,1.17665,1.13715,0.0491579,0.708602,0.811375,0.901444,1.12882,1.35296,1.64968,1.65544,-9999,-9999
20120531,23.437,1.0,18.672,4.006,1.0,26.296,6.694,1.0,22.172,18.026,3.679,24.66,6.176,23.437,1.0,18.672,4.006,1.0,26.296,6.694,1.0,480.487,360.787,1.0,354.858,360.787,1.0,369.028,1.0,352.28,369.028,1.0,365.073,1.0,355.026,365.073,1.0,18.585,1.0,14.735,18.585,1.0,101.329,101.329,1.0,0.0,0.0,0.0,2.571,2.813,1.0,0.1958125,1.0,216.094104167,1.0,689.227020833,1.0,54.4988958333,1.0,46.3364791667,1.0,465.880708333,1.0,388.514,1.0,25.781,1.0,34.274,1.0,13.4673,1.0,38.8574,1.0,46.1113,45.2739,46.9596,1.53126,1.97641,102.355,1.0,121.463,119.257,123.698,3.72355,4.96981,15.0,1,18,30,18,30,3.26908,0.958333,0.0805442,0.27001,3.2725,0.958333,0.0835942,0.270936,3.23376,0.908854,0.0326788,2.93683,2.95036,2.98465,3.26908,3.41155,3.46579,3.46685,0.833333,0.854167,0.791667,0.958333,1.0,0.958333,0.958333,3.47551,0.389058,1.0,0.12479,0.167242,2.95507,0.890564,0.933333,0.0990757,0.356022,3.46204,0.366508,1.0,0.129535,0.170812,2.96843,0.874236,0.933333,0.102818,0.357081,3.32106,3.32851,3.35285,3.45524,3.54729,3.5512,3.5512,0.833333,0.833333,0.833333,1.0,1.0,1.0,1.0,2.51351,2.53064,2.6108,2.95507,3.17959,3.21455,3.21459,0.866667,0.866667,0.766667,0.933333,1.0,0.933333,0.933333,4.08992,4.06793,4.06506,0.00875082,3.9711,4.00109,4.03592,4.05704,4.09632,4.10876,4.13941,0.859723,0.795434,0.834351,0.0382529,0.53222,0.569423,0.57844,0.785739,1.02883,1.12755,1.20258,4.55283,4.50445,4.46364,0.0855461,3.78612,3.91515,4.02869,4.4236,4.85086,5.38074,5.39242,1.35303,1.15407,1.09343,0.054355,0.655184,0.725628,0.807141,1.09376,1.35303,1.65025,1.65604,-9999,-9999
20120601,24.456,1.0,19.338,2.435,1.0,27.527,5.698,1.0,23.389,18.862,2.664,26.105,5.459,24.456,1.0,19.338,2.435,1.0,27.527,5.698,1.0,481.165,362.758,1.0,351.137,362.758,1.0,376.558,1.0,362.867,376.558,1.0,376.452,1.0,367.366,376.452,1.0,18.536,1.0,15.398,18.536,1.0,100.891,100.85,1.0,0.0,0.0,0.0,2.753,4.309,1.0,0.3051875,1.0,221.8640625,1.0,674.338208333,1.0,54.3766458333,1.0,46.7252916667,1.0,469.225416667,1.0,396.885,1.0,26.128,1.0,34.824,1.0,26.244,1.0,41.2472,1.0,49.2985,48.6301,49.8477,1.45774,1.71456,124.512,1.0,148.816,146.798,150.474,3.88311,4.74367,15.0,1,18,30,18,30,3.43514,0.979167,0.0837121,0.188119,3.43301,0.979167,0.086422,0.18934,3.28486,0.940104,0.0235787,2.9787,3.05004,3.21014,3.34992,3.3782,3.38698,3.45979,0.833333,0.854167,0.875,0.895833,1.0,1.0,0.979167,3.46106,0.258153,1.0,0.121633,0.125661,3.21979,0.980151,0.966667,0.106457,0.291098,3.45553,0.262501,1.0,0.126288,0.130172,3.21982,0.98015,0.966667,0.109607,0.292265,3.41655,3.41906,3.42235,3.44613,3.46316,3.48218,3.49282,1.0,1.0,1.0,1.0,0.944444,0.944444,0.944444,2.49402,2.61335,2.87231,3.09064,3.15522,3.15522,3.26811,0.8,0.8,0.833333,0.866667,1.0,1.0,0.966667,4.17854,4.15329,4.15418,0.00847071,4.05563,4.09484,4.12565,4.15276,4.18618,4.20331,4.22314,0.695113,0.720276,0.870404,0.027079,0.72297,0.746525,0.752311,0.772371,0.948193,1.10173,1.15955,4.67508,4.61612,4.56056,0.0896256,3.86097,3.97256,4.09347,4.52931,4.97161,5.52057,5.53231,1.3545,1.15116,1.08703,0.0554413,0.644359,0.710086,0.790323,1.08848,1.3545,1.65187,1.65766,-9999,-9999
20120602,21.178,1.0,17.263,1.003,1.0,23.526,3.535,1.0,20.663,16.864,1.434,22.943,4.257,21.178,1.0,17.263,1.003,1.0,23.526,3.535,1.0,481.809,362.615,1.0,349.54,362.615,1.0,357.666,1.0,351.571,357.666,1.0,354.048,1.0,354.2,354.048,1.0,13.215,1.0,12.616,13.215,1.0,101.14,101.067,1.0,0.0,0.0,0.0,3.621,9.185,1.0,0.599833333333,1.0,226.3673125,1.0,681.102354167,1.0,56.0887291667,1.0,47.3975,1.0,445.13475,1.0,374.351,1.0,23.59,1.0,35.008,1.0,12.8548,1.0,43.3142,1.0,51.769,51.0671,52.3997,1.73191,1.99382,137.322,1.0,164.126,161.901,166.126,3.71947,4.86236,15.0,1,18,30,18,30,3.02721,1.0,0.107707,0.107707,3.02721,1.0,0.109277,0.109277,3.02698,1.0,0.000529312,3.02652,3.02721,3.02721,3.02721,3.02721,3.02721,3.02721,1.0,1.0,1.0,1.0,1.0,1.0,1.0,3.51026,0.350328,1.0,0.137742,0.137742,2.56131,0.687668,1.0,0.144042,0.144042,3.51026,0.350328,1.0,0.141755,0.141755,2.56131,0.687668,1.0,0.145444,0.145444,3.50847,3.51026,3.51026,3.51026,3.51026,3.51026,3.51026,1.0,1.0,1.0,1.0,1.0,1.0,1.0,2.56131,2.56131,2.56131,2.56131,2.56131,2.56131,2.56131,1.0,1.0,1.0,1.0,1.0,1.0,1.0,3.85922,3.8401,3.85286,0.00748854,3.78641,3.81259,3.81859,3.85389,3.87878,3.89825,3.91764,0.832006,0.812881,0.825878,0.00742068,0.75919,0.785375,0.79138,0.826674,0.851919,0.871038,0.890423,4.28585,4.26618,4.25554,0.0758022,3.64164,3.8053,3.90289,4.19129,4.5929,5.07834,5.09003,1.35847,1.19699,1.16579,0.0457818,0.759198,0.872624,0.969078,1.14388,1.35847,1.65701,1.66283,-9999,-9999
20120603,19.951,1.0,16.1,1.768,1.0,22.261,4.785,1.0,19.611,15.925,2.276,21.823,4.682,19.951,1.0,16.1,1.768,1.0,22.261,4.785,1.0,482.416,359.846,1.0,351.039,359.846,1.0,356.764,1.0,350.624,356.764,1.0,337.456,1.0,353.096,337.456,1.0,14.305,1.0,12.986,14.305,1.0,101.22,101.221,1.0,0.0,0.0,0.0,3.375,7.527,1.0,0.502770833333,1.0,224.43225,1.0,679.551270833,1.0,55.630125,1.0,46.617,1.0,444.246166667,1.0,374.507,1.0,22.778,1.0,35.139,1.0,17.1931,1.0,46.0987,1.0,55.097,54.35,58.7317,1.54141,3.59527,132.629,1.0,158.518,156.369,168.975,3.81269,10.0928,15.0,1,18,30,18,30,2.83746,1.0,0.115363,0.115612,2.83692,1.0,0.116146,0.116394,2.8487,0.999479,0.00251056,2.83746,2.83958,2.83958,2.83958,2.854,2.85474,2.88835,1.0,1.0,1.0,1.0,1.0,1.0,1.0,2.99017,0.509786,1.0,0.124229,0.142371,2.5808,0.796646,1.0,0.1615,0.164642,2.98877,0.508878,1.0,0.12771,0.145418,2.5808,0.796646,1.0,0.161857,0.164992,2.9895,2.9895,2.9895,2.99017,3.11483,3.12859,3.15384,1.0,1.0,1.0,1.0,1.0,1.0,1.0,2.4468,2.52045,2.57638,2.5808,2.58447,2.58447,2.58522,1.0,1.0,1.0,1.0,1.0,1.0,1.0,3.73354,3.71398,3.73218,0.00703707,3.67108,3.69416,3.69494,3.72355,3.76307,3.78124,3.79501,0.896163,0.877064,0.883494,0.00642243,0.831501,0.842437,0.855243,0.874716,0.911803,0.926452,0.940263,4.02832,4.01983,4.06834,0.0649576,3.53129,3.72912,3.78736,3.956,4.42549,4.76957,4.7786,1.34667,1.11044,1.09313,0.0462234,0.694973,0.799204,0.880346,1.06992,1.34329,1.57307,1.5774,-9999,-9999
20120604,15.208,1.0,14.085,1.811,1.0,15.881,1.002,1.0,14.956,13.275,1.302,15.965,1.097,15.208,1.0,14.085,1.811,1.0,15.881,1.002,1.0,482.987,147.039,1.0,192.185,147.039,1.0,345.681,1.0,359.113,345.681,1.0,364.303,1.0,362.991,364.303,1.0,5.415,1.0,6.353,5.415,1.0,101.53,101.531,1.0,0.554,0.554,0.0,4.716,6.961,1.0,0.440458333333,1.0,76.658,1.0,288.398458333,1.0,24.278,0.958333333333,19.7337021277,0.979166666667,395.442229167,1.0,374.261,1.0,17.631,1.0,35.084,1.0,-10.5028,1.0,32.8061,1.0,39.2097,38.6781,41.7963,1.39163,2.69808,30.2857,1.0,36.1974,35.7066,38.5853,2.20867,3.07112,15.0,1,18,30,18,30,2.38999,1.0,0.0950976,0.107668,2.3951,1.0,0.0964648,0.108877,2.45384,1.0,0.0142654,2.37554,2.38068,2.38222,2.43155,2.4627,2.48165,2.64714,1.0,1.0,1.0,1.0,1.0,1.0,1.0,3.09901,0.517609,1.0,0.131216,0.138222,1.82557,1.23985,1.0,0.123695,0.138642,3.09736,0.517345,1.0,0.132189,0.139146,1.83443,1.24342,1.0,0.125821,0.140542,3.06436,3.07884,3.07892,3.07969,3.16175,3.16573,3.17185,1.0,1.0,1.0,1.0,1.0,1.0,1.0,1.82331,1.82403,1.82436,1.85491,1.94927,1.94927,2.17859,1.0,1.0,1.0,1.0,1.0,1.0,1.0,3.26109,3.25236,3.28302,0.00815426,3.22775,3.23951,3.24109,3.24669,3.33877,3.34375,3.36692,0.871097,0.857257,0.829203,0.0117298,0.71727,0.765349,0.776806,0.860386,0.878646,0.908493,0.916256,3.29043,3.32572,3.50339,0.0427645,3.13677,3.25881,3.2882,3.45232,3.8308,3.90223,3.9069,1.02613,0.717121,0.798475,0.033821,0.399036,0.664434,0.689892,0.771086,1.02613,1.09057,1.0941,-9999,-9999
20120605,15.147,1.0,12.605,1.752,1.0,16.673,3.394,1.0,14.857,12.733,3.102,16.131,3.51,15.147,1.0,12.605,1.752,1.0,16.673,3.394,1.0,483.522,353.41,1.0,341.022,353.41,1.0,316.642,1.0,321.214,316.642,1.0,314.541,1.0,318.816,314.541,1.0,8.98,1.0,9.877,8.98,1.0,102.106,102.077,1.0,0.0,0.0,0.0,4.511,4.829,1.0,0.353354166667,1.0,202.512395833,1.0,666.648458333,1.0,52.3457291667,1.0,45.273875,1.0,420.65425,1.0,372.436,1.0,19.149,1.0,35.279,1.0,13.1356,1.0,44.6464,1.0,53.4818,52.6894,56.8813,1.56248,3.47815,115.98,1.0,138.932,136.873,147.763,3.46049,8.78279,15.0,1,18,30,18,30,2.19105,0.958333,0.0935206,0.137395,2.17931,0.979167,0.0946373,0.138157,2.23706,0.942188,0.0149265,2.147,2.147,2.147,2.17446,2.3393,2.34831,2.35677,1.0,1.0,1.0,0.979167,0.916667,0.833333,0.833333,2.8135,0.566741,1.0,0.118785,0.193703,1.69014,1.00551,0.933333,0.125348,0.144907,2.81168,0.565781,1.0,0.118678,0.193637,1.67312,1.00754,0.966667,0.127361,0.146652,2.78253,2.78253,2.78253,2.8118,3.06583,3.08854,3.09529,1.0,1.0,1.0,1.0,1.0,1.0,1.0,1.6331,1.6408,1.6408,1.66558,1.76803,1.78621,1.79492,0.9,1.0,1.0,0.966667,0.833333,0.733333,0.766667,3.21551,3.2058,3.23303,0.00581548,3.19359,3.19942,3.2022,3.20473,3.27144,3.27798,3.2856,1.00649,1.0265,0.995986,0.00944542,0.909177,0.923132,0.934867,1.01467,1.05433,1.05631,1.05744,3.27108,3.29577,3.46105,0.0303515,3.22435,3.25014,3.26952,3.44702,3.70764,3.70841,3.73126,1.30764,1.0288,1.0781,0.0243949,0.836689,0.963186,1.002,1.02217,1.28243,1.30303,1.30521,-9999,-9999
20120606,17.705,1.0,14.154,2.336,1.0,19.835,4.433,1.0,18.36,14.858,2.347,20.461,4.859,17.705,1.0,14.154,2.336,1.0,19.835,4.433,1.0,484.022,369.765,1.0,359.761,369.765,1.0,330.335,1.0,324.245,330.335,1.0,322.54,1.0,322.349,322.54,1.0,11.848,1.0,14.795,11.848,1.0,101.636,101.662,1.0,0.0,0.0,0.0,4.468,4.993,1.0,0.3494375,1.0,217.107416667,1.0,698.0280625,1.0,55.3505833333,1.0,48.2739583333,1.0,432.818270833,1.0,375.614,1.0,20.932,1.0,35.361,1.0,16.9825,1.0,45.2763,1.0,54.717,53.4328,57.6839,1.69112,3.57638,130.04,1.0,157.155,153.467,165.677,3.15528,9.58519,15.0,1,18,30,18,30,2.51744,1.0,0.10633,0.113855,2.49713,1.0,0.107193,0.114661,2.4849,0.9875,0.00596144,2.38881,2.44966,2.47894,2.48235,2.51744,2.53106,2.5343,0.9375,0.958333,1.0,1.0,1.0,1.0,1.0,3.11452,0.318789,1.0,0.122821,0.170943,2.01277,0.849266,1.0,0.146447,0.171933,3.02539,0.408884,1.0,0.126703,0.173753,2.03493,0.837156,1.0,0.146752,0.172192,2.94928,2.94928,2.94928,2.96737,3.17876,3.18707,3.22566,1.0,1.0,1.0,1.0,1.0,1.0,1.0,1.76973,1.87766,1.98661,2.01277,2.05781,2.05781,2.05999,0.933333,0.933333,0.966667,1.0,1.0,1.0,1.0,3.37736,3.36615,3.38454,0.00325116,3.35847,3.366,3.3706,3.37811,3.4005,3.40945,3.42445,0.859987,0.869015,0.900517,0.00578554,0.859987,0.873972,0.881795,0.889826,0.89578,0.931968,0.985437,3.6429,3.64792,3.70537,0.0098211,3.62811,3.64225,3.64532,3.68521,3.7706,3.79555,3.80307,1.20574,1.11027,1.12884,0.00826553,1.0626,1.07982,1.09463,1.10645,1.18526,1.20609,1.21608,-9999,-9999
20120607,19.297,1.0,16.084,1.62,1.0,21.225,4.142,1.0,18.341,14.799,2.83,20.466,4.605,19.297,1.0,16.084,1.62,1.0,21.225,4.142,1.0,484.485,366.401,1.0,351.888,366.401,1.0,346.509,1.0,340.415,346.509,1.0,335.395,1.0,341.196,335.395,1.0,12.724,1.0,11.514,12.724,1.0,101.497,101.452,1.0,0.0,0.0,0.0,4.283,7.772,1.0,0.5271875,1.0,192.552977778,0.9375,700.935520833,1.0,57.3815208333,1.0,48.1309791667,1.0,437.7590625,1.0,373.343,1.0,21.743,1.0,35.345,1.0,17.8229,1.0,41.3045,1.0,50.5495,48.7454,52.6236,1.78453,3.38367,132.329,1.0,161.948,156.168,168.592,3.3905,9.81449,15.0,1,18,30,18,30,2.55496,1.0,0.113154,0.11383,2.55496,1.0,0.113964,0.114635,2.56502,0.999479,0.00282407,2.55496,2.55496,2.55496,2.55496,2.57605,2.57975,2.60499,1.0,1.0,1.0,1.0,1.0,1.0,1.0,3.26572,0.605359,1.0,0.12497,0.128964,1.9799,0.999063,1.0,0.15753,0.15753,3.26572,0.605359,1.0,0.128392,0.132281,1.9799,0.999063,1.0,0.157926,0.157926,3.26572,3.26572,3.26572,3.26572,3.3253,3.32941,3.3888,1.0,1.0,1.0,1.0,1.0,1.0,1.0,1.97523,1.9799,1.9799,1.9799,1.9799,1.9799,1.98087,1.0,1.0,1.0,1.0,1.0,1.0,1.0,3.44776,3.43756,3.44203,0.00337562,3.39149,3.41625,3.42906,3.44351,3.45325,3.45552,3.47432,0.892792,0.882598,0.877012,0.00546133,0.814895,0.833315,0.839827,0.887933,0.898287,0.900556,0.919353,3.81478,3.80332,3.80407,0.0118669,3.70456,3.73068,3.75097,3.8059,3.82116,3.82961,3.98318,1.20241,1.24036,1.24305,0.00841149,1.182,1.20241,1.21726,1.22946,1.24561,1.25448,1.38047,-9999,-9999
20120608,18.589,1.0,15.456,1.244,1.0,20.468,3.782,1.0,18.635,15.026,1.585,20.801,3.971,18.589,1.0,15.456,1.244,1.0,20.468,3.782,1.0,484.913,381.398,1.0,363.828,381.398,1.0,331.369,1.0,326.231,331.369,1.0,322.889,1.0,324.664,322.889,1.0,12.531,1.0,12.626,12.531,1.0,101.373,101.333,1.0,0.0,0.0,0.0,4.489,7.704,1.0,0.508729166667,1.0,223.4144375,1.0,702.398395833,1.0,62.8846666667,1.0,53.862875,1.0,433.898145833,1.0,372.079,1.0,21.509,1.0,35.297,1.0,13.3933,1.0,42.7376,1.0,51.997,50.4367,53.3777,1.6759,2.74984,132.983,1.0,161.795,156.94,166.092,3.21275,7.50609,15.0,1,18,30,18,30,2.3586,1.0,0.110461,0.110461,2.3586,1.0,0.11126,0.11126,2.35846,1.0,0.000382621,2.35602,2.35839,2.35852,2.3586,2.3586,2.3586,2.35882,1.0,1.0,1.0,1.0,1.0,1.0,1.0,3.31846,0.523175,1.0,0.120176,0.120176,1.64549,0.919627,1.0,0.154295,0.154295,3.31846,0.523175,1.0,0.123198,0.123198,1.64549,0.919627,1.0,0.154801,0.154801,3.315,3.31846,3.31846,3.31846,3.31846,3.31846,3.38273,1.0,1.0,1.0,1.0,1.0,1.0,1.0,1.60619,1.64536,1.64536,1.64549,1.64549,1.64549,1.64583,1.0,1.0,1.0,1.0,1.0,1.0,1.0,3.389,3.38406,3.36159,0.00506553,3.27622,3.32852,3.34171,3.37328,3.38645,3.38776,3.39413,1.0304,1.02546,1.00314,0.00508645,0.912993,0.9697,0.983362,1.01469,1.02793,1.02917,1.03562,3.74754,3.70546,3.69136,0.0259343,3.48627,3.5187,3.54977,3.71254,3.7486,3.75603,4.04624,1.33167,1.44166,1.43739,0.0171103,1.30672,1.33167,1.35535,1.43395,1.46539,1.47478,1.68391,-9999,-9999
20120609,19.957,1.0,17.296,4.981,1.0,21.554,4.633,1.0,20.17,17.408,4.637,21.826,5.165,19.957,1.0,17.296,4.981,1.0,21.554,4.633,1.0,485.304,384.529,1.0,369.625,384.529,1.0,326.175,1.0,316.116,326.175,1.0,309.383,1.0,312.874,309.383,1.0,17.999,1.0,18.987,17.999,1.0,101.29,101.354,1.0,0.0,0.0,0.0,6.062,8.489,1.0,0.517083333333,1.0,220.860041667,1.0,700.995333333,1.0,60.1286875,1.0,53.81425,1.0,434.0288125,1.0,367.046,1.0,21.246,1.0,35.203,1.0,17.3578,1.0,54.6239,1.0,66.8501,64.5657,68.2233,1.49889,3.09804,105.106,1.0,128.631,124.236,131.273,3.55085,6.31079,15.0,1,18,30,18,30,1.58126,1.0,0.129853,0.132868,1.58065,1.0,0.130047,0.133058,1.53521,0.991146,0.00401138,1.51205,1.51205,1.51205,1.52965,1.53942,1.56834,1.58126,1.0,1.0,1.0,1.0,0.979167,0.979167,1.0,2.79421,0.337047,1.0,0.200638,0.204045,0.76151,1.16073,1.0,0.159977,0.162306,2.79307,0.336494,1.0,0.200223,0.203638,0.761257,1.16023,1.0,0.160538,0.162859,2.76841,2.76841,2.76841,2.78976,2.84206,2.84268,2.84612,1.0,1.0,1.0,1.0,1.0,1.0,1.0,0.654794,0.665853,0.666076,0.670277,0.69742,0.720656,0.76151,0.966667,0.966667,0.966667,1.0,1.0,0.966667,1.0,3.54117,3.53722,3.50861,0.0063327,3.41881,3.46903,3.47746,3.52637,3.53661,3.54169,3.55299,1.95992,1.95657,1.97342,0.0083717,1.86171,1.92343,1.94879,1.9768,2.01663,2.02227,2.03128,3.9589,3.93136,3.83666,0.0588253,3.41061,3.43512,3.55262,3.87012,3.91053,3.9589,4.7973,1.43119,1.72719,1.6677,0.0365545,1.41262,1.43119,1.50327,1.65754,1.70206,1.75163,2.27383,-9999,-9999
20120610,24.018,1.0,20.579,1.308,1.0,26.081,4.487,1.0,23.241,19.858,1.928,25.271,5.33,24.018,1.0,20.579,1.308,1.0,26.081,4.487,1.0,485.659,383.072,1.0,370.057,383.072,1.0,347.031,1.0,324.899,347.031,1.0,330.868,1.0,323.112,330.868,1.0,23.822,1.0,24.2,23.822,1.0,101.157,101.221,1.0,0.0,0.0,0.0,3.671,5.537,1.0,0.337604166667,1.0,213.4144375,1.0,701.4906875,1.0,59.6963125,1.0,52.940625,1.0,461.620041667,1.0,365.126,1.0,24.898,1.0,35.188,1.0,29.9593,1.0,52.9286,0.979167,64.7754,62.4024,66.1059,1.54929,3.1524,91.6851,0.979167,112.207,108.096,114.511,4.46603,6.52398,15.0,1,18,30,18,30,1.98701,0.9375,0.137379,0.146545,1.97622,0.9375,0.138575,0.147667,1.91547,0.950521,0.00817224,1.81644,1.84703,1.8656,1.93246,1.94698,1.94906,1.99631,0.979167,0.916667,0.9375,0.979167,0.958333,0.979167,0.958333,2.92831,0.600379,1.0,0.185998,0.189916,1.30665,1.38674,0.9,0.180033,0.18927,2.93673,0.609491,1.0,0.187776,0.191658,1.28497,1.38366,0.9,0.18154,0.190705,2.70857,2.79212,2.81107,2.82575,2.85457,2.86888,2.95513,1.0,1.0,1.0,1.0,1.0,1.0,1.0,1.12611,1.18808,1.2276,1.28375,1.28452,1.3049,1.31053,0.866667,0.833333,0.833333,0.966667,0.966667,0.933333,0.933333,3.94698,3.93793,3.8947,0.00996815,3.77255,3.81925,3.83231,3.91767,3.93486,3.94663,3.97374,1.9613,1.96171,1.97917,0.00815516,1.90134,1.9518,1.97523,1.98776,1.99979,2.01324,2.02701,4.57818,4.60852,4.32539,0.115603,3.55346,3.58727,3.85723,4.26732,4.40653,4.58142,6.37965,1.38776,2.01372,1.82234,0.0703164,1.38505,1.40461,1.56413,1.77134,1.82254,2.00803,3.08533,-9999,-9999
20120611,25.249,1.0,20.199,1.823,1.0,28.279,5.621,1.0,24.007,19.171,2.541,26.909,5.951,25.249,1.0,20.199,1.823,1.0,28.279,5.621,1.0,485.979,374.686,1.0,363.931,374.686,1.0,364.027,1.0,341.875,364.027,1.0,352.604,1.0,342.898,352.604,1.0,24.995,1.0,22.184,24.995,1.0,101.295,101.29,1.0,0.0,0.0,0.0,2.094,3.4,1.0,0.206458333333,1.0,211.919583333,1.0,691.930520833,1.0,58.3904166667,1.0,51.5878333333,1.0,472.346729167,1.0,375.764,1.0,26.301,1.0,35.037,1.0,33.0681,1.0,57.4207,0.958333,70.2729,67.9176,71.7164,1.77781,3.33022,90.0313,1.0,110.183,106.49,112.446,3.90666,5.89546,15.0,1,18,30,18,30,2.59813,0.854167,0.106699,0.20707,2.59503,0.875,0.107723,0.2076,2.48187,0.926042,0.0227012,2.28927,2.29763,2.32385,2.4802,2.62947,2.65255,2.65923,0.958333,0.895833,0.9375,0.958333,0.958333,0.958333,0.9375,3.56899,0.0782612,1.0,0.136787,0.163535,1.8645,1.42799,0.766667,0.142578,0.253766,3.57893,0.0997941,1.0,0.139837,0.166094,1.85375,1.39244,0.8,0.143342,0.254196,3.3416,3.42704,3.43663,3.46235,3.59576,3.6063,3.6394,1.0,1.0,1.0,1.0,1.0,1.0,1.0,1.46278,1.48631,1.52271,1.75292,1.90592,1.90616,1.93465,0.833333,0.933333,0.933333,0.933333,0.933333,0.933333,0.933333,4.08586,4.07856,4.03727,0.00914958,3.92297,3.96554,3.97914,4.04267,4.07867,4.08797,4.12254,1.51718,1.48353,1.55594,0.014985,1.41759,1.42612,1.44267,1.55644,1.63837,1.65637,1.6791,4.82371,4.85166,4.54847,0.126474,3.58712,3.63472,3.98638,4.62632,4.75217,4.83183,6.74624,1.24193,2.01111,1.81085,0.079018,1.24193,1.27256,1.48584,1.75427,1.89331,2.00985,3.20007,-9999,-9999
20120612,23.932,1.0,19.623,1.807,1.0,26.518,4.841,1.0,22.959,18.638,2.832,25.551,5.338,23.932,1.0,19.623,1.807,1.0,26.518,4.841,1.0,486.263,369.704,1.0,356.457,369.704,1.0,368.012,1.0,355.072,368.012,1.0,364.771,1.0,358.28,364.771,1.0,18.835,1.0,16.41,18.835,1.0,101.307,101.242,1.0,0.0,0.0,0.0,2.561,5.488,1.0,0.373270833333,1.0,218.911125,1.0,693.717520833,1.0,58.5432708333,1.0,51.2266875,1.0,465.537166667,1.0,371.53,1.0,26.05,1.0,34.867,1.0,24.1948,1.0,51.0522,1.0,62.113,60.3849,63.4728,1.84464,2.93977,107.733,1.0,131.074,127.427,133.943,3.70985,6.09059,15.0,1,18,30,18,30,2.67476,1.0,0.119237,0.13875,2.67252,1.0,0.121853,0.141005,2.65598,0.963021,0.00966326,2.56776,2.58219,2.60533,2.6638,2.67858,2.7241,2.74032,0.875,0.854167,0.9375,1.0,1.0,1.0,0.9375,3.82005,0.420625,1.0,0.144908,0.158535,1.83201,1.38976,1.0,0.161984,0.199454,3.81518,0.424639,1.0,0.155557,0.168324,1.83147,1.38913,1.0,0.163053,0.200324,3.64163,3.68754,3.75051,3.79379,3.80269,3.81615,3.83222,1.0,1.0,1.0,1.0,1.0,1.0,1.0,1.66392,1.69411,1.73543,1.85683,1.85683,1.92686,1.94479,0.8,0.833333,0.9,1.0,1.0,1.0,0.9,4.00211,4.00123,3.9969,0.00459154,3.94072,3.96825,3.97822,4.00026,4.01394,4.02286,4.03555,1.33605,1.32872,1.34091,0.0106223,1.22794,1.25106,1.31237,1.33584,1.37115,1.435,1.43856,4.69475,4.67456,4.52357,0.0996298,3.55777,3.64369,3.96711,4.69725,4.93411,5.00548,5.7072,1.32724,1.96325,1.90121,0.0613173,1.32724,1.37593,1.56175,1.98454,2.12558,2.21747,2.69165,-9999,-9999
20120613,22.165,1.0,18.677,2.546,1.0,24.258,5.545,1.0,22.033,18.595,2.991,24.096,5.541,22.165,1.0,18.677,2.546,1.0,24.258,5.545,1.0,486.51,367.843,1.0,354.738,367.843,1.0,366.572,1.0,354.45,366.572,1.0,360.29,1.0,357.556,360.29,1.0,15.361,1.0,14.873,15.361,1.0,100.949,100.881,1.0,0.0,0.0,0.0,2.881,5.507,1.0,0.373104166667,1.0,223.157729167,1.0,697.782270833,1.0,58.8054166667,1.0,51.073875,1.0,458.6628125,1.0,365.515,1.0,25.581,1.0,34.784,1.0,19.8151,1.0,44.1491,1.0,53.7144,52.2698,54.8903,1.83396,2.67149,120.549,1.0,146.666,142.722,149.877,3.45242,6.32869,15.0,1,18,30,18,30,2.41987,1.0,0.117073,0.132085,2.41987,1.0,0.118828,0.133644,2.38892,0.98125,0.00838045,2.26812,2.29755,2.36415,2.41987,2.41987,2.41987,2.42628,0.958333,0.875,0.958333,1.0,1.0,1.0,1.0,3.46218,0.589813,1.0,0.148261,0.149685,1.65373,1.17847,1.0,0.157065,0.188517,3.46218,0.589813,1.0,0.155229,0.156589,1.65373,1.17847,1.0,0.157774,0.189108,3.39665,3.46218,3.46218,3.46218,3.48776,3.50337,3.51167,1.0,1.0,1.0,1.0,1.0,1.0,1.0,1.39007,1.44522,1.55097,1.65373,1.65373,1.65373,1.66185,0.933333,0.8,0.933333,1.0,1.0,1.0,1.0,3.96928,3.97351,3.9662,0.00666026,3.90202,3.93535,3.94001,3.96138,3.99534,4.00939,4.03165,1.54941,1.55364,1.57732,0.0138529,1.48215,1.51548,1.52014,1.55277,1.60033,1.71481,1.74936,4.44649,4.43262,4.32454,0.0667675,3.65004,3.71258,3.97081,4.44649,4.68567,4.74961,4.85105,1.4525,1.86372,1.84444,0.0395485,1.4525,1.49771,1.62826,1.88104,2.03263,2.1162,2.19906,-9999,-9999
20120614,22.322,1.0,18.611,1.917,1.0,24.549,4.847,1.0,22.342,18.478,2.747,24.661,5.688,22.322,1.0,18.611,1.917,1.0,24.549,4.847,1.0,486.721,373.489,1.0,355.191,373.489,1.0,359.2,1.0,354.159,359.2,1.0,354.371,1.0,357.217,354.371,1.0,16.832,1.0,16.428,16.832,1.0,100.73,100.694,1.0,0.0,0.0,0.0,2.848,6.751,1.0,0.4505,1.0,223.544375,1.0,698.430979167,1.0,58.600125,1.0,53.1947916667,1.0,453.943916667,1.0,363.316,1.0,25.182,1.0,34.641,1.0,14.3958,1.0,54.5169,1.0,66.3283,64.5445,67.7804,2.1997,3.25461,112.941,1.0,137.41,133.715,140.418,3.93467,6.33844,15.0,1,18,30,18,30,2.12583,1.0,0.121541,0.132257,2.12583,1.0,0.123786,0.134324,2.17066,0.995312,0.00853381,2.12583,2.12583,2.12583,2.12583,2.22938,2.23013,2.2532,1.0,1.0,1.0,1.0,1.0,1.0,0.979167,3.44597,0.664919,1.0,0.134175,0.164175,1.2101,1.29904,1.0,0.169222,0.170841,3.44597,0.664919,1.0,0.145473,0.173531,1.2101,1.29904,1.0,0.16973,0.171344,3.44597,3.44597,3.44597,3.44597,3.63429,3.63519,3.69296,1.0,1.0,1.0,1.0,1.0,1.0,1.0,1.2101,1.2101,1.2101,1.2101,1.25677,1.25702,1.29767,1.0,1.0,1.0,1.0,1.0,1.0,0.933333,4.14371,4.15229,4.11504,0.00867895,4.02479,4.06584,4.07084,4.13277,4.14739,4.16997,4.19009,2.01789,2.02646,1.94395,0.00687411,1.88692,1.90021,1.90984,1.94197,1.95482,1.98551,2.01819,4.1893,4.20788,4.09845,0.0381175,3.40096,3.95325,3.96252,4.10534,4.1903,4.29342,4.40714,1.66085,1.75333,1.75703,0.0190046,1.50721,1.66085,1.70639,1.74292,1.80129,1.84739,1.97735,-9999,-9999
20120615,23.929,1.0,19.896,4.191,1.0,26.349,5.898,1.0,23.661,19.326,3.445,26.263,6.318,23.929,1.0,19.896,4.191,1.0,26.349,5.898,1.0,486.897,363.12,1.0,351.229,363.12,1.0,371.178,1.0,355.805,371.178,1.0,362.675,1.0,359.135,362.675,1.0,21.058,1.0,19.955,21.058,1.0,100.768,100.802,1.0,0.0,0.0,0.0,2.554,5.073,0.979167,0.345425531915,0.979166666667,186.582133333,0.9375,600.079222222,0.9375,51.2279777778,0.9375,46.9958888889,0.9375,458.870777778,0.9375,368.607,1.0,26.221,1.0,34.444,1.0,21.5897,1.0,60.6983,1.0,73.849,71.863,75.4657,1.91615,3.28698,100.53,1.0,122.311,119.021,124.988,3.93864,5.92268,15.0,1,18,30,18,30,2.54057,1.0,0.110963,0.255227,2.58843,1.0,0.113334,0.256267,2.41672,0.980208,0.0352551,2.10314,2.16238,2.18291,2.54057,2.61991,2.62207,2.62207,0.875,0.895833,0.916667,1.0,1.0,1.0,1.0,3.94477,0.82041,1.0,0.165033,0.360463,1.55027,1.57129,1.0,0.139519,0.224481,3.97018,0.778151,1.0,0.172891,0.364128,1.60882,1.65517,1.0,0.14062,0.225167,3.37073,3.41015,3.43966,3.94477,4.05108,4.05108,4.05108,1.0,1.0,1.0,1.0,1.0,1.0,1.0,1.22374,1.26044,1.29485,1.55027,1.60882,1.61215,1.61215,0.8,0.866667,0.833333,1.0,1.0,1.0,1.0,4.43549,4.44424,4.35854,0.00881747,4.2628,4.30343,4.32596,4.35138,4.39668,4.42775,4.44347,1.89648,1.85581,1.94212,0.0362272,1.6655,1.71726,1.71985,1.86087,2.17002,2.20142,2.22301,4.19432,4.24356,4.17879,0.0349289,3.41364,4.06196,4.08996,4.20596,4.33281,4.34297,4.34738,1.83703,1.74082,1.76661,0.0169083,1.44967,1.67903,1.69893,1.76649,1.84271,1.85315,1.88377,-9999,-9999
20120616,28.771,1.0,23.267,3.356,1.0,32.073,6.916,1.0,26.54,21.749,4.419,29.415,6.63,28.771,1.0,23.267,3.356,1.0,32.073,6.916,1.0,487.036,355.38,1.0,359.168,355.38,1.0,393.78,1.0,363.289,393.78,1.0,397.17,1.0,367.858,397.17,1.0,30.776,1.0,24.005,30.776,1.0,100.835,100.879,1.0,0.0,0.0,0.0,2.322,4.075,1.0,0.2608125,1.0,213.419354167,1.0,680.070104167,1.0,55.5820833333,1.0,49.07675,1.0,485.263395833,1.0,375.146,1.0,28.816,1.0,34.125,1.0,30.4611,1.0,65.3843,1.0,79.5502,77.337,81.2917,1.98826,3.54224,81.7721,1.0,99.4885,96.7206,101.667,3.48177,5.05618,15.0,1,18,30,18,30,2.48619,0.979167,0.117929,0.219691,2.47385,0.979167,0.119221,0.220387,2.461,0.967187,0.0251253,2.1415,2.27846,2.34415,2.47455,2.63844,2.64917,2.65065,0.916667,0.916667,0.9375,1.0,1.0,1.0,1.0,3.94647,0.572794,1.0,0.181309,0.338021,1.46541,1.25634,0.966667,0.145695,0.176195,3.93723,0.556252,1.0,0.183549,0.339228,1.45193,1.25031,0.966667,0.147177,0.177422,3.5214,3.61795,3.69791,3.92669,4.18447,4.18852,4.19166,1.0,1.0,1.0,1.0,1.0,1.0,1.0,1.1387,1.37428,1.40322,1.46014,1.57112,1.57244,1.60468,0.866667,0.9,0.9,1.0,1.0,1.0,1.0,5.00012,4.98236,4.86978,0.0155177,4.72117,4.74137,4.77464,4.87099,4.94605,4.96228,5.00579,2.51697,2.50851,2.4104,0.0256264,2.19894,2.22035,2.24103,2.41615,2.51929,2.6131,2.65194,4.56689,4.64802,4.68527,0.028789,4.34291,4.49745,4.54129,4.64063,4.82052,4.86823,4.94783,1.95169,1.76792,1.81099,0.0206015,1.57747,1.64845,1.71337,1.80009,1.92105,1.94588,2.01173,-9999,-9999
20120617,24.834,1.0,20.75,3.006,1.0,27.284,3.491,1.0,24.536,21.448,2.536,26.388,4.497,24.834,1.0,20.75,3.006,1.0,27.284,3.491,1.0,487.14,367.772,1.0,356.424,367.772,1.0,378.648,1.0,359.866,378.648,1.0,374.718,1.0,363.868,374.718,1.0,19.699,1.0,17.666,19.699,1.0,100.962,100.917,1.0,0.0,0.0,0.0,3.798,6.824,1.0,0.4469375,1.0,228.055645833,1.0,714.879854167,1.0,59.5172708333,1.0,52.9406666667,1.0,464.0911875,1.0,374.112,1.0,26.9,1.0,33.527,1.0,15.3539,1.0,62.4656,1.0,75.9992,73.8848,77.1226,1.9719,3.10629,119.278,1.0,145.12,141.082,147.265,4.09504,6.14602,15.0,1,18,30,18,30,2.62273,1.0,0.113766,0.117553,2.6104,1.0,0.117011,0.120697,2.5605,0.997917,0.00476692,2.52717,2.53564,2.53687,2.54686,2.584,2.59484,2.60854,1.0,1.0,1.0,0.958333,1.0,1.0,1.0,3.81263,0.715752,1.0,0.143403,0.162653,1.75624,1.48738,1.0,0.152856,0.153084,3.78094,0.701817,1.0,0.157828,0.175502,1.75624,1.48738,1.0,0.153562,0.153789,3.67846,3.70022,3.70339,3.72651,3.81263,3.85373,3.87463,1.0,1.0,1.0,1.0,1.0,1.0,1.0,1.64309,1.67726,1.6894,1.6894,1.69236,1.69398,1.70162,0.933333,1.0,1.0,1.0,1.0,1.0,1.0,4.6586,4.63823,4.53012,0.0141669,4.39423,4.40789,4.45245,4.52521,4.58081,4.63023,4.6596,2.03587,2.02783,1.97023,0.0139936,1.80897,1.83676,1.87464,1.98957,2.03292,2.05914,2.08336,4.52021,4.64098,4.64742,0.0318517,4.31816,4.43054,4.52531,4.60586,4.8021,4.84507,4.86285,2.23108,2.10547,2.13533,0.0175238,1.9613,2.02547,2.05815,2.14113,2.19772,2.25927,2.27353,-9999,-9999
20120618,18.65,1.0,15.027,1.797,1.0,20.824,4.951,1.0,20.913,17.651,1.804,22.87,4.42,18.65,1.0,15.027,1.797,1.0,20.824,4.951,1.0,487.207,379.542,1.0,358.867,379.542,1.0,336.293,1.0,343.801,336.293,1.0,335.918,1.0,345.143,335.918,1.0,11.025,1.0,13.179,11.025,1.0,101.062,101.015,1.0,0.0,0.0,0.0,3.105,5.674,1.0,0.399333333333,1.0,222.931520833,1.0,724.310041667,1.0,60.355875,1.0,56.6280625,1.0,434.726729167,1.0,362.061,1.0,23.909,1.0,33.315,1.0,6.71163,1.0,55.4009,1.0,67.4039,65.5286,68.4002,1.8764,2.83763,127.401,1.0,155.004,150.691,157.295,3.63949,6.09989,15.0,1,18,30,18,30,1.88153,1.0,0.115211,0.164085,1.88198,1.0,0.116931,0.165297,1.77171,0.990625,0.01563,1.57718,1.6165,1.7111,1.8057,1.84847,1.85017,1.88153,0.916667,0.979167,1.0,1.0,1.0,1.0,1.0,3.93858,0.524483,1.0,0.151351,0.239988,0.537861,1.73975,1.0,0.152669,0.164594,3.93974,0.523383,1.0,0.157162,0.243695,0.537861,1.73975,1.0,0.153661,0.165515,3.42227,3.48551,3.5967,3.74372,3.85364,3.858,3.93858,1.0,1.0,1.0,1.0,1.0,1.0,1.0,0.375406,0.414842,0.474288,0.537861,0.537861,0.537861,0.537861,0.866667,1.0,1.0,1.0,1.0,1.0,1.0,4.04112,4.02616,3.93596,0.0108336,3.81445,3.85012,3.88856,3.94323,3.98379,4.00824,4.04112,2.15946,2.14419,2.16564,0.0124013,2.06624,2.07416,2.08879,2.15946,2.23824,2.2475,2.26453,4.3523,4.467,4.38858,0.0288261,3.98713,4.33745,4.34689,4.40334,4.45111,4.4803,4.72676,2.44994,2.42453,2.41041,0.0164325,2.19893,2.36537,2.37197,2.40328,2.45315,2.48445,2.57133,-9999,-9999
20120619,21.598,1.0,16.839,3.864,1.0,24.453,6.328,1.0,21.482,17.683,4.003,23.762,5.722,21.598,1.0,16.839,3.864,1.0,24.453,6.328,1.0,487.238,373.087,1.0,360.171,373.087,1.0,352.347,1.0,344.003,352.347,1.0,350.67,1.0,345.378,350.67,1.0,16.683,1.0,15.647,16.683,1.0,101.051,101.058,1.0,0.0,0.0,0.0,2.474,4.015,1.0,0.277645833333,1.0,218.0863125,1.0,719.463645833,1.0,58.7703958333,1.0,54.7795625,1.0,451.020375,1.0,365.466,1.0,25.283,1.0,33.279,1.0,19.9306,1.0,64.0948,0.979167,77.329,75.4013,79.1341,2.00046,3.41445,100.459,1.0,121.201,118.18,124.03,3.71079,5.70779,15.0,1,18,30,18,30,2.01297,0.979167,0.1206,0.129279,2.06317,0.979167,0.122443,0.131,2.0414,0.958333,0.00698288,1.97847,1.99128,2.00258,2.03183,2.08243,2.08442,2.0918,0.958333,0.958333,0.979167,0.979167,0.979167,0.979167,0.979167,3.62787,0.194188,1.0,0.152663,0.190079,0.926951,1.54447,0.966667,0.16182,0.164374,3.75605,0.572605,1.0,0.155791,0.1926,0.927435,1.54529,0.966667,0.164022,0.166542,3.46105,3.50166,3.52487,3.59025,3.72304,3.72815,3.74711,1.0,1.0,1.0,1.0,1.0,1.0,1.0,0.910893,0.935545,0.976941,0.976941,0.983535,0.993272,1.03494,0.966667,0.933333,0.966667,0.966667,0.8,0.766667,0.9,4.42188,4.38296,4.26155,0.0167667,4.08665,4.12458,4.19341,4.25271,4.34078,4.38088,4.41697,2.4193,2.31979,2.22031,0.0176289,2.05897,2.12172,2.15977,2.18366,2.2813,2.36231,2.41252,4.51322,4.61178,4.46202,0.0367583,3.85257,4.28464,4.47424,4.51946,4.5469,4.55977,4.78692,2.35524,2.38951,2.29712,0.0287074,1.75319,2.20772,2.30087,2.32234,2.38247,2.4075,2.48104,-9999,-9999
20120620,25.119,1.0,19.546,2.283,1.0,28.463,5.305,1.0,24.267,20.043,2.2,26.801,5.379,25.119,1.0,19.546,2.283,1.0,28.463,5.305,1.0,487.235,375.321,1.0,360.827,375.321,1.0,363.221,1.0,349.615,363.221,1.0,360.039,1.0,351.92,360.039,1.0,23.724,1.0,20.825,23.724,1.0,100.884,100.913,1.0,0.0,0.0,0.0,2.664,4.308,1.0,0.286395833333,1.0,213.518208333,1.0,722.926229167,1.0,58.6132083333,1.0,56.0489791667,1.0,467.197854167,1.0,367.294,1.0,27.103,1.0,32.92,1.0,25.1245,1.0,78.0217,1.0,94.1315,91.7849,96.367,2.31683,4.11159,81.1031,1.0,97.8491,95.4099,100.173,3.77536,5.16915,15.0,1,18,30,18,30,2.20615,1.0,0.118501,0.128043,2.14881,1.0,0.126276,0.135271,2.1647,0.988542,0.00874878,2.03076,2.10603,2.14285,2.17705,2.19687,2.20304,2.23125,0.958333,1.0,1.0,0.979167,1.0,1.0,0.979167,3.84782,0.548911,1.0,0.146207,0.162839,1.09284,1.72373,1.0,0.160272,0.164725,3.69993,0.627549,1.0,0.177784,0.191696,1.09315,1.72418,1.0,0.162876,0.16726,3.47692,3.5703,3.61565,3.6745,3.70837,3.71369,3.77009,1.0,0.888889,0.944444,1.0,1.0,1.0,1.0,0.963358,1.09198,1.11782,1.16123,1.1625,1.16807,1.23025,0.966667,1.0,1.0,1.0,1.0,1.0,1.0,4.87414,4.80745,4.64986,0.0239763,4.38793,4.4552,4.53918,4.64626,4.76513,4.82755,4.86281,2.67029,2.65864,2.48609,0.023051,2.16101,2.32546,2.38443,2.48938,2.60094,2.65369,2.70562,4.49901,4.54046,4.28285,0.0506723,3.47721,3.81426,4.2026,4.41474,4.47919,4.51146,4.53847,2.13895,2.20064,2.05177,0.0456655,1.4111,1.94672,2.09144,2.129,2.1861,2.19144,2.20258,-9999,-9999
20120621,16.344,1.0,14.227,1.612,1.0,17.614,2.398,1.0,18.24,15.05,1.485,20.154,3.572,16.344,1.0,14.227,1.612,1.0,17.614,2.398,1.0,487.194,367.698,1.0,358.567,367.698,1.0,328.717,1.0,335.409,328.717,1.0,327.813,1.0,335.362,327.813,1.0,7.663,1.0,10.59,7.663,1.0,101.114,101.108,1.0,0.0,0.0,0.0,4.053,6.464,1.0,0.463833333333,1.0,195.979577778,0.9375,670.751804348,0.958333333333,50.9808913043,0.958333333333,46.3949361702,0.979166666667,414.397266667,0.9375,359.642,1.0,22.774,1.0,32.456,1.0,-0.974229,1.0,52.8356,1.0,63.3912,62.1559,65.2589,1.87236,2.96592,151.444,1.0,181.699,178.159,187.053,3.92396,7.67246,15.0,1,18,30,18,30,1.45197,1.0,0.118183,0.12322,1.45287,1.0,0.119612,0.124591,1.41929,0.992188,0.00511806,1.34711,1.38042,1.40569,1.41972,1.4463,1.45016,1.45197,0.9375,1.0,0.958333,1.0,1.0,1.0,1.0,3.39392,0.623909,1.0,0.157767,0.165978,0.202353,1.60258,1.0,0.155701,0.157603,3.39997,0.625538,1.0,0.160678,0.168747,0.200101,1.60061,1.0,0.157217,0.159101,3.28412,3.29081,3.32989,3.3785,3.38749,3.39392,3.4175,1.0,1.0,1.0,1.0,1.0,1.0,1.0,0.0616819,0.156478,0.156478,0.186171,0.200844,0.205301,0.207048,0.9,1.0,1.0,1.0,1.0,1.0,1.0,3.89664,3.86951,3.77096,0.0132147,3.61778,3.67503,3.7052,3.76756,3.83927,3.85434,3.9027,2.44648,2.41664,2.35172,0.0103459,2.23393,2.28985,2.29951,2.33316,2.40292,2.43213,2.45088,3.73829,3.73884,3.49373,0.0445335,2.85732,3.00422,3.41227,3.64519,3.68954,3.72074,3.73145,2.31481,2.36804,2.23803,0.024322,1.86646,2.00606,2.20627,2.31416,2.33437,2.35411,2.36356,-9999,-9999
20120622,15.441,1.0,13.286,1.947,1.0,16.734,2.863,1.0,15.768,13.744,2.175,16.983,2.908,15.441,1.0,13.286,1.947,1.0,16.734,2.863,1.0,487.118,293.997,1.0,288.668,293.997,1.0,344.245,1.0,351.806,344.245,1.0,344.176,1.0,354.474,344.176,1.0,6.105,1.0,7.172,6.105,1.0,101.318,101.325,1.0,0.063,0.063,0.0,3.624,6.885,1.0,0.462416666667,1.0,187.5759375,1.0,605.9519375,1.0,37.2600625,1.0,33.5069583333,1.0,416.175875,1.0,351.735,1.0,21.332,1.0,32.571,1.0,0.814083,1.0,40.7642,1.0,48.9048,47.9552,49.662,1.53766,1.99132,114.035,1.0,136.807,134.151,138.926,3.3619,4.88169,15.0,1,18,30,18,30,1.43704,1.0,0.116003,0.123535,1.43704,1.0,0.116636,0.124129,1.43521,1.0,0.00556566,1.37486,1.38642,1.43704,1.43704,1.44766,1.47137,1.47512,1.0,1.0,1.0,1.0,1.0,1.0,1.0,3.44796,0.768864,1.0,0.158605,0.164625,0.146903,1.73257,1.0,0.15144,0.156263,3.44796,0.768864,1.0,0.15593,0.16205,0.146903,1.73257,1.0,0.153582,0.158339,3.41658,3.44796,3.44796,3.44796,3.47525,3.53618,3.53765,1.0,1.0,1.0,1.0,1.0,1.0,1.0,0.0642834,0.0698605,0.146903,0.146903,0.146903,0.146903,0.151799,1.0,1.0,1.0,1.0,1.0,1.0,1.0,3.77132,3.74537,3.685,0.00883058,3.58719,3.63176,3.64019,3.67682,3.72634,3.73415,3.77997,2.32366,2.30833,2.24985,0.00607473,2.19472,2.21026,2.22962,2.24471,2.25953,2.27954,2.32366,3.42149,3.46287,3.28502,0.0297006,2.84871,2.94346,3.20793,3.3924,3.42053,3.4231,3.42868,1.9508,1.99223,1.89459,0.01467,1.67264,1.75738,1.85962,1.94439,1.96002,1.96527,1.97383,-9999,-9999
20120623,15.86,1.0,13.398,1.075,1.0,17.336,3.01,1.0,15.816,13.571,1.121,17.163,2.878,15.86,1.0,13.398,1.075,1.0,17.336,3.01,1.0,487.006,370.8,1.0,324.706,370.8,1.0,325.526,1.0,344.812,325.526,1.0,320.61,1.0,346.322,320.61,1.0,8.135,1.0,7.817,8.135,1.0,101.222,101.258,1.0,0.325,0.325,0.0,3.755,5.599,1.0,0.390604166667,1.0,227.8426875,1.0,751.053645833,1.0,45.5749375,1.0,43.2235625,1.0,424.044979167,1.0,353.45,1.0,22.32,1.0,32.665,1.0,5.94423,1.0,56.3003,1.0,67.5434,66.2319,68.5893,1.89655,2.57891,132.324,1.0,158.749,155.667,161.207,3.72699,5.54617,15.0,1,18,30,18,30,1.5649,1.0,0.117934,0.120051,1.57996,1.0,0.120464,0.122537,1.55061,1.0,0.00497656,1.48939,1.52153,1.53617,1.56295,1.56623,1.56642,1.57612,1.0,1.0,1.0,1.0,1.0,1.0,1.0,3.38492,0.287732,1.0,0.153599,0.16072,0.381859,1.33549,1.0,0.15675,0.168372,3.41662,0.311728,1.0,0.156992,0.163966,0.386072,1.34188,1.0,0.160077,0.171474,3.27881,3.35462,3.3562,3.38168,3.42447,3.44924,3.47868,1.0,1.0,1.0,1.0,1.0,1.0,1.0,0.217573,0.278207,0.365848,0.381859,0.401147,0.401147,0.401147,1.0,1.0,1.0,1.0,1.0,1.0,1.0,3.799,3.76909,3.73981,0.00592858,3.6828,3.70517,3.71863,3.73288,3.76231,3.76926,3.80966,2.23632,2.18913,2.18942,0.00481196,2.15221,2.15537,2.16348,2.17908,2.20864,2.22461,2.24575,3.31882,3.37659,3.22667,0.0227977,2.92144,3.02136,3.11362,3.28917,3.34675,3.35794,3.36642,1.98516,2.01739,1.91376,0.014114,1.72358,1.78863,1.85079,1.95177,1.982,1.98774,2.00086,-9999,-9999
20120624,16.146,1.0,13.064,1.638,1.0,17.994,3.542,1.0,15.789,12.211,2.888,17.936,3.993,16.146,1.0,13.064,1.638,1.0,17.994,3.542,1.0,486.858,376.622,1.0,362.357,376.622,1.0,321.434,1.0,320.441,321.434,1.0,314.757,1.0,317.915,314.757,1.0,9.491,1.0,9.428,9.491,1.0,101.606,101.631,1.0,0.0,0.0,0.0,2.979,5.157,1.0,0.350354166667,1.0,224.014729167,1.0,758.912375,1.0,45.8520833333,1.0,44.2329583333,1.0,428.483041667,1.0,354.905,1.0,22.48,1.0,32.584,1.0,9.51544,1.0,55.201,1.0,66.2245,64.9386,67.25,1.96616,2.60797,120.867,1.0,145.004,142.188,147.249,3.86856,5.38893,15.0,1,18,30,18,30,1.6638,1.0,0.139399,0.186352,1.70241,1.0,0.140473,0.187157,1.6051,1.0,0.0197485,1.31622,1.4426,1.48678,1.66984,1.68995,1.68995,1.69021,1.0,1.0,1.0,1.0,1.0,1.0,1.0,3.51961,0.300349,1.0,0.163947,0.171707,0.453547,1.36948,1.0,0.191099,0.249405,3.5627,0.318628,1.0,0.166752,0.174388,0.487209,1.41539,1.0,0.192092,0.250167,3.39106,3.41695,3.44037,3.47837,3.51836,3.51903,3.53628,1.0,1.0,1.0,1.0,1.0,1.0,1.0,-0.0116617,0.17408,0.230729,0.454074,0.494605,0.494605,0.494605,1.0,1.0,1.0,1.0,1.0,1.0,1.0,3.83829,3.79485,3.78944,0.0047766,3.75757,3.76112,3.7649,3.77471,3.80829,3.82299,3.84466,2.17651,2.09245,2.18404,0.0209891,2.07424,2.07495,2.07909,2.09554,2.21969,2.34841,2.41469,3.33622,3.38354,3.22736,0.0248828,3.00953,3.02841,3.05846,3.2634,3.37765,3.39403,3.40465,2.02527,2.0338,1.91836,0.017937,1.72017,1.78032,1.80937,1.96872,2.02287,2.02655,2.03024,-9999,-9999
20120625,16.406,1.0,13.758,1.499,1.0,17.995,3.034,1.0,15.773,12.494,2.454,17.74,3.543,16.406,1.0,13.758,1.499,1.0,17.995,3.034,1.0,486.675,369.65,1.0,348.381,369.65,1.0,326.351,1.0,326.423,326.351,1.0,324.689,1.0,324.888,324.689,1.0,8.202,1.0,8.789,8.202,1.0,101.806,101.802,1.0,0.0,0.0,0.0,3.501,5.687,1.0,0.395,1.0,223.320854167,1.0,751.640833333,1.0,45.658125,1.0,43.5788125,1.0,427.7205625,1.0,353.578,1.0,22.638,1.0,32.451,1.0,8.40823,1.0,47.6043,1.0,57.1148,56.3067,58.2395,1.92381,2.39872,125.851,1.0,150.993,148.857,153.967,3.75376,5.33271,15.0,1,18,30,18,30,1.43622,1.0,0.155721,0.205501,1.44477,1.0,0.155971,0.20569,1.38061,1.0,0.0236634,1.04863,1.23663,1.29194,1.43622,1.50362,1.50482,1.50701,1.0,1.0,1.0,1.0,1.0,1.0,1.0,3.31486,0.38005,1.0,0.16055,0.175388,0.2255,1.2575,1.0,0.219924,0.282391,3.3185,0.380754,1.0,0.159295,0.174239,0.2365,1.27437,1.0,0.220672,0.282975,3.22481,3.24848,3.27533,3.36034,3.38968,3.38968,3.38968,1.0,1.0,1.0,1.0,1.0,1.0,1.0,-0.401715,-0.0679086,0.0379431,0.2255,0.284531,0.28637,0.289754,1.0,1.0,1.0,1.0,1.0,1.0,1.0,3.9108,3.87019,3.86474,0.00465389,3.83281,3.83748,3.83865,3.85045,3.88432,3.90186,3.91085,2.49467,2.42542,2.48417,0.0261025,2.33164,2.33269,2.33553,2.42337,2.55667,2.63639,2.83075,3.27295,3.2761,3.14927,0.0272111,2.90083,2.9364,2.96932,3.16634,3.31971,3.33243,3.34795,2.08673,2.07428,1.98253,0.0171216,1.82636,1.85184,1.85642,2.01718,2.08673,2.08849,2.0937,-9999,-9999
20120626,18.47,1.0,15.205,2.778,1.0,20.429,4.842,1.0,18.12,14.382,3.984,20.363,4.979,18.47,1.0,15.205,2.778,1.0,20.429,4.842,1.0,486.456,373.007,1.0,362.388,373.007,1.0,332.932,1.0,329.675,332.932,1.0,327.955,1.0,328.678,327.955,1.0,11.82,1.0,11.829,11.82,1.0,101.527,101.531,1.0,0.0,0.0,0.0,3.505,3.598,1.0,0.2650625,1.0,215.360375,1.0,746.195125,1.0,44.429375,1.0,44.79825,1.0,444.2281875,1.0,354.294,1.0,23.798,1.0,32.388,1.0,16.5848,1.0,65.0623,1.0,78.4962,77.0296,80.3605,2.18534,3.2973,107.437,1.0,129.621,127.199,132.699,3.52859,5.39211,15.0,1,18,30,18,30,1.14359,1.0,0.146686,0.149871,1.18586,1.0,0.150419,0.153527,1.09235,0.993229,0.00565655,1.00374,1.06779,1.07388,1.09524,1.10312,1.12925,1.13232,0.9375,1.0,1.0,1.0,1.0,1.0,1.0,3.62923,0.440481,1.0,0.153999,0.170641,-0.414307,1.74537,1.0,0.20643,0.217771,3.64027,0.431005,1.0,0.159797,0.175891,-0.355755,1.74524,1.0,0.211175,0.222274,3.50163,3.50867,3.54346,3.57938,3.64757,3.65567,3.66641,1.0,1.0,1.0,1.0,1.0,1.0,1.0,-0.640932,-0.553027,-0.492569,-0.450581,-0.434617,-0.414307,-0.35986,0.9,0.966667,1.0,1.0,1.0,1.0,1.0,4.19215,4.14948,4.13853,0.00452068,4.10959,4.11616,4.11664,4.12509,4.15686,4.17045,4.18821,3.06452,2.96361,3.04597,0.00693322,2.98442,2.98845,3.0196,3.0299,3.08036,3.09123,3.11962,3.30317,3.25432,3.19852,0.0234457,2.94423,3.00458,3.06215,3.23691,3.33544,3.3501,3.35687,2.20335,2.17067,2.13299,0.0128714,1.97325,2.03075,2.05767,2.17854,2.20348,2.20729,2.2105,-9999,-9999
20120627,21.706,1.0,17.348,2.504,1.0,24.32,5.151,1.0,20.249,15.93,2.867,22.84,4.988,21.706,1.0,17.348,2.504,1.0,24.32,5.151,1.0,486.201,370.884,1.0,361.276,370.884,1.0,348.063,1.0,336.772,348.063,1.0,344.956,1.0,336.95,344.956,1.0,17.028,1.0,14.163,17.028,1.0,101.203,101.235,1.0,0.0,0.0,0.0,2.792,3.396,1.0,0.276041666667,1.0,211.025833333,1.0,731.503375,1.0,43.334625,1.0,44.323375,1.0,462.009208333,1.0,359.269,1.0,25.555,1.0,32.093,1.0,19.4628,1.0,74.2697,0.9375,89.6048,87.9306,91.7328,2.3449,3.66643,85.1707,1.0,102.757,100.837,105.197,3.82978,5.01143,15.0,1,18,30,18,30,1.0569,0.895833,0.161096,0.257041,1.1159,0.895833,0.160073,0.2564,1.17811,0.860937,0.0273715,0.943311,0.947142,1.03046,1.16176,1.34682,1.34773,1.38434,0.833333,0.8125,0.708333,0.895833,0.9375,0.9375,0.9375,3.92131,0.276901,1.0,0.158905,0.164997,-0.723222,2.40777,0.833333,0.229356,0.38131,3.88643,0.302682,1.0,0.152706,0.159036,-0.611331,2.34422,0.833333,0.229169,0.381197,3.89159,3.90451,3.91132,3.91314,3.94153,3.99335,4.0013,0.944444,1.0,0.944444,1.0,1.0,1.0,0.888889,-0.895198,-0.878739,-0.7984,-0.618891,-0.271304,-0.2695,-0.261588,0.766667,0.733333,0.633333,0.7,0.9,0.9,0.9,4.61286,4.56395,4.54332,0.00603547,4.47445,4.51103,4.52674,4.53086,4.56668,4.5912,4.6042,3.68812,3.44805,3.36527,0.0304432,3.14327,3.17876,3.18166,3.36065,3.53133,3.62158,3.64926,3.70326,3.65807,3.64141,0.0163401,3.38214,3.5124,3.61876,3.67393,3.71968,3.72423,3.72922,2.41501,2.40202,2.39896,0.00650863,2.30812,2.34943,2.37234,2.41072,2.41538,2.41776,2.44801,-9999,-9999
20120628,20.71,1.0,16.875,0.852,1.0,23.012,3.892,1.0,19.556,15.426,2.936,22.033,4.867,20.71,1.0,16.875,0.852,1.0,23.012,3.892,1.0,485.911,372.424,1.0,360.05,372.424,1.0,347.011,1.0,340.848,347.011,1.0,346.7,1.0,341.701,346.7,1.0,13.468,1.0,11.936,13.468,1.0,101.626,101.608,1.0,0.0,0.0,0.0,3.109,6.482,1.0,0.4656875,1.0,224.455020833,1.0,739.307729167,1.0,44.0551875,1.0,45.0049583333,1.0,448.603458333,1.0,355.759,1.0,24.94,1.0,31.666,1.0,11.9402,1.0,68.2075,1.0,83.0227,81.5721,84.2452,2.24279,2.99277,109.489,1.0,133.271,130.943,135.234,4.04133,5.14298,15.0,1,18,30,18,30,1.45002,1.0,0.17966,0.185858,1.4255,1.0,0.181764,0.187893,1.4172,1.0,0.00737176,1.34648,1.38641,1.38682,1.40144,1.47377,1.4816,1.49132,1.0,1.0,1.0,1.0,1.0,1.0,1.0,3.87158,0.417654,1.0,0.17109,0.195277,-0.0872547,1.7304,1.0,0.257283,0.269931,3.80903,0.474524,1.0,0.170468,0.194732,-0.0875313,1.72976,1.0,0.26092,0.2734,3.75808,3.75914,3.75962,3.7967,3.93555,3.9474,3.9609,1.0,1.0,1.0,1.0,1.0,1.0,1.0,-0.292395,-0.238164,-0.117239,-0.117239,-0.086748,-0.0748455,-0.0745809,1.0,1.0,1.0,1.0,1.0,1.0,1.0,4.54828,4.51129,4.49585,0.00480791,4.44332,4.46725,4.47959,4.48421,4.51249,4.53429,4.54828,3.09676,3.08579,3.07866,0.00733915,2.97948,3.02111,3.05602,3.08526,3.09676,3.1094,3.1589,3.92969,3.90786,3.86692,0.0145459,3.63357,3.74164,3.85553,3.90282,3.92774,3.92969,3.94525,2.87839,2.91286,2.91372,0.00776744,2.85938,2.85961,2.87236,2.8939,2.95792,2.96914,2.99083,-9999,-9999
20120629,19.15,1.0,16.295,1.17,1.0,20.863,3.628,1.0,19.081,15.88,2.552,21.001,4.413,19.15,1.0,16.295,1.17,1.0,20.863,3.628,1.0,485.585,372.092,1.0,341.943,372.092,1.0,342.4,1.0,356.042,342.4,1.0,346.763,1.0,359.411,346.763,1.0,8.96,1.0,9.608,8.96,1.0,101.767,101.713,1.0,0.056,0.056,0.0,2.926,7.345,1.0,0.5275,1.0,228.1720625,1.0,743.303416667,1.0,44.48475,1.0,45.247125,1.0,439.908104167,1.0,350.473,1.0,24.381,1.0,33.605,1.0,11.8064,1.0,57.9996,1.0,70.6595,69.5782,71.8622,2.28797,2.84632,122.35,1.0,149.056,146.775,151.594,3.81589,5.22665,15.0,1,18,30,18,30,0.903689,1.0,0.182262,0.182262,0.903689,1.0,0.183552,0.183552,0.903658,1.0,0.000311541,0.903689,0.903689,0.903689,0.903689,0.903689,0.903689,0.904186,1.0,1.0,1.0,1.0,1.0,1.0,1.0,3.90105,0.659556,1.0,0.172517,0.172517,-0.947293,2.24246,1.0,0.26126,0.26126,3.90105,0.659556,1.0,0.169673,0.169673,-0.947293,2.24246,1.0,0.264062,0.264062,3.90105,3.90105,3.90105,3.90105,3.90105,3.90105,3.90233,1.0,1.0,1.0,1.0,1.0,1.0,1.0,-0.947293,-0.947293,-0.947293,-0.947293,-0.947293,-0.947293,-0.947293,1.0,1.0,1.0,1.0,1.0,1.0,1.0,4.42753,4.39819,4.3877,0.00462021,4.35434,4.36431,4.36712,4.37437,4.39984,4.41861,4.42753,3.52384,3.4945,3.48404,0.00458292,3.45065,3.4602,3.46343,3.47068,3.49615,3.51492,3.52928,4.03026,3.97498,3.88037,0.0322497,3.42011,3.62332,3.78322,3.96807,4.03026,4.04396,4.10029,3.43524,3.44415,3.41888,0.00926043,3.29095,3.35435,3.40338,3.43032,3.45758,3.46084,3.48345,-9999,-9999
20120630,20.631,1.0,17.447,1.514,1.0,22.541,3.689,1.0,20.179,16.908,2.612,22.141,4.322,20.631,1.0,17.447,1.514,1.0,22.541,3.689,1.0,485.224,358.64,1.0,348.668,358.64,1.0,368.245,1.0,369.221,368.245,1.0,364.27,1.0,374.772,364.27,1.0,9.139,1.0,10.111,9.139,1.0,101.496,101.44,1.0,0.0,0.0,0.0,3.222,7.591,1.0,0.5476875,1.0,236.325979167,1.0,742.575333333,1.0,44.1013958333,1.0,42.4806666667,1.0,447.1645625,1.0,348.037,1.0,24.933,1.0,37.491,1.0,15.0025,1.0,59.868,1.0,72.9357,71.5986,74.1771,2.26406,2.96305,121.961,1.0,148.582,145.858,151.111,3.85668,5.4806,15.0,1,18,30,18,30,0.803025,1.0,0.170033,0.170033,0.803025,1.0,0.171594,0.171594,0.800683,1.0,0.00290554,0.771056,0.803025,0.803025,0.803025,0.803025,0.803025,0.816571,1.0,1.0,1.0,1.0,1.0,1.0,1.0,4.39713,0.947833,1.0,0.171334,0.171334,-1.40014,2.17672,1.0,0.241167,0.241167,4.39713,0.947833,1.0,0.168505,0.168505,-1.40014,2.17672,1.0,0.24449,0.24449,4.27562,4.39713,4.39713,4.39713,4.39713,4.39713,4.39713,1.0,1.0,1.0,1.0,1.0,1.0,1.0,-1.40014,-1.40014,-1.40014,-1.40014,-1.40014,-1.40014,-1.37653,1.0,1.0,1.0,1.0,1.0,1.0,1.0,4.67419,4.63748,4.62934,0.00686456,4.5746,4.59332,4.59702,4.60635,4.64984,4.67129,4.71532,3.87117,3.83445,3.82866,0.00747523,3.77157,3.7903,3.794,3.80332,3.85578,3.86951,3.92399,4.44638,4.33957,4.21606,0.0545406,3.39375,3.86806,4.10052,4.32822,4.45133,4.48163,4.60323,3.76211,3.70341,3.64534,0.0255125,3.22249,3.47514,3.62471,3.70285,3.73189,3.74865,3.83147,-9999,-9999
20120701,19.607,1.0,17.521,1.1,1.0,20.859,2.892,1.0,20.392,17.602,1.929,22.066,3.947,19.607,1.0,17.521,1.1,1.0,20.859,2.892,1.0,484.828,366.226,1.0,352.188,366.226,1.0,357.177,1.0,360.174,357.177,1.0,355.795,1.0,364.228,355.795,1.0,7.757,1.0,10.779,7.757,1.0,101.272,101.275,1.0,0.0,0.0,0.0,2.892,6.112,1.0,0.437229166667,1.0,235.952666667,1.0,741.952104167,1.0,44.2353333333,1.0,44.920875,1.0,441.5005,1.0,346.582,1.0,25.053,1.0,37.719,1.0,11.4005,1.0,58.5516,1.0,71.6326,70.2403,72.7972,1.91061,2.69124,119.268,1.0,145.914,143.078,148.286,3.41831,5.1566,15.0,1,18,30,18,30,0.127103,1.0,0.196913,0.196947,0.125414,1.0,0.197735,0.197769,0.146379,1.0,0.00560534,0.114501,0.133187,0.135996,0.137878,0.137878,0.140576,0.247823,1.0,1.0,1.0,1.0,1.0,1.0,1.0,3.89144,0.774555,1.0,0.195785,0.196549,-2.13889,2.64682,1.0,0.27996,0.280008,3.8871,0.773231,1.0,0.190746,0.19153,-2.13889,2.64682,1.0,0.282577,0.282624,3.84083,3.89144,3.91429,3.91913,3.91913,3.92606,4.0755,1.0,1.0,1.0,1.0,1.0,1.0,1.0,-2.13889,-2.13889,-2.13889,-2.13889,-2.13889,-2.1286,-2.09084,1.0,1.0,1.0,1.0,1.0,1.0,1.0,4.64062,4.60554,4.60754,0.0103474,4.53736,4.54176,4.54563,4.6013,4.64179,4.6638,4.75343,4.49975,4.48013,4.46116,0.00778497,4.39948,4.40388,4.40775,4.46072,4.50078,4.52097,4.52627,4.29427,4.0691,3.95503,0.0846736,2.81529,3.47571,3.67229,4.04904,4.36455,4.38144,4.61453,4.00417,3.90606,3.83706,0.041962,3.20487,3.63289,3.76921,3.89526,3.994,4.00864,4.14881,-9999,-9999
20120702,21.423,1.0,17.163,1.666,1.0,23.979,4.545,1.0,21.493,17.442,2.439,23.923,4.921,21.423,1.0,17.163,1.666,1.0,23.979,4.545,1.0,484.395,362.114,1.0,351.845,362.114,1.0,359.466,1.0,360.741,359.466,1.0,364.808,1.0,364.888,364.808,1.0,11.983,1.0,12.93,11.983,1.0,101.075,101.056,1.0,0.0,0.0,0.0,3.108,4.272,1.0,0.344333333333,1.0,223.551,1.0,723.441333333,1.0,42.1797291667,1.0,44.4091041667,1.0,452.2315,1.0,350.689,1.0,25.428,1.0,37.572,1.0,13.6117,1.0,71.7019,1.0,87.7207,86.0158,89.1469,2.76795,3.61231,99.9,1.0,122.219,119.843,124.206,3.81821,5.00363,15.0,1,18,30,18,30,0.53383,1.0,0.209092,0.231005,0.529405,1.0,0.210001,0.231828,0.505298,1.0,0.0176382,0.353574,0.399654,0.409419,0.525744,0.550124,0.596061,0.74888,1.0,1.0,1.0,1.0,1.0,1.0,1.0,4.17151,0.254059,1.0,0.182949,0.238569,-1.67983,2.40852,1.0,0.303122,0.313925,4.16037,0.255647,1.0,0.181939,0.237795,-1.67997,2.40819,1.0,0.30483,0.315575,3.88406,3.89175,3.95882,4.14693,4.17544,4.19799,4.2937,1.0,1.0,1.0,1.0,1.0,1.0,1.0,-1.7899,-1.74404,-1.7438,-1.68235,-1.66945,-1.58074,-1.42785,1.0,1.0,1.0,1.0,1.0,1.0,1.0,4.99213,4.9561,4.94293,0.0116435,4.85737,4.87348,4.87707,4.92422,4.98666,5.01757,5.10519,4.46639,4.4267,4.43768,0.00915295,4.31577,4.35074,4.40875,4.4606,4.46979,4.47434,4.49456,4.2669,4.00037,3.91859,0.103587,2.62807,3.51599,3.56616,4.04104,4.38644,4.39553,4.63713,4.01818,3.90898,3.8416,0.0564008,3.09551,3.63221,3.72055,3.9116,4.07095,4.07654,4.2137,-9999,-9999
20120703,22.314,1.0,18.544,3.012,1.0,24.575,5.828,1.0,21.72,17.802,3.291,24.071,5.636,22.314,1.0,18.544,3.012,1.0,24.575,5.828,1.0,483.929,365.214,1.0,356.365,365.214,1.0,355.748,1.0,350.139,355.748,1.0,361.145,1.0,352.53,361.145,1.0,15.755,1.0,15.157,15.755,1.0,101.078,101.046,1.0,0.0,0.0,0.0,2.543,3.349,1.0,0.276354166667,1.0,215.597229167,1.0,722.3385,1.0,41.8378958333,1.0,45.5534583333,1.0,458.1535,1.0,354.355,1.0,25.71,1.0,37.29,1.0,14.775,1.0,80.3135,1.0,98.2563,96.3466,99.8537,2.88451,3.88321,79.3092,1.0,97.0276,95.1418,98.605,3.75864,4.55175,15.0,1,18,30,18,30,0.412993,1.0,0.224241,0.248156,0.370997,1.0,0.226236,0.24996,0.282663,0.993229,0.0144847,0.0942188,0.149696,0.209487,0.309713,0.335817,0.362276,0.402937,1.0,0.979167,0.979167,1.0,1.0,1.0,1.0,4.66414,0.513954,1.0,0.181522,0.238107,-2.16172,3.12447,1.0,0.328139,0.377378,4.55808,0.524433,1.0,0.18504,0.2408,-2.16283,3.12224,1.0,0.330678,0.379588,4.29605,4.3474,4.36833,4.4717,4.58376,4.65559,4.72562,1.0,1.0,1.0,1.0,1.0,1.0,0.944444,-2.57366,-2.50339,-2.40841,-2.19157,-2.13077,-2.13062,-2.10672,1.0,1.0,0.966667,1.0,1.0,1.0,1.0,5.23735,5.20557,5.19076,0.0115068,5.10443,5.12084,5.13335,5.17105,5.23735,5.26439,5.34913,4.82308,4.83458,4.90861,0.0187057,4.78911,4.81144,4.82057,4.85795,4.97106,5.05698,5.13964,4.20801,3.95681,3.91669,0.107064,2.70891,3.29023,3.36452,4.10994,4.39831,4.40981,4.61691,4.10747,4.01671,3.98464,0.0558725,3.3381,3.70389,3.79277,4.10685,4.19817,4.22212,4.32057,-9999,-9999
20120704,21.696,1.0,16.715,2.257,1.0,24.686,4.869,1.0,21.78,17.777,2.566,24.182,4.936,21.696,1.0,16.715,2.257,1.0,24.686,4.869,1.0,483.427,362.79,1.0,354.263,362.79,1.0,355.57,1.0,354.302,355.57,1.0,359.792,1.0,357.383,359.792,1.0,14.293,1.0,14.448,14.293,1.0,101.002,100.947,1.0,0.0,0.0,0.0,2.97,3.552,1.0,0.293083333333,1.0,218.086895833,1.0,720.797479167,1.0,41.5145208333,1.0,45.8675625,1.0,453.087354167,1.0,363.965,1.0,25.447,1.0,36.91,1.0,11.1374,1.0,82.2974,1.0,100.69,98.732,102.32,3.10082,4.08539,90.2135,1.0,110.375,108.229,112.162,3.81638,4.80278,15.0,1,18,30,18,30,0.171638,1.0,0.250104,0.257429,0.165972,1.0,0.251944,0.259217,0.20462,0.989583,0.0113509,0.136929,0.145184,0.157731,0.1692,0.214721,0.267129,0.362927,1.0,1.0,1.0,1.0,1.0,1.0,0.979167,4.15855,0.373161,1.0,0.189652,0.207078,-2.23049,2.98231,1.0,0.368448,0.389005,4.1443,0.374341,1.0,0.189184,0.206649,-2.23068,2.98192,1.0,0.371501,0.391898,4.04391,4.06308,4.06712,4.16412,4.22683,4.22938,4.29634,1.0,1.0,1.0,1.0,1.0,1.0,1.0,-2.27705,-2.27555,-2.27522,-2.22829,-2.17661,-2.02598,-1.99283,1.0,1.0,1.0,1.0,0.933333,1.0,0.9,5.2884,5.26704,5.25675,0.0113833,5.16692,5.19131,5.20643,5.2277,5.29018,5.31664,5.41809,5.13067,5.10107,5.05199,0.0131952,4.88339,4.95275,5.00224,5.04242,5.11308,5.12911,5.16271,3.95511,3.78721,3.80212,0.0998774,2.88271,2.90973,3.10527,3.99866,4.23093,4.25146,4.51204,4.21164,4.17087,4.20276,0.051321,3.71248,3.78172,3.90932,4.29538,4.37204,4.47276,4.52159,-9999,-9999
20120705,18.886,1.0,15.016,1.558,1.0,21.208,3.912,1.0,19.766,16.212,2.102,21.898,4.813,18.886,1.0,15.016,1.558,1.0,21.208,3.912,1.0,482.89,369.114,1.0,360.113,369.114,1.0,334.891,1.0,338.342,334.891,1.0,341.529,1.0,338.78,341.529,1.0,10.506,1.0,12.661,10.506,1.0,101.368,101.329,1.0,0.0,0.0,0.0,2.667,3.886,1.0,0.313333333333,1.0,218.449125,1.0,733.636208333,1.0,42.2675208333,1.0,47.8098958333,1.0,436.2108125,1.0,347.112,1.0,24.406,1.0,36.52,1.0,7.3064,1.0,76.481,1.0,93.5676,91.749,95.0888,2.64173,3.6205,96.0938,1.0,117.562,115.277,119.473,3.87294,4.96746,15.0,1,18,30,18,30,-0.178209,1.0,0.205177,0.208816,-0.186173,1.0,0.207027,0.210634,-0.179513,1.0,0.00606935,-0.244253,-0.226441,-0.204649,-0.184948,-0.153084,-0.148814,-0.140546,1.0,1.0,1.0,1.0,1.0,1.0,1.0,4.20858,0.4226,1.0,0.180759,0.248815,-2.79992,3.45571,1.0,0.297177,0.324457,4.19681,0.42898,1.0,0.180471,0.248606,-2.80514,3.44967,1.0,0.300274,0.327296,3.95177,4.00016,4.00214,4.20858,4.34038,4.34213,4.39432,1.0,1.0,1.0,1.0,1.0,1.0,1.0,-2.95441,-2.89657,-2.89044,-2.79992,-2.69304,-2.63613,-2.62735,1.0,1.0,1.0,1.0,1.0,1.0,1.0,5.03795,5.03514,5.03829,0.0116838,4.97843,4.98691,4.99213,5.0093,5.04242,5.06662,5.21502,5.24548,5.22132,5.21782,0.0116365,5.12724,5.14773,5.1624,5.19141,5.24186,5.29746,5.37633,3.57899,3.44661,3.35381,0.104193,2.16764,2.412,2.62116,3.4515,3.8524,3.92252,4.1514,4.48143,4.57811,4.52162,0.0557723,3.91307,3.99599,4.24539,4.57917,4.72479,4.77388,4.8398,-9999,-9999
20120706,20.802,1.0,16.262,4.845,1.0,23.527,6.662,1.0,20.537,16.497,3.611,22.961,5.554,20.802,1.0,16.262,4.845,1.0,23.527,6.662,1.0,482.318,363.822,1.0,358.492,363.822,1.0,345.937,1.0,342.483,345.937,1.0,348.881,1.0,343.607,348.881,1.0,14.861,1.0,13.551,14.861,1.0,101.525,101.491,1.0,0.0,0.0,0.0,2.556,3.135,1.0,0.2556875,1.0,215.643541667,1.0,721.140104167,1.0,41.1218958333,1.0,46.9167916667,1.0,445.654541667,1.0,369.455,1.0,24.377,1.0,36.191,1.0,12.0585,1.0,83.0358,0.958333,101.593,99.6179,103.764,3.06438,4.34036,76.9737,1.0,94.1762,92.3452,96.189,3.51323,4.52348,15.0,1,18,30,18,30,0.00752727,0.770833,0.259021,0.264705,-0.0615194,0.770833,0.258918,0.264605,-0.0821686,0.831771,0.00999771,-0.214697,-0.146957,-0.109349,-0.0828579,-0.0658406,-0.0378355,0.0186732,0.854167,0.8125,0.833333,0.8125,0.854167,0.8125,0.770833,5.06171,0.9056,0.611111,0.219022,0.270235,-3.02542,3.76268,0.866667,0.377128,0.385328,5.06378,0.873246,0.611111,0.223228,0.273655,-3.13312,3.70876,0.866667,0.376071,0.384294,4.69992,4.74513,4.81246,4.87745,4.92403,5.06171,5.08936,0.611111,0.611111,0.833333,0.833333,0.611111,0.611111,0.611111,-3.2482,-3.15767,-3.06224,-3.04054,-3.02164,-2.99953,-2.96862,1.0,1.0,0.833333,0.833333,0.933333,0.933333,0.933333,5.43598,5.43562,5.43126,0.0112639,5.31781,5.36478,5.3955,5.41885,5.44539,5.46162,5.5834,5.41731,5.49714,5.51371,0.0125989,5.41619,5.44059,5.45323,5.49644,5.53605,5.57216,5.67222,4.49883,4.4402,3.97867,0.14874,1.78973,3.08772,3.18955,4.36403,4.69966,4.76165,4.92959,4.81876,5.16054,4.84866,0.0805388,3.5903,4.39334,4.49129,4.9903,5.19516,5.19725,5.24062,-9999,-9999
20120707,24.724,1.0,20.226,2.975,1.0,27.424,6.402,1.0,23.107,18.228,3.701,26.035,5.901,24.724,1.0,20.226,2.975,1.0,27.424,6.402,1.0,481.711,363.411,1.0,356.482,363.411,1.0,364.343,1.0,353.368,364.343,1.0,358.585,1.0,356.294,358.585,1.0,21.911,1.0,17.204,21.911,1.0,101.448,101.377,1.0,0.0,0.0,0.0,2.603,3.283,1.0,0.304354166667,1.0,210.556125,1.0,710.5119375,1.0,40.1149375,1.0,47.3335,1.0,468.068791667,1.0,361.191,1.0,26.387,1.0,35.374,1.0,16.3807,1.0,115.711,1.0,143.154,138.982,145.576,3.5972,6.06902,51.9025,1.0,64.2121,62.341,65.2988,3.15359,3.84089,15.0,1,18,30,18,30,-1.09322,1.0,0.2925,0.379267,-1.1077,1.0,0.293744,0.380228,-1.20817,0.996354,0.0533931,-1.52194,-1.41343,-1.39838,-1.38579,-1.17411,-0.930569,-0.386127,1.0,1.0,1.0,1.0,1.0,1.0,1.0,5.46808,0.811882,1.0,0.201673,0.288336,-4.96641,5.86301,1.0,0.43445,0.640397,5.46165,0.808143,1.0,0.205886,0.291298,-4.98489,5.85949,1.0,0.435733,0.641268,4.82335,4.91366,4.92577,5.30237,5.31082,5.3258,5.38462,1.0,1.0,1.0,1.0,1.0,1.0,1.0,-5.34856,-5.32396,-5.32315,-5.29074,-4.86993,-4.38298,-3.75631,1.0,1.0,1.0,1.0,1.0,1.0,1.0,6.2772,6.26952,6.17988,0.0159016,5.94773,6.05775,6.13621,6.21635,6.2286,6.2772,6.29806,7.37183,7.37722,7.38824,0.0548654,6.59387,6.82274,7.23878,7.57148,7.61311,7.62414,7.65093,5.71551,5.63771,5.01018,0.17304,2.68926,4.11503,4.24207,5.51547,5.7067,5.85996,5.89864,5.394,5.63376,5.34073,0.0878231,4.06784,4.85255,4.95004,5.53182,5.71547,5.75145,5.77827,-9999,-9999
20120708,22.414,1.0,18.186,1.838,1.0,24.95,4.735,1.0,22.071,17.903,2.475,24.572,5.344,22.414,1.0,18.186,1.838,1.0,24.95,4.735,1.0,481.069,367.144,1.0,355.612,367.144,1.0,351.041,1.0,351.829,351.041,1.0,347.146,1.0,354.5,347.146,1.0,17.015,1.0,14.985,17.015,1.0,101.524,101.407,1.0,0.0,0.0,0.0,2.774,4.792,1.0,0.421875,1.0,216.7263125,1.0,715.885208333,1.0,40.429,1.0,49.3724791667,1.0,450.3799375,1.0,354.255,1.0,25.397,1.0,34.266,1.0,10.2867,1.0,97.3773,1.0,120.68,116.962,122.969,3.30448,5.54516,68.6644,1.0,85.096,82.4741,86.71,3.55518,4.74329,15.0,1,18,30,18,30,-0.249494,1.0,0.319496,0.336204,-0.253227,1.0,0.320427,0.337089,-0.304442,0.998437,0.01338,-0.4994,-0.467649,-0.296148,-0.261947,-0.259201,-0.258311,-0.249494,1.0,1.0,1.0,1.0,1.0,1.0,1.0,5.55176,0.508363,1.0,0.275294,0.28351,-3.71573,4.2512,1.0,0.464092,0.485112,5.54767,0.510551,1.0,0.276646,0.284823,-3.71903,4.2493,1.0,0.465328,0.486295,5.4655,5.49601,5.50633,5.61065,5.62967,5.63153,5.65132,1.0,1.0,1.0,1.0,1.0,1.0,1.0,-4.11204,-4.01145,-3.79267,-3.78156,-3.73591,-3.72894,-3.71198,1.0,1.0,1.0,1.0,1.0,1.0,1.0,6.25836,6.26062,6.13682,0.0156303,5.94623,6.01746,6.08485,6.17294,6.18437,6.21381,6.25836,6.53979,6.51385,6.44123,0.0144421,6.25196,6.33272,6.42597,6.43846,6.47759,6.52674,6.58393,5.81777,4.94406,4.95118,0.166252,3.5787,3.77346,3.83447,5.16422,5.80454,5.89919,5.90745,6.23337,6.02838,6.02519,0.0761047,5.39399,5.46603,5.65764,6.24216,6.36562,6.42113,6.42272,-9999,-9999
20120709,21.498,1.0,17.456,2.382,1.0,23.923,5.631,1.0,21.482,17.256,2.8,24.018,5.691,21.498,1.0,17.456,2.382,1.0,23.923,5.631,1.0,480.393,369.982,1.0,360.218,369.982,1.0,338.436,1.0,342.856,338.436,1.0,341.987,1.0,344.042,341.987,1.0,15.681,1.0,14.333,15.681,1.0,101.54,101.464,1.0,0.0,0.0,0.0,2.655,4.693,1.0,0.397854166667,1.0,214.922041667,1.0,717.814791667,1.0,40.3781875,1.0,50.440125,1.0,441.186708333,1.0,350.826,1.0,24.749,1.0,33.308,1.0,9.34294,1.0,100.529,1.0,124.585,120.747,126.476,3.44341,5.46733,70.6277,1.0,87.5291,84.8322,88.8571,3.2071,4.38033,15.0,1,18,30,18,30,-0.932332,1.0,0.37811,0.393786,-0.94073,1.0,0.37915,0.394784,-0.852343,0.998958,0.0184922,-0.984231,-0.942729,-0.93996,-0.930986,-0.732319,-0.722733,-0.698062,1.0,1.0,1.0,1.0,1.0,1.0,1.0,5.10165,0.885098,1.0,0.292951,0.39896,-4.49849,4.55051,1.0,0.555855,0.555917,5.08007,0.865815,1.0,0.290899,0.397455,-4.49849,4.55051,1.0,0.557923,0.557984,4.988,5.09464,5.10176,5.13203,5.60777,5.6363,5.76472,1.0,1.0,1.0,1.0,1.0,1.0,1.0,-4.60561,-4.51032,-4.51032,-4.51032,-4.49612,-4.49377,-4.49377,1.0,1.0,1.0,1.0,1.0,1.0,1.0,6.42645,6.4329,6.2967,0.0155679,6.04895,6.18921,6.26247,6.30829,6.37795,6.4017,6.41288,7.34402,7.37363,7.14894,0.0228717,6.84941,6.98843,7.01432,7.17049,7.24945,7.25587,7.34402,6.02956,4.50952,4.86503,0.21927,2.86011,3.05722,3.26929,5.29495,6.02956,6.05556,6.09336,6.98796,6.41314,6.48513,0.104107,5.58979,5.62842,5.88246,6.86541,7.00471,7.04167,7.04798,-9999,-9999
20120710,24.412,1.0,19.094,4.634,1.0,27.603,7.525,1.0,23.23,18.414,4.01,26.12,6.447,24.412,1.0,19.094,4.634,1.0,27.603,7.525,1.0,479.682,368.872,1.0,360.881,368.872,1.0,353.206,1.0,347.032,353.206,1.0,361.78,1.0,348.909,361.78,1.0,20.859,1.0,17.308,20.859,1.0,101.205,101.171,1.0,0.0,0.0,0.0,2.645,2.208,1.0,0.215916666667,1.0,207.377770833,1.0,711.126625,1.0,39.0755416667,1.0,49.4213958333,1.0,463.285020833,1.0,359.269,1.0,25.639,1.0,32.255,1.0,15.4118,1.0,113.809,1.0,141.044,136.698,143.184,3.50759,5.95125,41.0895,1.0,50.9223,49.3533,51.6949,3.01747,3.4811,15.0,1,18,30,18,30,-1.08159,0.958333,0.330772,0.380464,-1.08237,0.958333,0.333741,0.383048,-1.30184,0.959896,0.02761,-1.57017,-1.46223,-1.41811,-1.35451,-1.15352,-1.08624,-1.01793,0.979167,0.979167,1.0,0.979167,0.854167,0.958333,0.875,6.37944,0.501359,1.0,0.257135,0.430979,-5.49529,5.82243,0.933333,0.4861,0.515502,6.37923,0.501442,1.0,0.257593,0.431253,-5.49637,5.81472,0.933333,0.490814,0.519949,5.87342,5.94296,6.0035,6.03518,6.3937,6.63469,6.68165,1.0,1.0,1.0,1.0,1.0,0.833333,0.833333,-5.99609,-5.90461,-5.79958,-5.7819,-5.57958,-5.56139,-5.49529,0.966667,1.0,1.0,1.0,1.0,1.0,0.933333,7.21822,7.20828,7.03332,0.0225572,6.68588,6.87418,6.97996,7.03615,7.15553,7.19429,7.21891,8.30446,8.29065,8.33438,0.0253473,8.0387,8.15694,8.20694,8.30446,8.45245,8.49053,8.55296,6.21317,4.85262,4.85157,0.269861,1.69849,2.84067,3.10076,5.37871,6.23738,6.25094,6.32639,7.601,6.732,6.66342,0.166445,4.79808,5.38201,5.5946,6.92442,7.55779,7.601,7.61008,-9999,-9999
20120711,26.064,1.0,20.423,5.393,1.0,29.448,7.181,1.0,24.708,19.787,3.728,27.661,6.418,26.064,1.0,20.423,5.393,1.0,29.448,7.181,1.0,478.937,362.745,1.0,360.426,362.745,1.0,366.988,1.0,354.035,366.988,1.0,375.654,1.0,357.071,375.654,1.0,22.96,1.0,18.788,22.96,1.0,101.027,100.984,1.0,0.0,0.0,0.0,2.44,2.131,1.0,0.1856875,1.0,210.493270833,1.0,703.082083333,1.0,37.9807708333,1.0,48.5313333333,1.0,468.888895833,1.0,382.898,1.0,26.562,1.0,31.164,1.0,17.5013,1.0,120.553,1.0,149.401,144.798,152.037,3.39729,6.35093,33.6907,0.979167,41.753,40.4665,42.4895,2.61802,3.01709,15.0,1,18,30,18,30,-1.30967,0.979167,0.318437,0.44116,-1.30062,0.979167,0.323265,0.444658,-1.2259,0.942708,0.0460637,-1.58257,-1.43789,-1.41143,-1.33656,-1.22493,-0.827253,-0.598689,0.979167,0.979167,0.979167,0.958333,1.0,0.833333,0.854167,6.77085,1.19427,1.0,0.253497,0.795403,-6.0818,6.01464,0.966667,0.466824,0.476532,6.77345,1.19313,1.0,0.25396,0.795551,-6.06942,6.01076,0.966667,0.474558,0.484111,5.94454,6.28255,6.30699,6.40314,6.81405,7.7904,7.81952,1.0,1.0,1.0,1.0,1.0,0.611111,0.611111,-6.08586,-6.0392,-6.00644,-5.92163,-5.89831,-5.8478,-5.62152,0.966667,0.933333,0.966667,0.966667,0.9,1.0,1.0,7.82722,7.79448,7.60512,0.027139,7.23274,7.43092,7.501,7.60742,7.76655,7.80697,7.82722,9.12271,9.09511,8.83152,0.039794,8.33205,8.43689,8.70548,8.94253,9.00348,9.03521,9.12271,6.63664,5.0974,5.4889,0.234385,2.81383,3.55541,3.98962,6.3581,6.66353,6.7268,6.80316,8.15309,6.9864,7.21619,0.156411,5.51405,5.92569,6.23052,7.40525,8.06742,8.14931,8.15404,-9999,-9999
20120712,25.436,1.0,20.416,2.255,1.0,28.448,6.168,1.0,24.761,19.957,2.931,27.642,5.968,25.436,1.0,20.416,2.255,1.0,28.448,6.168,1.0,478.157,352.016,1.0,354.575,352.016,1.0,367.129,1.0,359.674,367.129,1.0,378.182,1.0,363.645,378.182,1.0,20.07,1.0,17.699,20.07,1.0,100.949,100.864,1.0,0.0,0.0,0.0,2.608,2.718,1.0,0.262041666667,1.0,205.8591875,1.0,680.871020833,1.0,36.6735,1.0,48.3858333333,1.0,463.016666667,1.0,362.888,1.0,26.88,1.0,30.071,1.0,12.5868,1.0,125.17,1.0,155.123,151.472,157.86,3.52244,5.90132,36.5823,1.0,45.3366,44.2695,46.1363,2.4858,2.84501,15.0,1,18,30,18,30,-1.75967,0.958333,0.316416,0.404202,-1.75952,0.958333,0.319577,0.406682,-1.8205,0.973437,0.0443983,-2.46688,-1.98305,-1.97534,-1.87823,-1.63596,-1.48001,-1.3959,1.0,1.0,1.0,1.0,0.958333,0.979167,0.9375,6.64592,0.492754,1.0,0.244457,0.496513,-6.70068,6.76455,0.933333,0.46529,0.594074,6.64612,0.492618,1.0,0.244958,0.49676,-6.70056,6.76478,0.933333,0.470305,0.598009,5.25819,6.05216,6.50121,6.52554,6.65908,6.91649,6.95351,1.0,1.0,1.0,1.0,1.0,0.944444,0.944444,-7.07462,-6.9577,-6.94637,-6.94553,-6.57763,-6.21898,-6.06757,0.933333,1.0,1.0,1.0,0.933333,0.933333,0.9,8.04946,8.00542,7.82268,0.0283013,7.42641,7.63922,7.70414,7.82523,7.98661,8.02865,8.06007,9.75886,9.76494,9.64319,0.0452162,9.05556,9.12375,9.58287,9.78144,9.80057,9.81306,9.90631,7.20414,5.00983,6.69386,0.161311,4.40052,4.87943,6.30908,7.20414,7.31826,7.35601,7.47776,8.63507,7.17315,8.13547,0.0987806,6.7529,7.1627,7.95444,8.36082,8.56738,8.62526,8.64119,-9999,-9999
20120713,19.044,1.0,15.213,1.168,1.0,21.342,3.573,1.0,20.396,16.678,1.283,22.627,4.441,19.044,1.0,15.213,1.168,1.0,21.342,3.573,1.0,477.344,367.515,1.0,357.415,367.515,1.0,330.054,1.0,342.279,330.054,1.0,337.376,1.0,343.37,337.376,1.0,9.914,1.0,11.677,9.914,1.0,101.17,101.059,1.0,0.0,0.0,0.0,3.165,4.772,1.0,0.4381875,1.0,220.129854167,1.0,725.090833333,1.0,39.6344791667,1.0,52.7868541667,1.0,422.995208333,1.0,345.859,1.0,23.266,1.0,29.371,1.0,0.715188,1.0,92.0816,1.0,114.117,111.431,116.13,2.82117,4.48233,83.5014,1.0,103.483,101.048,105.309,2.93325,4.31052,15.0,1,18,30,18,30,-1.35179,1.0,0.37684,0.37801,-1.31295,1.0,0.375111,0.376286,-1.36622,1.0,0.0142284,-1.65286,-1.38779,-1.35861,-1.33568,-1.32945,-1.32835,-1.32105,1.0,1.0,1.0,1.0,1.0,1.0,1.0,6.59938,0.43258,1.0,0.215609,0.234682,-6.04386,5.83459,1.0,0.56644,0.568112,6.59951,0.432557,1.0,0.215596,0.23467,-5.98405,5.88661,1.0,0.563707,0.565388,6.29939,6.48635,6.54415,6.55917,6.59938,6.6717,6.68796,1.0,1.0,1.0,1.0,1.0,1.0,1.0,-6.32807,-6.07254,-6.06814,-6.03406,-5.98728,-5.98543,-5.9839,1.0,1.0,1.0,1.0,1.0,1.0,1.0,7.15559,7.13383,7.00873,0.0215875,6.65351,6.86479,6.97033,6.99964,7.12042,7.14417,7.18401,8.50108,8.44677,8.37514,0.0204835,8.00351,8.31074,8.31566,8.39842,8.4706,8.50764,8.5179,6.84834,4.32231,6.54749,0.177787,3.96411,4.38574,6.82817,7.0006,7.0802,7.10164,7.20854,9.23476,8.00808,8.99743,0.0746568,7.95732,8.12171,9.10057,9.15285,9.23677,9.25756,9.36208,-9999,-9999
20120714,19.241,1.0,15.508,2.816,1.0,21.687,4.494,1.0,19.646,15.87,3.241,22.119,4.892,19.241,1.0,15.508,2.816,1.0,21.687,4.494,1.0,476.496,357.758,1.0,349.431,357.758,1.0,334.553,1.0,343.503,334.553,1.0,350.827,1.0,344.795,350.827,1.0,9.539,1.0,11.472,9.539,1.0,101.285,101.228,1.0,0.0,0.0,0.0,2.435,3.433,1.0,0.329645833333,1.0,212.93225,1.0,711.858729167,1.0,38.1054791667,1.0,50.0402916667,1.0,427.849104167,1.0,339.011,1.0,23.632,1.0,29.157,1.0,6.03327,1.0,92.1432,1.0,113.997,111.506,115.145,2.74814,3.85119,69.3129,1.0,85.7518,83.878,86.6159,2.78853,3.4489,15.0,1,19,29,19,29,-2.27579,1.0,0.332054,0.342658,-2.18359,1.0,0.343977,0.354225,-2.22324,0.999479,0.0134687,-2.32771,-2.30426,-2.28637,-2.22629,-2.18676,-2.13508,-2.04455,1.0,1.0,1.0,1.0,1.0,1.0,1.0,6.81852,0.607897,1.0,0.240681,0.30886,-8.09719,6.55617,1.0,0.505607,0.550714,6.79975,0.624399,1.0,0.23948,0.307924,-7.93784,6.52952,1.0,0.525731,0.569245,6.2734,6.438,6.52227,6.61301,6.77364,6.82513,6.88192,1.0,1.0,1.0,1.0,1.0,1.0,1.0,-8.18188,-8.15059,-8.11456,-7.92085,-7.7612,-7.71402,-7.48688,1.0,1.0,1.0,1.0,1.0,1.0,0.965517,7.48015,7.44414,7.31853,0.0238068,6.95246,7.12664,7.2856,7.31115,7.44295,7.47673,7.52464,9.76324,9.62773,9.53873,0.030524,9.1739,9.25509,9.40546,9.5649,9.65017,9.7705,9.80124,6.77982,5.83791,6.62551,0.0667972,5.64863,5.88525,6.62114,6.77519,6.80682,6.95034,7.02105,9.21672,8.68685,9.065,0.0275941,8.70524,8.75981,9.06382,9.09047,9.19347,9.22948,9.24504,-9999,-9999
20120715,20.231,1.0,15.36,2.302,1.0,23.423,5.293,1.0,21.148,17.049,3.378,23.833,5.187,20.231,1.0,15.36,2.302,1.0,23.423,5.293,1.0,475.613,355.392,1.0,351.298,355.392,1.0,347.389,1.0,349.881,347.389,1.0,358.476,1.0,352.23,358.476,1.0,10.945,1.0,12.881,10.945,1.0,101.125,101.071,1.0,0.0,0.0,0.0,2.646,3.624,1.0,0.352770833333,1.0,212.134208333,1.0,700.023125,1.0,37.1861666667,1.0,50.141375,1.0,439.049479167,1.0,343.06,1.0,24.099,1.0,28.855,1.0,6.13017,1.0,101.073,1.0,125.26,122.676,126.305,3.20093,4.18102,55.6627,1.0,68.983,67.5598,69.5581,3.28938,3.60754,15.0,1,19,29,19,29,-2.61533,1.0,0.365401,0.429499,-2.61117,1.0,0.363059,0.427508,-2.47694,0.993229,0.0452398,-2.71282,-2.70991,-2.69767,-2.62747,-2.287,-2.25846,-1.81291,1.0,1.0,1.0,1.0,1.0,0.9375,1.0,7.04901,0.841791,1.0,0.23333,0.293444,-8.78977,6.9202,1.0,0.562409,0.667862,7.04853,0.842126,1.0,0.233009,0.293189,-8.78283,6.93238,1.0,0.558594,0.664653,6.26068,6.72526,6.76164,6.91981,7.04901,7.08116,7.09715,1.0,1.0,1.0,1.0,1.0,1.0,1.0,-8.788,-8.77567,-8.76342,-8.70898,-8.25571,-8.05529,-7.47812,1.0,1.0,1.0,1.0,1.0,0.862069,1.0,7.95653,7.89989,7.76456,0.0280995,7.36918,7.53596,7.72044,7.75008,7.91409,7.95653,8.02544,10.5664,10.5111,10.2412,0.0469525,9.54739,9.90832,10.0413,10.402,10.4349,10.5261,10.5521,7.09975,7.00621,6.96962,0.0375501,6.554,6.69676,6.75962,7.04538,7.09975,7.171,7.29426,9.60829,9.46807,9.48193,0.0161131,9.32183,9.35367,9.42159,9.493,9.52563,9.55454,9.62708,-9999,-9999
20120716,16.836,1.0,13.985,0.442,1.0,18.704,2.754,1.0,18.353,15.64,1.032,20.131,3.228,16.836,1.0,13.985,0.442,1.0,18.704,2.754,1.0,474.698,353.602,1.0,335.632,353.602,1.0,333.011,1.0,345.977,333.011,1.0,337.631,1.0,347.679,337.631,1.0,6.37,1.0,8.905,6.37,1.0,101.079,101.082,1.0,0.0,0.0,0.0,3.685,5.987,1.0,0.5690625,1.0,216.164604167,1.0,711.302395833,1.0,38.5766041667,1.0,51.8617083333,1.0,417.365020833,1.0,336.118,1.0,21.783,1.0,28.656,1.0,-1.41604,1.0,82.147,1.0,101.63,99.7046,102.654,2.36318,3.21928,93.0997,1.0,115.18,112.998,116.341,3.3669,4.18025,15.0,1,19,29,19,29,-2.48615,1.0,0.355398,0.360473,-2.48615,1.0,0.352519,0.357635,-2.52372,0.990625,0.00934227,-2.65651,-2.6067,-2.54586,-2.48615,-2.48615,-2.48615,-2.48615,0.958333,0.979167,1.0,1.0,1.0,1.0,1.0,6.93026,0.852527,1.0,0.232158,0.262816,-8.50593,6.91438,1.0,0.546072,0.546817,6.93026,0.852527,1.0,0.227439,0.258657,-8.50593,6.91438,1.0,0.542163,0.542913,6.49226,6.68389,6.92062,6.93026,6.93026,6.93026,6.93026,1.0,1.0,1.0,1.0,1.0,1.0,1.0,-8.59662,-8.56301,-8.53253,-8.50593,-8.50593,-8.50593,-8.47186,1.0,0.965517,0.931034,1.0,1.0,1.0,1.0,7.42001,7.37972,7.29895,0.0263018,6.93863,7.13385,7.20129,7.28451,7.41846,7.47152,7.52695,9.90617,9.86587,9.82291,0.0290717,9.42478,9.68344,9.69868,9.79987,9.98753,10.0234,10.0611,6.90994,6.80815,6.5444,0.0728079,5.85894,6.01159,6.08964,6.79837,6.8997,6.91434,7.11581,10.3637,10.2913,10.199,0.027813,9.87977,9.97308,10.0284,10.2957,10.3355,10.345,10.3721,-9999,-9999
20120717,16.893,1.0,14.768,0.809,1.0,18.284,2.52,1.0,17.185,14.437,1.767,18.985,3.322,16.893,1.0,14.768,0.809,1.0,18.284,2.52,1.0,473.748,277.255,1.0,302.863,277.255,1.0,353.83,1.0,354.104,353.83,1.0,365.777,1.0,357.152,365.777,1.0,7.145,1.0,8.206,7.145,1.0,101.404,101.493,1.0,0.0,0.0,0.0,2.809,4.456,1.0,0.4245,1.0,170.781791667,1.0,555.1111875,1.0,30.3726666667,1.0,41.4618541667,1.0,417.817916667,1.0,339.798,1.0,20.927,1.0,28.672,1.0,-0.542063,1.0,75.881,1.0,94.0396,92.2405,95.6984,2.22094,3.39163,65.2732,1.0,80.8933,79.3457,82.3202,2.89772,3.64125,15.0,1,19,29,19,29,-2.34095,1.0,0.293488,0.329425,-2.34178,1.0,0.296166,0.331813,-2.26131,0.998958,0.03434,-2.3815,-2.3815,-2.3815,-2.34294,-2.22035,-2.08226,-1.97755,1.0,1.0,1.0,1.0,1.0,1.0,1.0,6.44026,0.683723,1.0,0.239328,0.2502,-7.9533,7.86805,1.0,0.441071,0.479089,6.43822,0.68179,1.0,0.236514,0.24751,-7.9533,7.86805,1.0,0.446246,0.483857,6.34154,6.34154,6.34154,6.42938,6.44707,6.48744,6.59301,1.0,1.0,1.0,1.0,1.0,1.0,1.0,-7.9533,-7.9533,-7.9533,-7.9533,-7.75303,-7.57923,-7.48659,1.0,1.0,1.0,1.0,1.0,1.0,1.0,7.58478,7.54121,7.45866,0.0228137,7.14922,7.32915,7.34807,7.47278,7.58459,7.60183,7.62904,9.92572,9.88299,9.72002,0.0399931,8.90936,9.53072,9.62941,9.7622,9.85317,9.94058,9.96141,7.16488,7.10254,6.81084,0.0769203,6.12683,6.3161,6.38688,7.04666,7.15632,7.16488,7.36844,9.33679,9.29441,9.159,0.0351334,8.70369,8.93241,8.97791,9.30393,9.3234,9.33617,9.33948,-9999,-9999
20120718,18.539,1.0,15.066,1.896,1.0,20.813,3.991,1.0,18.67,14.844,2.797,21.177,4.066,18.539,1.0,15.066,1.896,1.0,20.813,3.991,1.0,472.765,348.5,1.0,349.239,348.5,1.0,349.49,1.0,343.382,349.49,1.0,344.779,1.0,344.655,344.779,1.0,8.845,1.0,10.135,8.845,1.0,101.538,101.546,1.0,0.0,0.0,0.0,2.584,3.828,1.0,0.389875,1.0,214.468958333,1.0,699.7161875,1.0,37.0106875,1.0,50.1521041667,1.0,432.179145833,1.0,339.771,1.0,22.336,1.0,28.593,1.0,5.70771,1.0,95.4369,1.0,118.491,116.012,120.362,3.17411,4.52423,70.0938,1.0,87.0262,85.2055,88.3997,3.17817,3.96324,15.0,1,19,29,19,29,-3.43407,1.0,0.348671,0.426726,-3.44818,1.0,0.349816,0.427662,-3.26993,0.997396,0.0390743,-3.44818,-3.44818,-3.44818,-3.44818,-3.14801,-2.95615,-2.87778,1.0,1.0,1.0,1.0,1.0,1.0,1.0,7.11417,1.06735,1.0,0.234294,0.273432,-10.1384,7.9839,1.0,0.534526,0.602397,7.07983,1.07604,1.0,0.235281,0.274278,-10.1384,7.9839,1.0,0.536241,0.603919,7.07983,7.07983,7.07983,7.07983,7.33307,7.36176,7.42673,1.0,1.0,1.0,1.0,1.0,1.0,1.0,-10.1384,-10.1384,-10.1384,-10.1384,-9.82373,-9.58279,-9.45585,1.0,1.0,1.0,1.0,1.0,1.0,1.0,8.13274,8.06434,7.97739,0.024601,7.68123,7.83262,7.86559,8.00438,8.09319,8.15064,8.17258,11.5668,11.5125,11.2436,0.0387375,10.4602,11.014,11.1301,11.3022,11.3937,11.4298,11.5277,7.86338,7.87092,7.6075,0.080195,7.0243,7.21535,7.37618,7.84831,7.89709,7.93095,8.0148,11.7134,11.6397,11.5037,0.0475565,11.1691,11.3008,11.327,11.6551,11.6919,11.6965,11.7171,-9999,-9999
20120719,18.984,1.0,15.7,1.213,1.0,21.136,4.542,1.0,19.561,15.545,2.072,22.193,4.24,18.984,1.0,15.7,1.213,1.0,21.136,4.542,1.0,471.749,311.995,1.0,328.517,311.995,1.0,361.27,1.0,349.271,361.27,1.0,369.165,1.0,351.519,369.165,1.0,9.024,1.0,12.127,9.024,1.0,101.619,101.595,1.0,0.0,0.0,0.0,2.755,4.092,1.0,0.429916666667,1.0,194.365104167,1.0,631.711333333,1.0,32.9779583333,1.0,45.3880833333,1.0,432.353875,1.0,339.879,1.0,22.387,1.0,28.466,1.0,4.18356,1.0,95.9823,1.0,119.23,116.675,122.918,3.34054,5.70755,61.175,1.0,75.9921,74.3639,78.3429,3.25532,4.39286,15.0,1,19,29,19,29,-3.06233,1.0,0.343359,0.394755,-3.08262,1.0,0.343135,0.39456,-3.00141,1.0,0.0455478,-3.17821,-3.17821,-3.17821,-3.14139,-2.9687,-2.78867,-2.507,1.0,1.0,1.0,1.0,1.0,1.0,1.0,7.3203,0.552255,1.0,0.246972,0.330351,-9.68047,9.32752,1.0,0.523209,0.545997,7.31566,0.552663,1.0,0.246055,0.329667,-9.70981,9.27362,1.0,0.523021,0.545817,7.08296,7.08296,7.08296,7.1726,7.38314,7.52176,7.57084,1.0,1.0,1.0,1.0,1.0,1.0,1.0,-9.70981,-9.70981,-9.70981,-9.70981,-9.56664,-9.39761,-8.97109,1.0,1.0,1.0,1.0,1.0,1.0,1.0,8.44354,8.36993,8.28151,0.0256136,7.97464,8.12334,8.17009,8.31131,8.3897,8.46507,8.48885,11.5075,11.4526,11.2829,0.04776,10.2919,11.1503,11.1549,11.3483,11.4974,11.5128,11.5225,8.31393,8.31276,8.1105,0.0619311,7.61088,7.78143,7.84683,8.30321,8.35677,8.35968,8.4324,11.0807,11.0,10.9278,0.0352749,10.7203,10.7297,10.7841,10.9952,11.0642,11.0681,11.0869,-9999,-9999
20120720,22.782,1.0,18.349,3.38,1.0,25.687,5.592,1.0,22.307,17.593,4.54,25.395,5.8,22.782,1.0,18.349,3.38,1.0,25.687,5.592,1.0,470.699,352.122,1.0,348.022,352.122,1.0,361.658,1.0,353.007,361.658,1.0,371.109,1.0,355.873,371.109,1.0,15.031,1.0,16.641,15.031,1.0,101.641,101.65,1.0,0.0,0.0,0.0,2.923,3.041,1.0,0.3074375,1.0,209.59125,1.0,698.075125,1.0,35.3153541667,1.0,51.0329166667,1.0,451.65725,1.0,340.218,1.0,24.324,1.0,28.244,1.0,11.6427,1.0,128.564,0.958333,159.783,157.32,164.644,3.35368,6.38143,34.656,0.958333,43.0714,42.4075,44.3818,2.34473,2.76397,15.0,1,19,29,19,29,-2.80211,0.916667,0.351369,0.391852,-2.84644,0.916667,0.352271,0.392661,-2.92037,0.875,0.0470258,-3.16979,-3.15102,-3.0931,-3.04843,-2.86267,-2.80411,-2.15051,0.958333,0.791667,0.958333,0.958333,0.833333,0.916667,0.6875,7.65898,1.25046,1.0,0.264671,0.342002,-9.48732,8.35467,0.862069,0.532933,0.558454,7.54621,1.17938,1.0,0.270477,0.346515,-9.48415,8.35944,0.862069,0.533197,0.558705,7.0584,7.2443,7.25612,7.54621,7.6642,7.6775,7.73133,1.0,1.0,1.0,1.0,1.0,1.0,0.947368,-9.94943,-9.81263,-9.6803,-9.6803,-9.58733,-9.47885,-8.58563,0.62069,0.724138,0.931034,0.931034,0.724138,0.862069,0.517241,9.53967,9.433,9.3126,0.0298079,8.97904,9.11726,9.17569,9.31143,9.4461,9.53967,9.58587,12.3438,12.2794,12.2324,0.0500888,11.3213,12.1346,12.1955,12.292,12.4259,12.4625,12.522,9.72427,9.67305,9.46833,0.0528933,8.81752,8.92678,9.29484,9.60515,9.70926,9.7234,9.74094,12.573,12.4908,12.5115,0.0158483,12.2943,12.3751,12.4363,12.5679,12.5799,12.5839,12.6115,-9999,-9999
20120721,26.05,1.0,20.742,2.81,1.0,29.527,5.479,1.0,25.436,21.299,2.708,28.146,5.644,26.05,1.0,20.742,2.81,1.0,29.527,5.479,1.0,469.615,350.821,1.0,345.798,350.821,1.0,377.212,1.0,366.062,377.212,1.0,387.941,1.0,371.09,387.941,1.0,21.193,1.0,19.938,21.193,1.0,101.316,101.307,1.0,0.0,0.0,0.0,2.342,2.338,1.0,0.237854166667,1.0,209.50725,1.0,690.8261875,1.0,34.1559375,1.0,50.5090833333,1.0,466.4423125,1.0,351.462,1.0,26.007,1.0,27.817,1.0,14.7002,1.0,147.2,0.958333,182.943,180.124,188.63,3.3761,7.15246,10.6696,1.0,13.2604,13.056,13.6726,2.31777,2.3624,15.0,1,19,29,19,29,-2.68478,0.958333,0.296873,0.388808,-2.59108,0.958333,0.296601,0.3886,-2.89229,0.941667,0.035532,-3.34012,-3.18409,-3.07865,-2.82086,-2.75707,-2.68195,-2.62106,0.875,0.895833,1.0,0.979167,0.895833,0.958333,0.895833,8.91625,0.829037,1.0,0.245706,0.464269,-10.1239,9.423,0.931034,0.44531,0.597433,8.83159,0.793937,1.0,0.246635,0.464761,-9.91899,9.20043,0.931034,0.444628,0.596924,7.43531,8.06395,8.22982,8.58478,8.83657,8.8518,8.88566,1.0,1.0,1.0,0.842105,1.0,1.0,1.0,-11.0151,-10.6034,-10.4282,-9.98836,-9.80688,-9.80688,-9.78186,0.931034,0.931034,0.827586,0.827586,0.965517,0.965517,1.0,10.5403,10.4032,10.2547,0.034911,9.89677,9.97619,10.0946,10.2049,10.4356,10.5403,10.5915,13.2464,12.9943,13.1484,0.0358791,12.9085,12.921,12.9526,13.0707,13.316,13.4215,13.5636,10.853,10.8451,10.5783,0.0562824,9.91871,10.0111,10.4172,10.7377,10.7973,10.8088,10.853,12.8113,12.7867,12.814,0.0180517,12.6314,12.6982,12.756,12.8141,12.8411,12.8831,12.9509,-9999,-9999
20120722,25.642,1.0,21.485,2.558,1.0,28.366,5.075,1.0,24.649,21.297,3.036,26.845,5.078,25.642,1.0,21.485,2.558,1.0,28.366,5.075,1.0,468.499,344.683,1.0,327.835,344.683,1.0,380.175,1.0,376.179,380.175,1.0,385.056,1.0,382.882,385.056,1.0,20.227,1.0,17.228,20.227,1.0,101.187,101.058,1.0,0.0,0.0,0.0,2.628,3.474,1.0,0.362479166667,1.0,211.632958333,1.0,684.5263125,1.0,33.9711458333,1.0,50.5918125,1.0,461.208375,1.0,349.736,1.0,26.174,1.0,27.323,1.0,11.4285,1.0,156.029,1.0,193.917,190.928,200.879,3.93089,8.35843,5.05903,1.0,6.28748,6.19058,6.51322,2.41354,2.42536,15.0,1,19,29,19,29,-2.64882,1.0,0.296849,0.322046,-2.72042,1.0,0.29851,0.323577,-2.75103,0.969271,0.0178442,-2.92819,-2.8813,-2.87691,-2.75177,-2.67097,-2.63154,-2.59444,0.895833,1.0,1.0,1.0,0.979167,1.0,0.916667,9.37506,1.1832,1.0,0.238646,0.396589,-10.3672,9.58738,1.0,0.446913,0.450389,9.20075,1.32661,1.0,0.243791,0.399706,-10.3672,9.58738,1.0,0.448533,0.451996,8.80879,8.8091,8.82019,9.12443,9.39746,9.4426,9.44926,0.947368,1.0,1.0,1.0,1.0,1.0,1.0,-10.5085,-10.4517,-10.3986,-10.3672,-10.3672,-10.34,-10.3253,0.965517,0.931034,0.931034,1.0,1.0,1.0,0.931034,10.6998,10.5635,10.4223,0.0347293,10.0616,10.1844,10.267,10.38,10.5909,10.6998,10.755,13.34,13.284,13.1738,0.0259141,12.9195,12.9594,13.0746,13.1188,13.3295,13.3656,13.4011,11.0019,11.1028,10.8309,0.0318115,10.4526,10.5424,10.6821,10.921,10.9625,11.0071,11.0703,12.8695,12.9583,12.9442,0.0169602,12.8412,12.8695,12.879,12.9061,12.9708,12.9966,13.2084,-9999,-9999
20120723,20.73,1.0,17.252,1.158,1.0,23.009,4.185,1.0,22.672,19.551,1.709,24.716,4.177,20.73,1.0,17.252,1.158,1.0,23.009,4.185,1.0,467.35,343.925,1.0,325.468,343.925,1.0,342.837,1.0,366.638,342.837,1.0,364.793,1.0,371.761,364.793,1.0,11.091,1.0,14.821,11.091,1.0,101.283,101.179,1.0,0.0,0.0,0.0,2.604,3.667,1.0,0.397895833333,1.0,210.354104167,1.0,685.462083333,1.0,34.1235416667,1.0,52.5280416667,1.0,422.515979167,1.0,341.527,1.0,24.187,1.0,26.992,1.0,3.9376,1.0,116.069,1.0,144.253,142.03,149.432,3.00326,6.25535,52.6176,1.0,65.3944,64.3865,67.7422,3.41043,4.22124,15.0,1,19,29,19,29,-3.44807,1.0,0.331786,0.333238,-3.45437,1.0,0.331756,0.333208,-3.45361,0.999479,0.00873648,-3.50284,-3.49058,-3.48313,-3.47035,-3.44613,-3.42844,-3.39662,1.0,1.0,1.0,1.0,1.0,1.0,1.0,8.41235,0.882426,1.0,0.246965,0.264624,-11.0112,9.95038,1.0,0.503857,0.504789,8.39702,0.877388,1.0,0.247834,0.265435,-11.0112,9.95038,1.0,0.503623,0.504555,8.27138,8.29264,8.31017,8.34701,8.3944,8.48274,8.49546,1.0,1.0,1.0,1.0,1.0,1.0,1.0,-11.0351,-11.0327,-11.0112,-11.0112,-11.0112,-10.9714,-10.8935,1.0,1.0,1.0,1.0,1.0,1.0,1.0,9.70583,9.60662,9.53582,0.027319,9.23017,9.35146,9.41938,9.56518,9.67302,9.73438,9.77154,13.152,13.061,12.9894,0.0254247,12.7121,12.7628,12.8539,13.009,13.1129,13.1903,13.1989,10.0527,10.0895,9.96001,0.0348301,9.65804,9.68615,9.71583,10.0442,10.0851,10.0987,10.3493,13.0234,13.1511,13.1163,0.0200788,13.016,13.0192,13.0234,13.0977,13.1441,13.1592,13.4622,-9999,-9999
20120724,19.495,1.0,15.241,1.447,1.0,22.283,4.976,1.0,20.963,16.849,2.52,23.658,4.742,19.495,1.0,15.241,1.447,1.0,22.283,4.976,1.0,466.168,352.993,1.0,348.584,352.993,1.0,329.756,1.0,341.952,329.756,1.0,352.436,1.0,342.988,352.436,1.0,10.051,1.0,13.401,10.051,1.0,101.368,101.333,1.0,0.0,0.0,0.0,2.648,4.143,1.0,0.455291666667,1.0,207.710125,1.0,693.981229167,1.0,34.3313541667,1.0,54.7001666667,1.0,418.826333333,1.0,333.559,1.0,23.096,1.0,26.818,1.0,3.36067,1.0,116.572,1.0,144.995,142.646,150.126,2.77786,6.20228,42.9967,1.0,53.4803,52.6138,55.373,3.40224,3.96974,15.0,1,19,29,19,29,-3.89595,1.0,0.299413,0.299413,-3.89595,1.0,0.299206,0.299206,-3.90862,1.0,0.00641188,-4.0391,-3.89595,-3.89595,-3.89595,-3.89595,-3.89595,-3.89595,1.0,1.0,1.0,1.0,1.0,1.0,1.0,8.35881,0.911273,1.0,0.249098,0.249098,-11.6905,10.0565,1.0,0.448812,0.448812,8.35881,0.911273,1.0,0.248086,0.248086,-11.6905,10.0565,1.0,0.448701,0.448701,8.35881,8.35881,8.35881,8.35881,8.35881,8.35881,8.39074,1.0,1.0,1.0,1.0,1.0,1.0,1.0,-11.9393,-11.6905,-11.6905,-11.6905,-11.6905,-11.6905,-11.6905,1.0,1.0,1.0,1.0,1.0,1.0,1.0,9.57022,9.47574,9.436,0.0231415,9.18621,9.27503,9.3355,9.46043,9.5702,9.60269,9.62982,13.4662,13.3717,13.3446,0.0249328,13.0822,13.171,13.2314,13.3564,13.4986,13.5247,13.5456,10.0498,10.0683,10.0427,0.0200723,9.84775,9.87537,9.9608,10.0507,10.079,10.139,10.3488,13.6426,13.7383,13.7018,0.0127841,13.6217,13.6306,13.6411,13.6867,13.7398,13.7515,13.8967,-9999,-9999
20120725,19.072,1.0,14.92,1.474,1.0,21.792,4.421,1.0,20.314,16.108,2.624,23.069,4.537,19.072,1.0,14.92,1.474,1.0,21.792,4.421,1.0,464.953,343.248,1.0,342.337,343.248,1.0,329.436,1.0,346.245,329.436,1.0,353.028,1.0,347.992,353.028,1.0,9.332,1.0,12.186,9.332,1.0,101.426,101.397,1.0,0.0,0.0,0.0,2.687,4.436,1.0,0.498020833333,1.0,204.4800625,1.0,683.20725,1.0,33.7447916667,1.0,53.6999375,1.0,413.012604167,1.0,334.339,1.0,22.595,1.0,26.697,1.0,2.1095,1.0,116.011,1.0,146.308,141.987,149.893,2.99539,6.58167,46.9014,1.0,59.1503,57.4033,60.5995,3.23374,4.00884,15.0,1,19,29,19,29,-4.32998,1.0,0.287199,0.287437,-4.32998,1.0,0.287177,0.287416,-4.34497,1.0,0.00387301,-4.4141,-4.35342,-4.34823,-4.32998,-4.32998,-4.32998,-4.32998,1.0,1.0,1.0,1.0,1.0,1.0,1.0,8.5615,0.808446,1.0,0.232606,0.233544,-12.5156,11.0832,1.0,0.431989,0.432054,8.5615,0.808446,1.0,0.232991,0.233928,-12.5156,11.0832,1.0,0.431863,0.431928,8.42479,8.51967,8.53997,8.5615,8.5615,8.5615,8.5615,1.0,1.0,1.0,1.0,1.0,1.0,1.0,-12.6,-12.5306,-12.5294,-12.5156,-12.5156,-12.5156,-12.5156,1.0,1.0,1.0,1.0,1.0,1.0,1.0,9.63908,9.54326,9.51892,0.0189777,9.32817,9.38768,9.42252,9.5344,9.60303,9.66708,9.70134,13.9901,13.8732,13.8639,0.0208605,13.6581,13.7177,13.7525,13.878,13.9727,14.0139,14.048,10.1857,10.1604,10.1941,0.0167545,10.024,10.0453,10.1606,10.1881,10.2426,10.2756,10.403,13.7439,13.8023,13.7701,0.0087377,13.7139,13.721,13.7295,13.7466,13.808,13.8297,13.8795,-9999,-9999
20120726,17.625,1.0,14.189,1.552,1.0,19.876,3.966,1.0,19.432,15.47,2.337,22.028,4.64,17.625,1.0,14.189,1.552,1.0,19.876,3.966,1.0,463.706,349.205,1.0,344.72,349.205,1.0,325.366,1.0,337.824,325.366,1.0,341.074,1.0,338.177,341.074,1.0,7.724,1.0,11.912,7.724,1.0,101.415,101.375,1.0,0.0,0.0,0.0,2.632,5.248,1.0,0.580583333333,1.0,207.609833333,1.0,697.740770833,1.0,35.0566666667,1.0,56.152375,1.0,409.351520833,1.0,330.296,1.0,21.464,1.0,26.638,1.0,-0.149271,1.0,99.3702,1.0,127.257,121.621,128.624,2.69853,5.85123,61.1364,1.0,78.2935,74.8258,79.1348,2.8319,4.26879,15.0,1,19,29,19,29,-3.91313,1.0,0.267451,0.267451,-3.91313,1.0,0.267811,0.267811,-3.91313,1.0,4.26667e-16,-3.91313,-3.91313,-3.91313,-3.91313,-3.91313,-3.91313,-3.91313,1.0,1.0,1.0,1.0,1.0,1.0,1.0,8.38537,0.899311,1.0,0.215212,0.215212,-11.7353,10.3979,1.0,0.402608,0.402608,8.38537,0.899311,1.0,0.217894,0.217894,-11.7353,10.3979,1.0,0.402597,0.402597,8.38537,8.38537,8.38537,8.38537,8.38537,8.38537,8.38537,1.0,1.0,1.0,1.0,1.0,1.0,1.0,-11.7353,-11.7353,-11.7353,-11.7353,-11.7353,-11.7353,-11.7353,1.0,1.0,1.0,1.0,1.0,1.0,1.0,9.40503,9.32558,9.31917,0.0156475,9.17453,9.21295,9.22376,9.31239,9.4025,9.44592,9.45197,13.3182,13.2387,13.2323,0.0156475,13.0877,13.1261,13.1369,13.2255,13.3156,13.3591,13.3651,9.9804,9.83772,9.90015,0.0227412,9.64379,9.69315,9.74844,9.95961,10.0086,10.0344,10.07,14.2082,14.2298,14.2101,0.00858501,14.1346,14.1426,14.1818,14.2063,14.2254,14.2454,14.3127,-9999,-9999
20120727,19.081,1.0,15.217,2.34,1.0,21.612,4.827,1.0,19.337,15.398,3.077,21.918,4.962,19.081,1.0,15.217,2.34,1.0,21.612,4.827,1.0,462.427,349.415,1.0,344.183,349.415,1.0,342.125,1.0,337.996,342.125,1.0,348.802,1.0,338.377,348.802,1.0,9.767,1.0,11.442,9.767,1.0,101.549,101.474,1.0,0.0,0.0,0.0,2.715,4.391,1.0,0.496229166667,1.0,206.1656875,1.0,690.600375,1.0,34.1419791667,1.0,55.9379583333,1.0,427.917416667,1.0,332.865,1.0,22.239,1.0,26.574,1.0,3.65992,1.0,118.191,1.0,152.165,146.818,153.734,2.59866,5.74789,44.618,1.0,57.4431,55.4248,58.0357,3.16557,3.71036,15.0,1,19,29,19,29,-4.43783,1.0,0.238381,0.241,-4.47983,1.0,0.242746,0.245318,-4.44217,0.999479,0.00719779,-4.53501,-4.48723,-4.48108,-4.43396,-4.41637,-4.41637,-4.41637,1.0,1.0,1.0,1.0,1.0,1.0,1.0,8.46282,1.17609,1.0,0.24864,0.263175,-12.623,11.2833,1.0,0.343553,0.343553,8.36056,1.23332,1.0,0.251052,0.265455,-12.623,11.2833,1.0,0.350505,0.350505,8.22625,8.34256,8.35754,8.47211,8.51506,8.51506,8.51506,1.0,1.0,1.0,1.0,1.0,1.0,1.0,-12.623,-12.623,-12.623,-12.623,-12.623,-12.623,-12.623,1.0,1.0,1.0,1.0,1.0,1.0,1.0,9.90625,9.8107,9.78,0.017504,9.6099,9.67344,9.68205,9.76937,9.86304,9.91869,9.93975,14.3426,14.2905,14.2232,0.0193945,13.9555,14.0863,14.1009,14.2637,14.3127,14.3527,14.3722,10.0091,9.90021,10.0067,0.0274629,9.77546,9.83928,9.85501,9.98415,10.0523,10.1755,10.3859,14.2975,14.3052,14.3298,0.0152318,14.2433,14.2545,14.2685,14.2841,14.3338,14.4061,14.5467,-9999,-9999
20120728,20.218,1.0,16.019,2.892,1.0,22.969,5.085,1.0,20.621,16.518,3.212,23.309,5.164,20.218,1.0,16.019,2.892,1.0,22.969,5.085,1.0,461.116,348.851,1.0,340.842,348.851,1.0,344.395,1.0,346.449,344.395,1.0,355.664,1.0,348.23,355.664,1.0,11.307,1.0,12.4,11.307,1.0,101.609,101.56,1.0,0.0,0.0,0.0,2.875,3.36,1.0,0.379166666667,1.0,203.33225,1.0,684.210354167,1.0,33.051875,1.0,55.8276875,1.0,432.413645833,1.0,336.749,1.0,22.955,1.0,26.471,1.0,5.10654,1.0,120.578,1.0,155.286,149.857,160.937,2.59798,8.61456,27.9373,1.0,35.9789,34.7212,37.2883,3.34736,3.85049,15.0,1,19,29,19,29,-4.37464,1.0,0.281283,0.302536,-4.38454,1.0,0.281825,0.30304,-4.38327,0.999479,0.0213005,-4.5534,-4.55228,-4.46286,-4.39903,-4.35011,-4.3295,-4.09263,1.0,1.0,1.0,1.0,1.0,1.0,1.0,8.88414,0.892918,1.0,0.274913,0.411106,-12.7982,11.4913,1.0,0.410904,0.414858,8.81692,0.962584,1.0,0.279334,0.414075,-12.77,11.5356,1.0,0.410569,0.414525,8.32898,8.3317,8.62928,8.6555,8.94193,8.94303,8.97737,1.0,1.0,1.0,1.0,1.0,1.0,1.0,-12.798,-12.7977,-12.7976,-12.7274,-12.6856,-12.6834,-12.4095,1.0,1.0,1.0,1.0,1.0,1.0,1.0,10.329,10.2189,10.1762,0.0200464,9.95954,10.0552,10.0752,10.1629,10.2811,10.3176,10.3481,14.7032,14.6034,14.5597,0.0202568,14.2457,14.4596,14.5094,14.5909,14.6257,14.6681,14.7007,9.47964,9.42389,9.6828,0.0681724,9.30061,9.4028,9.4277,9.50687,9.61705,10.2761,10.6494,14.1437,14.1616,14.2616,0.0314421,14.0643,14.1198,14.1403,14.19,14.2513,14.4793,14.6898,-9999,-9999
20120729,21.136,1.0,17.225,2.432,1.0,23.698,5.479,1.0,20.646,16.843,2.675,23.138,5.156,21.136,1.0,17.225,2.432,1.0,23.698,5.479,1.0,459.773,347.274,1.0,342.649,347.274,1.0,346.788,1.0,341.195,346.788,1.0,360.191,1.0,342.105,360.191,1.0,12.729,1.0,12.888,12.729,1.0,101.554,101.493,1.0,0.0,0.0,0.0,2.783,2.77,1.0,0.32525,1.0,201.729104167,1.0,680.7351875,1.0,32.2203541667,1.0,55.1122291667,1.0,435.354604167,1.0,340.719,1.0,23.436,1.0,26.335,1.0,6.10015,1.0,128.549,1.0,166.094,159.892,187.076,2.8799,20.3558,23.4022,1.0,30.2371,29.1082,34.0569,3.14915,4.83474,15.0,1,19,29,19,29,-4.96594,1.0,0.283808,0.453769,-4.95949,1.0,0.283936,0.453849,-4.7998,0.992188,0.0516769,-5.14009,-5.05451,-5.05215,-4.96594,-4.65921,-4.34639,-4.0928,1.0,1.0,1.0,1.0,1.0,0.979167,0.958333,8.8684,1.07566,1.0,0.277036,0.510858,-13.731,12.017,1.0,0.414693,0.517036,8.85829,1.07317,1.0,0.27732,0.511013,-13.7141,12.0448,1.0,0.414834,0.517149,8.36747,8.57471,8.57967,8.85523,9.4133,9.43314,9.53293,1.0,1.0,1.0,1.0,1.0,1.0,1.0,-13.7429,-13.7307,-13.6871,-13.6799,-13.5878,-13.1131,-12.7737,1.0,1.0,1.0,1.0,1.0,0.965517,0.931034,10.7011,10.5784,10.5475,0.0262541,10.2606,10.3855,10.4204,10.5727,10.6971,10.7258,10.7484,15.5544,15.5379,15.347,0.0389957,14.755,15.0435,15.2745,15.444,15.4967,15.5164,15.5544,8.95562,8.88569,9.30929,0.111195,8.66948,8.80853,8.8309,9.06672,9.26833,10.2304,10.8519,13.9564,14.0193,14.1848,0.0506189,13.8762,13.9503,13.9564,14.0781,14.2106,14.5724,14.9048,-9999,-9999
20120730,23.275,1.0,18.038,5.128,1.0,26.706,6.622,1.0,22.783,18.164,3.686,25.808,5.911,23.275,1.0,18.038,5.128,1.0,26.706,6.622,1.0,458.397,348.341,1.0,342.686,348.341,1.0,360.275,1.0,348.836,360.275,1.0,370.127,1.0,351.012,370.127,1.0,16.957,1.0,16.127,16.957,1.0,101.367,101.328,1.0,0.0,0.0,0.0,2.387,1.533,1.0,0.1733125,1.0,209.695729167,1.0,675.090729167,1.0,30.8668541667,1.0,53.6601458333,1.0,443.671083333,1.0,354.995,1.0,23.507,1.0,26.144,1.0,7.94367,1.0,140.074,1.0,181.311,179.383,204.046,3.72854,18.6585,16.0736,1.0,20.8056,20.5844,23.4144,3.0154,3.67339,15.0,1,19,29,19,29,-4.81505,0.958333,0.269352,0.326994,-4.89429,0.979167,0.270027,0.32755,-4.63341,0.928125,0.0268409,-4.89684,-4.83981,-4.73188,-4.65533,-4.56916,-4.46901,-4.31178,0.979167,0.979167,0.979167,0.958333,0.8125,0.916667,0.833333,9.82601,1.20315,1.0,0.244615,0.317054,-14.1177,13.2792,0.931034,0.398605,0.445136,9.80917,1.21846,1.0,0.247537,0.319314,-14.2331,13.0752,0.965517,0.398993,0.445484,9.4192,9.52004,9.55193,9.74163,9.87559,9.92346,9.9914,1.0,1.0,1.0,1.0,1.0,1.0,1.0,-14.222,-13.9858,-13.8491,-13.758,-13.6409,-13.5895,-13.3789,0.965517,0.965517,0.931034,0.689655,0.862069,0.965517,0.724138,11.4669,11.3318,11.2858,0.0291186,10.9622,11.1243,11.1575,11.2826,11.4174,11.4669,11.5282,16.3985,16.2261,15.9183,0.0362679,15.5861,15.6805,15.7681,15.8643,16.0972,16.1195,16.1783,8.76916,8.6177,9.26218,0.166347,8.37063,8.48972,8.5274,8.77972,9.32343,10.5159,11.56,13.8272,13.9705,14.1887,0.074249,13.7918,13.8427,13.8689,14.0305,14.2519,14.4894,15.3297,-9999,-9999
20120731,23.615,1.0,18.099,2.593,1.0,27.229,5.353,1.0,23.214,18.604,2.731,26.234,5.316,23.615,1.0,18.099,2.593,1.0,27.229,5.353,1.0,456.99,343.777,1.0,339.708,343.777,1.0,357.65,1.0,351.369,357.65,1.0,376.344,1.0,353.964,376.344,1.0,16.332,1.0,15.98,16.332,1.0,101.425,101.34,1.0,0.0,0.0,0.0,2.609,1.676,1.0,0.193395833333,1.0,204.897333333,1.0,668.135854167,1.0,30.3587291667,1.0,53.7336666667,1.0,441.062229167,1.0,371.164,1.0,24.176,1.0,25.899,1.0,7.07648,1.0,146.231,1.0,190.207,188.264,215.098,3.74049,20.2403,7.37529,1.0,9.59323,9.49528,10.8487,2.69285,2.87367,15.0,1,19,29,19,29,-4.2274,0.979167,0.253475,0.345446,-4.24422,0.979167,0.253825,0.345703,-4.29049,0.940625,0.0398976,-4.75045,-4.52879,-4.46508,-4.2814,-4.09222,-4.05939,-3.88925,0.979167,0.979167,0.979167,0.979167,0.895833,0.916667,0.895833,9.80202,0.648181,1.0,0.260154,0.326392,-13.1647,12.948,0.965517,0.366609,0.445325,9.78934,0.671938,1.0,0.263698,0.329225,-13.1832,12.9205,0.965517,0.366136,0.444936,9.21373,9.49421,9.64646,9.72044,9.87797,9.88843,9.89645,1.0,1.0,1.0,1.0,1.0,1.0,1.0,-13.6136,-13.4442,-13.4426,-13.2484,-13.0094,-12.9386,-12.6568,0.965517,0.965517,0.965517,0.965517,0.827586,0.862069,0.827586,11.784,11.6638,11.6087,0.0294005,11.2809,11.4522,11.4776,11.6183,11.742,11.795,11.8525,16.0391,15.908,15.8992,0.0208395,15.5634,15.7454,15.8663,15.9432,15.9506,15.9809,16.0391,8.77525,8.61797,9.16816,0.173952,8.23597,8.26641,8.35825,8.77525,9.27487,10.3288,11.5289,13.7406,13.9824,14.1849,0.0899051,13.7318,13.7406,13.7853,14.0294,14.2142,14.5358,15.5294,-9999,-9999
20120801,22.326,1.0,16.722,3.852,1.0,25.998,6.275,1.0,22.193,17.688,2.891,25.145,5.44,22.326,1.0,16.722,3.852,1.0,25.998,6.275,1.0,455.552,350.0,1.0,341.278,350.0,1.0,343.094,1.0,344.584,343.094,1.0,363.719,1.0,346.056,363.719,1.0,15.4,1.0,14.411,15.4,1.0,101.609,101.5,1.0,0.0,0.0,0.0,2.692,2.236,1.0,0.264395833333,1.0,203.057583333,1.0,672.248270833,1.0,30.4188125,1.0,56.0023541667,1.0,432.1711875,1.0,361.494,1.0,23.527,1.0,25.641,1.0,5.04765,1.0,150.566,1.0,200.963,193.906,229.61,4.04821,26.7747,1.66391,1.0,2.22084,2.14285,2.53742,2.82932,2.8444,15.0,1,19,29,19,29,-4.34241,1.0,0.258049,0.277113,-4.34482,1.0,0.25779,0.276872,-4.39221,0.967708,0.0250114,-4.70026,-4.54442,-4.42366,-4.37806,-4.35674,-4.34241,-4.05744,0.958333,1.0,0.9375,1.0,0.875,1.0,0.916667,9.63946,1.06518,1.0,0.261423,0.306766,-13.2417,12.6764,1.0,0.374259,0.419451,9.61435,1.07795,1.0,0.261024,0.306426,-13.229,12.6959,1.0,0.373924,0.419153,9.24353,9.49321,9.53763,9.59569,9.79699,9.81423,9.81645,1.0,1.0,1.0,1.0,1.0,1.0,1.0,-13.913,-13.6029,-13.4415,-13.2292,-13.2241,-13.2241,-12.8862,0.931034,0.827586,0.931034,1.0,1.0,1.0,0.862069,11.6304,11.5392,11.488,0.0289213,11.1635,11.3256,11.3532,11.5453,11.6446,11.6527,11.7144,15.9748,15.8841,15.8798,0.0363528,15.5472,15.6798,15.7191,15.7404,16.0718,16.1554,16.2979,9.02985,8.95207,9.12005,0.143925,8.22448,8.31595,8.4039,8.95018,9.22364,9.87785,10.9458,14.2374,14.6036,14.7169,0.0981964,14.198,14.2392,14.272,14.5938,14.6691,15.249,16.1809,-9999,-9999
20120802,22.637,1.0,17.052,3.408,1.0,26.296,6.482,1.0,22.459,17.841,3.214,25.484,5.725,22.637,1.0,17.052,3.408,1.0,26.296,6.482,1.0,454.082,345.111,1.0,336.36,345.111,1.0,353.532,1.0,349.085,353.532,1.0,369.385,1.0,351.302,369.385,1.0,15.641,1.0,14.679,15.641,1.0,101.376,101.292,1.0,0.0,0.0,0.0,2.589,1.925,1.0,0.236583333333,1.0,204.592583333,1.0,668.244208333,1.0,29.7351666667,1.0,54.0582708333,1.0,438.303979167,1.0,373.354,1.0,23.411,1.0,25.394,1.0,5.2401,1.0,133.707,1.0,194.582,172.758,205.948,4.04916,24.9345,3.27772,1.0,4.77003,4.23502,5.04865,2.77807,2.84279,15.0,1,19,29,19,29,-4.36976,1.0,0.26243,0.295024,-4.31458,1.0,0.261346,0.29406,-4.39887,0.957813,0.0226274,-4.72836,-4.56432,-4.49191,-4.31765,-4.29752,-4.29473,-4.28414,0.958333,0.895833,0.875,1.0,1.0,1.0,1.0,10.2594,1.31156,1.0,0.266958,0.273868,-13.6915,12.9701,1.0,0.380282,0.418275,10.2266,1.33828,1.0,0.268967,0.275826,-13.582,12.8896,1.0,0.377768,0.415991,9.92266,10.0466,10.068,10.1114,10.1583,10.1689,10.1995,1.0,1.0,1.0,1.0,1.0,1.0,1.0,-14.0701,-13.8538,-13.7741,-13.5135,-13.51,-13.5054,-13.4909,0.896552,0.827586,0.793103,1.0,1.0,1.0,1.0,11.9321,11.8554,11.7945,0.0292205,11.4665,11.6309,11.655,11.8398,11.9405,11.965,12.0224,16.3749,16.17,16.193,0.0459154,15.7835,15.9486,15.9541,16.1581,16.4798,16.5144,16.6338,9.89308,9.91227,9.93355,0.116269,9.19871,9.27538,9.31471,9.81727,10.0422,10.5731,11.348,14.6329,14.982,15.0568,0.087154,14.6122,14.6462,14.6626,14.9392,14.9841,15.6084,16.3494,-9999,-9999
20120803,20.435,1.0,15.782,2.453,1.0,23.484,5.347,1.0,21.426,17.356,2.377,24.093,5.063,20.435,1.0,15.782,2.453,1.0,23.484,5.347,1.0,452.582,336.7,1.0,327.88,336.7,1.0,345.064,1.0,350.262,345.064,1.0,360.781,1.0,352.674,360.781,1.0,11.644,1.0,13.478,11.644,1.0,101.076,100.999,1.0,0.0,0.0,0.0,2.775,3.0,1.0,0.404854166667,1.0,200.9449375,1.0,659.919833333,1.0,29.8367083333,1.0,54.312625,1.0,424.921854167,1.0,395.709,1.0,22.997,1.0,25.181,1.0,2.39798,1.0,113.524,1.0,165.372,146.681,175.045,2.98783,21.2374,15.242,1.0,22.2032,19.6937,23.5019,3.32992,4.36552,15.0,1,19,29,19,29,-4.37074,1.0,0.255097,0.258373,-4.39398,1.0,0.258053,0.261293,-4.43285,0.999479,0.0079921,-4.57414,-4.48208,-4.4431,-4.4215,-4.40472,-4.40005,-4.37513,1.0,1.0,1.0,1.0,1.0,1.0,1.0,10.1477,1.01815,1.0,0.274723,0.328661,-13.6199,13.7959,1.0,0.364904,0.383281,10.055,1.1068,1.0,0.279543,0.332701,-13.5962,13.8325,1.0,0.368601,0.386803,9.9354,9.94726,9.97767,10.0288,10.2859,10.3081,10.3136,1.0,1.0,1.0,1.0,1.0,1.0,1.0,-14.0411,-13.8307,-13.7575,-13.6199,-13.5962,-13.5962,-13.5962,1.0,1.0,1.0,1.0,1.0,1.0,1.0,11.498,11.4585,11.413,0.0291463,11.0909,11.2385,11.2632,11.4614,11.585,11.601,11.617,15.8731,15.8524,15.8458,0.0285842,15.534,15.6767,15.6851,15.8708,15.9972,16.0366,16.1173,10.6316,10.7022,10.7644,0.0677472,10.3559,10.3794,10.4252,10.6316,10.8452,11.2934,11.5793,15.1786,15.3698,15.4599,0.0569565,15.1806,15.2054,15.2087,15.3392,15.4037,15.9409,16.2852,-9999,-9999
20120804,16.829,1.0,14.858,1.37,1.0,18.12,2.905,1.0,19.933,16.644,1.879,22.088,4.645,16.829,1.0,14.858,1.37,1.0,18.12,2.905,1.0,451.051,179.337,1.0,318.744,179.337,1.0,346.095,1.0,356.745,346.095,1.0,387.221,1.0,360.231,387.221,1.0,5.464,1.0,11.057,5.464,1.0,101.244,101.189,1.0,0.342,0.342,0.0,2.513,4.036,1.0,0.542354166667,1.0,104.734895833,1.0,366.4001875,1.0,17.4134666667,0.9375,29.839625,1.0,389.8439375,1.0,386.646,1.0,20.231,1.0,25.077,1.0,-4.41244,1.0,53.9945,1.0,79.4231,70.232,83.2549,1.80106,9.82029,20.933,1.0,30.7914,27.2281,32.2769,2.86691,4.7145,15.0,1,19,29,19,29,0.716208,1.0,0.241777,0.243417,0.714245,1.0,0.246144,0.247756,0.712612,1.0,0.00445946,0.646588,0.676202,0.707166,0.72633,0.727159,0.732623,0.73514,1.0,1.0,1.0,1.0,1.0,1.0,1.0,10.1973,1.21434,1.0,0.274213,0.289461,-5.53861,13.5472,1.0,0.34123,0.349714,10.1925,1.21633,1.0,0.278357,0.293389,-5.53861,13.5472,1.0,0.347672,0.356002,10.0323,10.1925,10.1959,10.2154,10.2449,10.3779,10.3854,1.0,1.0,1.0,1.0,1.0,1.0,1.0,-5.67522,-5.67341,-5.54875,-5.54157,-5.52028,-5.52028,-5.52028,1.0,1.0,1.0,1.0,1.0,1.0,1.0,10.5813,10.5772,10.5671,0.0356767,10.1973,10.3355,10.3916,10.5452,10.7594,10.8214,10.8649,9.85986,9.86298,9.85452,0.034165,9.55263,9.65139,9.66448,9.81482,10.046,10.1146,10.1577,10.7363,10.7383,10.767,0.0338863,10.5201,10.5469,10.588,10.7107,10.8257,11.0799,11.1274,9.15745,9.22737,9.29645,0.0284792,9.15672,9.17405,9.18346,9.21909,9.23928,9.56702,9.63345,-9999,-9999
20120805,18.873,1.0,15.371,0.975,1.0,21.167,3.77,1.0,20.004,16.523,1.928,22.284,4.148,18.873,1.0,15.371,0.975,1.0,21.167,3.77,1.0,449.489,330.821,1.0,328.601,330.821,1.0,335.318,1.0,349.334,335.318,1.0,359.104,1.0,351.593,359.104,1.0,7.397,1.0,10.392,7.397,1.0,101.648,101.596,1.0,0.0,0.0,0.0,2.631,4.709,1.0,0.626229166667,1.0,202.317041667,1.0,665.803479167,1.0,31.43975,1.0,55.1858125,1.0,407.328229167,1.0,383.108,1.0,21.691,1.0,25.046,1.0,1.45175,1.0,91.2979,1.0,138.327,118.754,142.285,2.59452,17.6355,45.2571,1.0,68.5698,58.8671,70.5318,3.06002,9.17241,15.0,1,19,29,19,29,-3.89236,1.0,0.256087,0.256087,-3.89236,1.0,0.256985,0.256985,-3.89236,1.0,4.97778e-16,-3.89236,-3.89236,-3.89236,-3.89236,-3.89236,-3.89236,-3.89236,1.0,1.0,1.0,1.0,1.0,1.0,1.0,9.97126,1.07138,1.0,0.252998,0.252998,-12.7412,12.7596,1.0,0.373314,0.373314,9.97126,1.07138,1.0,0.253423,0.253423,-12.7412,12.7596,1.0,0.374758,0.374758,9.97126,9.97126,9.97126,9.97126,9.97126,9.97126,9.97126,1.0,1.0,1.0,1.0,1.0,1.0,1.0,-12.7412,-12.7412,-12.7412,-12.7412,-12.7412,-12.7412,-12.7412,1.0,1.0,1.0,1.0,1.0,1.0,1.0,11.215,11.1708,11.1579,0.0485226,10.6277,10.7935,10.9147,11.1815,11.4315,11.4949,11.5089,15.1074,15.0631,15.0503,0.0485226,14.5201,14.6859,14.8071,15.0738,15.3239,15.3873,15.4013,11.3369,11.3519,11.2727,0.0362904,10.9429,10.9694,10.9882,11.3316,11.4304,11.513,11.5688,15.3341,15.5557,15.5363,0.0224514,15.3261,15.3659,15.3711,15.5609,15.6285,15.6952,15.7397,-9999,-9999
20120806,20.886,1.0,16.743,3.419,1.0,23.6,5.869,1.0,20.473,16.033,3.212,23.383,5.328,20.886,1.0,16.743,3.419,1.0,23.6,5.869,1.0,447.897,337.816,1.0,328.708,337.816,1.0,318.285,1.0,345.456,318.285,1.0,354.366,1.0,347.072,354.366,1.0,12.414,1.0,12.772,12.414,1.0,101.823,101.784,1.0,0.0,0.0,0.0,2.889,3.341,1.0,0.452666666667,1.0,201.172458333,1.0,659.355354167,1.0,30.469625,1.0,55.1827083333,1.0,393.45425,1.0,386.292,1.0,22.537,1.0,24.967,1.0,4.54652,1.0,116.654,1.0,177.894,169.765,181.802,2.84416,9.36484,9.51196,1.0,14.5055,13.8426,14.8241,3.1337,3.21704,15.0,1,19,29,19,29,-4.3006,1.0,0.244725,0.247811,-4.30017,1.0,0.246323,0.249389,-4.29486,0.989062,0.00821278,-4.41934,-4.30365,-4.3006,-4.29438,-4.28996,-4.22567,-4.22009,0.979167,1.0,1.0,1.0,0.875,0.979167,0.979167,9.99158,1.10649,1.0,0.266071,0.290225,-13.4057,13.0734,1.0,0.349248,0.368848,9.99158,1.10649,1.0,0.265259,0.289481,-13.405,13.0726,1.0,0.352357,0.371794,9.99158,9.99158,9.99158,9.99158,10.1389,10.2234,10.236,1.0,1.0,1.0,1.0,1.0,1.0,1.0,-13.6905,-13.6151,-13.5332,-13.3963,-13.3958,-13.3778,-13.3756,0.965517,0.965517,0.965517,1.0,1.0,0.965517,1.0,11.7554,11.6874,11.6386,0.0539622,11.0062,11.1985,11.3844,11.7321,11.9548,11.9637,12.0056,16.0371,15.9876,15.9336,0.0541027,15.3006,15.4929,15.6791,16.0357,16.2257,16.2803,16.3022,11.5703,11.6891,11.4554,0.0574987,10.9571,10.9886,11.014,11.5718,11.7451,11.8094,11.9674,15.4746,15.8451,15.6933,0.0270845,15.4722,15.4953,15.5138,15.7051,15.8602,15.8812,15.915,-9999,-9999
20120807,22.213,1.0,17.723,2.058,1.0,25.154,4.644,1.0,21.765,17.221,2.905,24.743,5.098,22.213,1.0,17.723,2.058,1.0,25.154,4.644,1.0,446.274,338.678,1.0,328.153,338.678,1.0,331.5,1.0,349.44,331.5,1.0,354.635,1.0,351.716,354.635,1.0,15.068,1.0,14.162,15.068,1.0,101.612,101.544,1.0,0.0,0.0,0.0,3.035,2.966,1.0,0.390020833333,1.0,199.6575625,1.0,655.956395833,1.0,30.381875,1.0,56.1739791667,1.0,412.427520833,1.0,395.166,1.0,23.327,1.0,24.826,1.0,4.90608,1.0,133.842,1.0,206.156,194.968,213.819,3.37491,14.3753,-6.13377,1.0,-9.4478,-9.79897,-8.93509,2.80697,2.8791,15.0,1,19,29,19,29,-4.75548,1.0,0.278498,0.433187,-4.74432,1.0,0.280254,0.434318,-4.72217,0.997917,0.0457756,-5.05119,-5.04796,-5.04796,-4.75548,-4.44337,-4.38437,-4.31183,1.0,1.0,1.0,1.0,1.0,1.0,1.0,9.8465,0.842057,1.0,0.287557,0.741234,-14.0361,13.5498,1.0,0.402272,0.419681,9.86933,0.886238,1.0,0.292683,0.743237,-14.0333,13.5583,1.0,0.403785,0.421132,9.35158,9.35944,9.35944,9.85019,10.5154,10.7258,10.777,1.0,1.0,1.0,1.0,1.0,1.0,1.0,-14.1836,-14.1836,-14.1836,-14.0668,-14.0361,-13.9443,-13.9082,1.0,1.0,1.0,1.0,1.0,0.862069,1.0,12.0706,11.9861,11.941,0.0552813,11.2862,11.4924,11.6864,12.0397,12.2475,12.2798,12.3144,16.8565,16.7304,16.6631,0.0233583,16.343,16.4627,16.5694,16.6764,16.7757,16.7954,16.8315,11.3682,11.6971,11.2396,0.0917953,10.5239,10.5482,10.6185,11.361,11.7652,11.863,12.1084,15.237,15.8258,15.4881,0.0452967,15.1211,15.2069,15.2426,15.3235,15.7752,15.8008,15.8552,-9999,-9999
20120808,23.779,1.0,18.79,2.387,1.0,27.047,6.103,1.0,23.358,18.617,3.434,26.465,6.1,23.779,1.0,18.79,2.387,1.0,27.047,6.103,1.0,444.621,339.351,1.0,327.421,339.351,1.0,350.012,1.0,354.985,350.012,1.0,363.664,1.0,358.179,363.664,1.0,18.09,1.0,17.018,18.09,1.0,101.424,101.375,1.0,0.0,0.0,0.0,2.789,1.89,1.0,0.245875,1.0,198.289791667,1.0,651.8310625,1.0,28.9175208333,1.0,54.2896875,1.0,434.737354167,1.0,396.898,1.0,23.83,1.0,24.632,1.0,6.63994,1.0,131.215,1.0,202.11,193.011,209.623,3.86983,12.9077,-6.79112,1.0,-10.4603,-10.8491,-9.98939,2.74885,2.82176,15.0,1,19,29,19,29,-4.9328,1.0,0.285342,0.356426,-4.92796,1.0,0.289425,0.359703,-4.85663,0.958854,0.0279943,-5.11936,-5.06793,-5.00479,-4.84714,-4.78519,-4.64075,-4.55624,0.895833,0.895833,1.0,1.0,1.0,0.916667,0.9375,10.2823,0.768027,1.0,0.268571,0.670846,-14.6045,14.3814,1.0,0.41973,0.605933,10.2827,0.76749,1.0,0.277915,0.674641,-14.597,14.3882,1.0,0.424207,0.609043,9.26462,9.58886,9.76297,10.2855,10.6825,10.8183,10.9055,1.0,1.0,1.0,1.0,1.0,1.0,1.0,-15.0145,-14.9289,-14.8847,-14.3366,-14.0592,-14.0548,-13.9829,0.827586,0.827586,0.827586,1.0,1.0,1.0,1.0,12.4318,12.3267,12.2863,0.0556329,11.6217,11.8419,12.03,12.3734,12.5922,12.6359,12.6641,17.3607,17.2546,17.1428,0.0578947,16.5921,16.7116,16.8342,17.1376,17.3393,17.6729,17.7247,11.3521,11.6022,11.1928,0.0923835,10.5678,10.6084,10.6773,11.1069,11.4186,11.7158,12.3453,15.3996,15.9567,15.5905,0.0540446,15.0576,15.2633,15.3865,15.4905,15.8349,15.9666,16.2281,-9999,-9999
20120809,24.822,1.0,18.977,3.675,1.0,28.652,6.516,1.0,24.565,20.452,2.476,27.259,5.987,24.822,1.0,18.977,3.675,1.0,28.652,6.516,1.0,442.939,331.561,1.0,325.644,331.561,1.0,368.631,1.0,358.443,368.631,1.0,372.421,1.0,362.21,372.421,1.0,19.588,1.0,17.802,19.588,1.0,101.183,101.134,1.0,0.0,0.0,0.0,2.396,1.423,1.0,0.180125,1.0,200.917083333,1.0,636.994708333,1.0,28.3077708333,1.0,52.2645208333,1.0,445.213104167,1.0,414.79,1.0,23.861,1.0,24.428,1.0,6.08425,1.0,115.987,1.0,178.654,175.734,185.294,4.05248,8.16392,-2.41725,1.0,-3.72327,-3.86166,-3.66241,2.68311,2.68718,15.0,1,19,29,19,29,-4.92358,0.875,0.288927,0.346346,-4.84651,0.916667,0.290358,0.347541,-4.71021,0.951562,0.0338293,-4.9991,-4.93011,-4.88991,-4.75371,-4.59278,-4.54813,-4.321,0.9375,0.916667,0.895833,0.9375,0.979167,0.979167,0.916667,10.6598,0.990933,1.0,0.283494,0.481371,-14.8371,14.4989,0.793103,0.421751,0.606985,10.6581,0.999277,1.0,0.287827,0.483935,-14.7131,14.5739,0.862069,0.42299,0.607847,9.39626,9.98962,10.3487,10.6537,10.7593,10.7677,10.7899,1.0,1.0,1.0,1.0,1.0,1.0,1.0,-15.0073,-14.9168,-14.8024,-14.4131,-14.1086,-14.0438,-13.7724,0.827586,0.862069,0.931034,0.896552,0.965517,0.965517,1.0,12.6319,12.5109,12.4811,0.0557501,11.8124,12.0428,12.2236,12.5668,12.7858,12.8336,12.8726,17.6563,17.3574,17.1902,0.0737409,15.9507,16.785,16.8196,17.2455,17.4336,17.6671,17.7696,11.4091,11.286,11.2113,0.149471,9.33892,10.4539,10.9793,11.1123,11.5302,11.8485,12.9755,15.6981,15.9611,15.732,0.0755768,15.0266,15.1792,15.3512,15.6847,15.9647,16.0975,16.6505,-9999,-9999
20120810,25.122,1.0,19.275,1.999,1.0,28.953,5.646,1.0,25.111,20.803,1.802,27.933,5.756,25.122,1.0,19.275,1.999,1.0,28.953,5.646,1.0,441.228,332.281,1.0,323.347,332.281,1.0,363.281,1.0,361.496,363.281,1.0,376.424,1.0,365.768,376.424,1.0,19.125,1.0,18.234,19.125,1.0,100.856,100.817,1.0,0.0,0.0,0.0,2.123,1.55,1.0,0.216270833333,1.0,198.3675625,1.0,640.2525625,1.0,28.1785,1.0,53.2925208333,1.0,441.977354167,1.0,405.675,1.0,24.642,1.0,24.214,1.0,6.34627,1.0,125.843,1.0,194.039,191.078,201.04,3.85696,8.33126,-8.77549,1.0,-13.5311,-14.0192,-13.3246,2.64948,2.69906,15.0,1,19,29,19,29,-4.94822,0.833333,0.294271,0.368489,-5.04781,0.875,0.296506,0.370277,-4.6893,0.938542,0.0305909,-5.00289,-4.92369,-4.88006,-4.64356,-4.56167,-4.48011,-4.40445,0.8125,0.833333,1.0,1.0,0.916667,0.958333,0.979167,10.4185,0.388218,1.0,0.285783,0.618597,-14.7183,14.3315,0.724138,0.4304,0.683728,10.4332,0.38634,1.0,0.288146,0.619692,-14.8868,14.4351,0.793103,0.433614,0.685755,9.48908,9.56406,9.98067,10.4307,10.6036,10.6613,10.7427,1.0,1.0,1.0,1.0,1.0,1.0,1.0,-14.9165,-14.7258,-14.6144,-14.2386,-13.9438,-13.6632,-13.6137,0.793103,0.689655,0.827586,0.931034,1.0,1.0,1.0,12.6283,12.5001,12.4892,0.0557844,11.822,12.057,12.2301,12.5596,12.7938,12.8318,12.9076,17.5599,17.5479,17.1775,0.0663326,16.4594,16.661,16.8347,17.279,17.4309,17.6963,17.8058,11.6537,11.4697,11.5212,0.17005,9.03623,10.7717,11.4032,11.5715,11.7741,11.9614,13.3412,16.2862,16.484,16.2958,0.0902647,15.4822,15.6034,15.7345,16.2782,16.4855,16.9019,17.3556,-9999,-9999
20120811,24.669,1.0,18.447,4.702,1.0,28.746,7.287,1.0,24.383,19.59,2.736,27.523,6.022,24.669,1.0,18.447,4.702,1.0,28.746,7.287,1.0,439.486,324.393,1.0,321.375,324.393,1.0,356.353,1.0,362.822,356.353,1.0,376.68,1.0,367.314,376.68,1.0,19.159,1.0,17.512,19.159,1.0,100.784,100.736,1.0,0.0,0.0,0.0,2.277,1.434,1.0,0.197833333333,1.0,199.213479167,1.0,630.061416667,1.0,27.7627291667,1.0,51.4098125,1.0,428.5141875,1.0,408.065,1.0,24.088,1.0,23.977,1.0,6.40177,1.0,131.76,1.0,204.773,200.063,210.493,3.54521,8.50596,-4.50174,1.0,-6.99631,-7.19173,-6.83537,2.6823,2.69528,15.0,1,19,29,19,29,-5.08195,1.0,0.281675,0.350793,-5.07945,0.979167,0.282263,0.351266,-4.84518,0.990104,0.0285405,-5.10019,-5.06541,-4.99778,-4.83404,-4.69025,-4.64724,-4.59649,1.0,1.0,1.0,1.0,1.0,1.0,0.958333,10.0553,0.722557,1.0,0.294413,0.317357,-14.6937,14.1778,1.0,0.405756,0.504458,10.0516,0.715072,1.0,0.296581,0.319369,-14.6873,14.2223,0.965517,0.406118,0.504749,9.73087,9.99475,10.0464,10.1043,10.2309,10.2317,10.3582,1.0,1.0,1.0,1.0,1.0,1.0,1.0,-14.8098,-14.7005,-14.6208,-14.3818,-14.1148,-14.101,-13.9382,0.931034,1.0,0.965517,1.0,0.965517,1.0,1.0,12.3841,12.254,12.2667,0.0553636,11.6117,11.8452,12.0082,12.3138,12.5682,12.5782,12.7133,17.4843,17.3334,17.111,0.0644037,16.2688,16.675,16.7919,17.209,17.3593,17.5133,17.6535,12.0118,12.0853,12.0565,0.138753,10.2339,11.61,11.751,11.882,12.0236,12.9423,13.5709,16.5782,16.9166,16.6887,0.102428,15.6374,15.7799,16.3956,16.6212,16.8053,17.4593,17.7861,-9999,-9999
20120812,23.969,1.0,20.293,3.459,1.0,26.596,5.86,1.0,24.173,20.235,2.998,26.986,5.654,23.969,1.0,20.293,3.459,1.0,26.596,5.86,1.0,437.715,316.096,1.0,306.945,316.096,1.0,367.733,1.0,374.707,367.733,1.0,379.273,1.0,381.166,379.273,1.0,17.791,1.0,17.694,17.791,1.0,100.949,100.88,1.0,0.0,0.0,0.0,2.443,2.041,1.0,0.289791666667,1.0,197.35425,1.0,617.895916667,1.0,27.7996041667,1.0,51.5200416667,1.0,433.5115,1.0,391.921,1.0,24.694,1.0,23.745,1.0,5.73894,1.0,131.364,1.0,204.727,199.746,211.687,3.14566,9.39402,-11.4204,1.0,-17.7983,-18.4035,-17.3653,2.75532,2.86077,15.0,1,20,28,20,28,-4.62199,1.0,0.27819,0.38561,-4.76985,1.0,0.275486,0.383664,-4.66496,0.977083,0.0353144,-4.89527,-4.87474,-4.84982,-4.74766,-4.54626,-4.34068,-4.32098,1.0,1.0,1.0,1.0,0.958333,0.958333,0.916667,10.6841,1.50733,1.0,0.277152,0.292486,-15.2669,13.7397,1.0,0.414734,0.56635,10.6647,1.48775,1.0,0.280497,0.295658,-15.4972,13.9701,1.0,0.408618,0.561886,10.4525,10.506,10.5196,10.6276,10.6897,10.6929,10.7262,1.0,1.0,1.0,1.0,1.0,1.0,1.0,-15.561,-15.561,-15.5257,-15.4941,-15.1451,-14.7896,-14.7349,1.0,1.0,1.0,1.0,0.928571,0.857143,0.928571,12.1191,12.0073,12.0593,0.0495191,11.5128,11.7016,11.8186,12.0545,12.295,12.3432,12.5097,16.6981,16.7772,16.7264,0.0238403,16.4485,16.5763,16.6658,16.6988,16.8071,16.8558,16.9877,12.2341,12.4079,12.2625,0.113334,11.084,11.7191,11.8592,12.0957,12.2513,12.9347,13.7626,16.6939,17.0235,16.76,0.0954656,15.6825,15.7858,16.625,16.7466,16.9105,17.2698,17.825,-9999,-9999
20120813,26.17,1.0,22.453,2.869,1.0,28.825,5.662,1.0,24.758,20.926,3.036,27.494,5.486,26.17,1.0,22.453,2.869,1.0,28.825,5.662,1.0,435.916,309.119,1.0,295.049,309.119,1.0,373.856,1.0,383.01,373.856,1.0,386.677,1.0,390.845,386.677,1.0,21.801,1.0,18.141,21.801,1.0,100.942,100.823,1.0,0.0,0.0,0.0,2.407,2.365,1.0,0.349,1.0,162.181813953,0.895833333333,606.295520833,1.0,27.0374583333,1.0,49.6358958333,1.0,434.519186047,0.895833333333,387.936,1.0,25.843,1.0,23.472,1.0,8.48727,1.0,144.092,1.0,224.563,219.1,232.197,3.54065,10.3348,-23.8546,1.0,-37.1767,-38.4406,-36.2722,2.467,2.94445,15.0,1,20,28,20,28,-4.32829,0.875,0.294313,0.351184,-4.4542,0.979167,0.297686,0.354015,-4.3646,0.969271,0.0393966,-4.53551,-4.51615,-4.51318,-4.51318,-4.34118,-4.13295,-3.76316,0.979167,0.979167,1.0,1.0,0.875,0.9375,0.875,11.2699,0.897495,1.0,0.282139,0.292383,-15.2001,14.5248,0.785714,0.442462,0.572988,11.287,1.03587,1.0,0.28424,0.294411,-15.4203,14.7164,0.964286,0.447901,0.577198,11.1248,11.1336,11.2052,11.2853,11.287,11.287,11.287,1.0,1.0,1.0,1.0,1.0,1.0,1.0,-15.5536,-15.5227,-15.5178,-15.5178,-15.1737,-14.7946,-14.1784,1.0,0.964286,1.0,1.0,0.928571,0.892857,0.785714,12.7441,12.6281,12.6578,0.0380747,12.2372,12.4026,12.4731,12.6836,12.8327,12.8589,13.0235,17.0853,17.0823,17.0226,0.0284204,16.7102,16.8103,16.879,17.0052,17.1774,17.2055,17.2947,13.1156,13.2036,12.9398,0.0683836,12.2068,12.3501,12.4875,12.9961,13.1135,13.3424,13.7478,16.6741,16.8442,16.551,0.0638534,15.7305,15.7996,16.351,16.6959,16.775,16.8007,17.0411,-9999,-9999
20120814,23.872,1.0,21.182,1.259,1.0,25.793,3.295,1.0,24.424,20.795,2.132,27.016,4.888,23.872,1.0,21.182,1.259,1.0,25.793,3.295,1.0,434.088,273.91,1.0,292.642,273.91,1.0,363.155,1.0,388.605,363.155,1.0,398.338,1.0,397.366,398.338,1.0,17.49,1.0,17.081,17.49,1.0,100.834,100.748,1.0,0.0,0.0,0.0,2.39,3.328,1.0,0.494645833333,1.0,162.988261905,0.875,538.304583333,1.0,25.0003125,1.0,46.3132916667,1.0,423.975787879,0.6875,388.964,1.0,24.973,1.0,23.174,1.0,5.0486,1.0,123.708,1.0,192.258,188.104,199.349,3.05452,8.8778,-18.763,1.0,-29.1602,-30.2357,-28.5301,2.29306,2.61851,15.0,1,20,28,20,28,-4.20144,1.0,0.301897,0.622702,-4.20144,1.0,0.301704,0.622608,-3.8689,0.979167,0.0941906,-4.21826,-4.21396,-4.21396,-4.21396,-3.76941,-3.12471,-2.49233,1.0,1.0,1.0,1.0,1.0,0.9375,0.854167,11.1045,1.57523,1.0,0.276369,0.283839,-14.8725,14.7599,1.0,0.457991,0.990508,11.1045,1.57523,1.0,0.274163,0.281691,-14.8725,14.7599,1.0,0.45832,0.990661,11.0334,11.0352,11.1045,11.1045,11.1045,11.1646,11.2655,1.0,1.0,1.0,1.0,1.0,1.0,1.0,-14.8931,-14.8931,-14.8931,-14.8931,-14.1466,-13.1366,-12.164,1.0,1.0,1.0,1.0,1.0,0.892857,0.75,12.1233,12.0358,12.071,0.0283935,11.7888,11.905,11.9321,12.064,12.1808,12.1852,12.3807,16.3248,16.2372,15.9399,0.072857,14.8297,15.3078,15.8625,16.1438,16.17,16.278,16.3538,12.4687,12.5297,12.2456,0.0401589,11.7946,11.9024,11.9586,12.3278,12.4441,12.4801,12.5118,15.0511,15.1483,14.887,0.0469407,14.3223,14.4205,14.6453,15.0527,15.1114,15.1217,15.1335,-9999,-9999
20120815,20.787,1.0,17.11,1.239,1.0,23.414,4.769,1.0,22.928,19.326,1.55,25.501,4.717,20.787,1.0,17.11,1.239,1.0,23.414,4.769,1.0,432.232,314.191,1.0,305.82,314.191,1.0,322.324,1.0,371.689,322.324,1.0,366.604,1.0,377.649,366.604,1.0,11.808,1.0,15.624,11.808,1.0,101.002,100.921,1.0,0.0,0.0,0.0,2.239,3.83,1.0,0.582520833333,1.0,200.418333333,1.0,616.775458333,1.0,29.0099166667,1.0,53.7245208333,1.0,-9999,0.0,382.64,1.0,23.624,1.0,22.923,1.0,2.71698,1.0,112.256,1.0,174.46,170.691,180.895,2.9159,8.10668,17.7636,1.0,27.607,27.0105,28.6252,2.79151,3.03731,15.0,1,20,28,20,28,-4.10714,1.0,0.271101,0.271101,-4.10714,1.0,0.270883,0.270883,-4.10073,1.0,0.00492816,-4.10714,-4.10714,-4.10714,-4.10714,-4.10714,-4.10714,-4.07565,1.0,1.0,1.0,1.0,1.0,1.0,1.0,10.3144,0.886261,1.0,0.282268,0.282268,-14.1523,13.7642,1.0,0.399899,0.399899,10.3144,0.886261,1.0,0.279774,0.279774,-14.1523,13.7642,1.0,0.40039,0.40039,10.3144,10.3144,10.3144,10.3144,10.3144,10.3144,10.3144,1.0,1.0,1.0,1.0,1.0,1.0,1.0,-14.1523,-14.1523,-14.1523,-14.1523,-14.1523,-14.1523,-14.1002,1.0,1.0,1.0,1.0,1.0,1.0,1.0,11.243,11.1864,11.2164,0.0178447,11.0612,11.1295,11.1305,11.2081,11.256,11.284,11.4211,15.3501,15.2935,15.3171,0.01547,15.1684,15.2366,15.2377,15.3153,15.3632,15.3912,15.4967,11.1883,11.2301,11.0816,0.0177258,10.9164,10.9496,11.0037,11.0766,11.1991,11.2039,11.2165,15.8862,15.9999,15.8507,0.0221051,15.6275,15.6765,15.7004,15.8774,15.9925,15.9954,16.0039,-9999,-9999
20120816,21.104,1.0,17.15,2.48,1.0,23.928,5.662,1.0,21.737,18.019,2.512,24.392,5.153,21.104,1.0,17.15,2.48,1.0,23.928,5.662,1.0,430.347,319.336,1.0,313.308,319.336,1.0,320.93,1.0,355.869,320.93,1.0,352.569,1.0,359.209,352.569,1.0,12.731,1.0,14.449,12.731,1.0,101.282,101.19,1.0,0.0,0.0,0.0,2.593,3.596,1.0,0.541729166667,1.0,190.49925,1.0,622.1714375,1.0,29.6427291667,1.0,55.3573958333,1.0,384.92025,1.0,383.805,1.0,23.329,1.0,22.714,1.0,2.64617,1.0,119.889,1.0,186.324,182.037,193.196,3.0071,8.80115,3.83019,1.0,5.95263,5.81569,6.17217,2.7513,2.76396,15.0,1,20,28,20,28,-4.46715,1.0,0.273839,0.274474,-4.46715,1.0,0.273274,0.27391,-4.45963,1.0,0.00293094,-4.47039,-4.46869,-4.4684,-4.46715,-4.46715,-4.43139,-4.42156,1.0,1.0,1.0,1.0,1.0,1.0,1.0,9.77334,0.967196,1.0,0.301602,0.301614,-14.3605,13.3081,1.0,0.397783,0.398211,9.77334,0.967196,1.0,0.298636,0.298649,-14.3605,13.3081,1.0,0.397863,0.398291,9.76585,9.76782,9.76994,9.77334,9.77334,9.77334,9.7759,1.0,1.0,1.0,1.0,1.0,1.0,1.0,-14.3605,-14.3605,-14.3605,-14.3605,-14.3605,-14.3236,-14.287,1.0,1.0,1.0,1.0,1.0,1.0,1.0,11.2882,11.2275,11.2314,0.0125437,11.0937,11.1715,11.1718,11.2269,11.2821,11.2959,11.345,15.7553,15.6946,15.6911,0.010984,15.5608,15.6386,15.639,15.6828,15.7508,15.7641,15.7675,10.7725,10.7808,10.7498,0.0265091,10.4626,10.5862,10.6057,10.7636,10.8048,10.9032,11.0159,15.5998,15.6978,15.624,0.010894,15.523,15.5422,15.5536,15.6019,15.699,15.7073,15.7088,-9999,-9999
20120817,21.753,1.0,18.941,3.33,1.0,23.762,4.961,1.0,21.345,17.79,2.633,23.884,5.241,21.753,1.0,18.941,3.33,1.0,23.762,4.961,1.0,428.435,315.717,1.0,301.92,315.717,1.0,341.066,1.0,357.38,341.066,1.0,350.892,1.0,360.97,350.892,1.0,14.809,1.0,14.447,14.809,1.0,101.394,101.284,1.0,0.0,0.0,0.0,2.544,3.659,1.0,0.551229166667,1.0,186.095083333,1.0,612.016541667,1.0,29.6381041667,1.0,55.9256875,1.0,413.170708333,1.0,385.823,1.0,23.527,1.0,22.502,1.0,4.72998,1.0,117.904,1.0,180.638,179.024,188.357,3.00346,7.54262,-4.26183,1.0,-6.52944,-6.80847,-6.4711,2.68058,2.69222,15.0,1,20,28,20,28,-4.04189,1.0,0.287066,0.289942,-4.04189,1.0,0.287385,0.290258,-4.0702,1.0,0.00587012,-4.12546,-4.12337,-4.12257,-4.04189,-4.04189,-4.04189,-4.04189,1.0,1.0,1.0,1.0,1.0,1.0,1.0,10.2347,1.67682,1.0,0.314648,0.328452,-13.9876,13.6439,1.0,0.417583,0.417583,10.2347,1.67682,1.0,0.314154,0.327978,-13.9876,13.6439,1.0,0.418371,0.418371,10.0415,10.0463,10.0482,10.2347,10.2347,10.2347,10.2983,1.0,1.0,1.0,1.0,1.0,1.0,1.0,-14.0429,-13.9876,-13.9876,-13.9876,-13.9876,-13.9876,-13.9876,1.0,1.0,1.0,1.0,1.0,1.0,1.0,11.4003,11.3457,11.3323,0.0109093,11.1953,11.2812,11.2913,11.3305,11.3844,11.4023,11.4249,15.4422,15.3876,15.4025,0.0146037,15.2372,15.332,15.3334,15.401,15.4524,15.5248,15.53,10.42,10.4258,10.4636,0.0342522,10.1534,10.3071,10.3239,10.4447,10.4598,10.691,10.8853,15.0088,15.0548,15.0352,0.0100485,14.9393,14.9735,14.9759,15.0391,15.0714,15.0852,15.132,-9999,-9999
20120818,23.678,1.0,20.419,0.899,1.0,26.006,3.794,1.0,22.32,18.813,2.088,24.825,4.305,23.678,1.0,20.419,0.899,1.0,26.006,3.794,1.0,426.496,271.739,1.0,288.387,271.739,1.0,362.997,1.0,371.465,362.997,1.0,368.521,1.0,377.388,368.521,1.0,17.85,1.0,14.803,17.85,1.0,101.305,101.211,1.0,0.0,0.0,0.0,2.522,3.123,1.0,0.474,1.0,162.782666667,1.0,530.0215,1.0,26.3491458333,1.0,48.8332083333,1.0,421.796375,1.0,387.281,1.0,24.462,1.0,22.262,1.0,7.0129,1.0,124.226,1.0,189.29,188.218,198.256,3.05228,8.04328,-24.3517,1.0,-37.1058,-38.8635,-36.8957,2.34996,2.76592,15.0,1,20,28,20,28,-3.41325,1.0,0.29386,0.554688,-3.4009,1.0,0.295134,0.555364,-3.1997,0.960937,0.0621211,-3.49734,-3.49734,-3.49734,-3.43208,-3.10605,-2.55644,-2.50423,1.0,1.0,1.0,1.0,0.9375,0.895833,0.854167,10.2503,1.15454,1.0,0.278162,0.282965,-12.9602,14.6198,1.0,0.442925,0.868348,10.2529,1.15514,1.0,0.281759,0.286501,-12.9417,14.6004,1.0,0.444074,0.868935,10.1696,10.1696,10.1696,10.2329,10.2669,10.2734,10.3772,1.0,1.0,1.0,1.0,1.0,1.0,1.0,-13.0415,-13.0415,-13.0415,-13.0415,-12.4613,-11.5477,-11.4534,1.0,1.0,1.0,1.0,0.892857,0.821429,0.75,11.8706,11.8117,11.7777,0.0132663,11.6276,11.6941,11.7432,11.7588,11.8473,11.8735,11.8851,15.2769,15.2126,14.9774,0.0619608,14.1287,14.2996,14.8139,15.137,15.2536,15.2611,15.3226,10.559,10.5227,10.5867,0.0248159,10.3762,10.4898,10.5076,10.559,10.5845,10.7294,10.9031,12.9307,12.9383,12.9293,0.00650603,12.856,12.8946,12.9,12.9264,12.9537,12.9605,12.9742,-9999,-9999
20120819,21.376,1.0,18.079,1.803,1.0,23.942,4.229,1.0,21.211,17.323,2.051,24.235,4.974,21.376,1.0,18.079,1.803,1.0,23.942,4.229,1.0,424.529,319.913,1.0,311.068,319.913,1.0,334.32,1.0,348.483,334.32,1.0,355.941,1.0,350.601,355.941,1.0,13.871,1.0,13.663,13.871,1.0,101.241,101.199,1.0,0.0,0.0,0.0,2.962,3.434,1.0,0.51675,1.0,182.061958333,1.0,614.028,1.0,30.5528333333,1.0,58.0810833333,1.0,412.334208333,1.0,386.02,1.0,23.504,1.0,22.022,1.0,4.48612,1.0,110.888,1.0,168.966,166.397,176.97,3.07455,8.41871,-0.692229,1.0,-1.05478,-1.10475,-1.03875,2.67903,2.67948,15.0,1,21,27,21,27,-3.91139,1.0,0.293369,0.299869,-3.9129,1.0,0.293097,0.299603,-3.86443,1.0,0.00802286,-3.91451,-3.90877,-3.90877,-3.90877,-3.84081,-3.78458,-3.774,1.0,1.0,1.0,1.0,1.0,1.0,1.0,9.90032,1.1424,1.0,0.29646,0.298582,-14.4011,12.4828,1.0,0.446569,0.449301,9.90154,1.14311,1.0,0.295253,0.297383,-14.4046,12.4773,1.0,0.44653,0.449262,9.89959,10.0332,10.0332,10.0332,10.0929,10.1042,10.1233,1.0,1.0,1.0,1.0,1.0,1.0,1.0,-14.4999,-14.4999,-14.4999,-14.427,-14.4058,-14.4009,-14.341,1.0,1.0,1.0,1.0,1.0,1.0,1.0,11.142,11.107,11.0949,0.0126293,10.9293,11.0383,11.0584,11.1103,11.1466,11.1627,11.1947,14.9767,15.0199,14.9593,0.0102104,14.838,14.8932,14.9145,14.9706,15.0018,15.0235,15.0392,9.83212,9.80579,9.80092,0.0109671,9.66356,9.70497,9.74046,9.81511,9.83793,9.85643,9.89658,14.8398,14.8113,14.8,0.0108547,14.6519,14.6842,14.7463,14.8325,14.8409,14.8529,14.8601,-9999,-9999
20120820,21.356,1.0,17.095,2.828,1.0,24.67,5.356,1.0,21.155,17.074,2.499,24.329,5.134,21.356,1.0,17.095,2.828,1.0,24.67,5.356,1.0,422.536,311.864,1.0,311.558,311.864,1.0,335.182,1.0,346.617,335.182,1.0,362.949,1.0,348.425,362.949,1.0,13.554,1.0,13.317,13.554,1.0,101.165,101.124,1.0,0.0,0.0,0.0,2.549,1.982,1.0,0.292729166667,1.0,181.536645833,1.0,599.50775,1.0,28.7697291667,1.0,54.8196875,1.0,408.923604167,1.0,392.454,1.0,23.102,1.0,21.819,1.0,4.29592,1.0,109.768,1.0,167.259,164.717,171.387,3.20688,5.89363,8.83754,1.0,13.4662,13.2615,13.7985,2.72609,2.75501,15.0,1,21,27,21,27,-4.24428,1.0,0.294831,0.324561,-4.26302,1.0,0.295787,0.32543,-4.21366,1.0,0.0283131,-4.50446,-4.324,-4.324,-4.2648,-4.09022,-4.0526,-3.9265,1.0,1.0,1.0,1.0,1.0,1.0,1.0,9.44133,0.895281,1.0,0.273026,0.354357,-14.6143,13.2749,1.0,0.45828,0.466236,9.3967,1.03597,1.0,0.273946,0.355066,-14.6117,13.2775,1.0,0.459754,0.467684,8.92427,9.33002,9.33572,9.3933,9.71173,9.7818,9.8352,1.0,1.0,1.0,1.0,1.0,1.0,1.0,-14.6688,-14.6688,-14.6579,-14.6223,-14.5607,-14.4973,-14.3725,1.0,1.0,1.0,1.0,1.0,1.0,1.0,11.059,11.0238,11.011,0.0145452,10.8247,10.9578,10.9626,11.03,11.0703,11.097,11.124,15.3157,15.2868,15.2246,0.0191999,14.9171,15.0549,15.1618,15.2743,15.3005,15.326,15.3351,9.83529,9.77647,9.72228,0.0201806,9.48416,9.53254,9.59152,9.7595,9.82614,9.83529,9.84694,14.4324,14.3891,14.3542,0.0185042,14.0947,14.1796,14.2497,14.4108,14.4313,14.4419,14.4436,-9999,-9999
20120821,20.863,1.0,17.034,2.867,1.0,23.841,4.948,1.0,20.559,16.788,2.609,23.492,4.998,20.863,1.0,17.034,2.867,1.0,23.841,4.948,1.0,420.515,305.774,1.0,309.527,305.774,1.0,340.783,1.0,344.275,340.783,1.0,360.481,1.0,345.696,360.481,1.0,12.64,1.0,12.178,12.64,1.0,101.175,101.089,1.0,0.0,0.0,0.0,2.545,2.597,1.0,0.380333333333,1.0,172.8768125,1.0,591.8433125,1.0,29.2686041667,1.0,55.0893541667,1.0,416.70775,1.0,387.806,1.0,22.836,1.0,21.621,1.0,4.23663,1.0,104.456,1.0,158.848,156.745,163.092,3.08711,5.62775,6.43916,1.0,9.79217,9.66251,10.0538,2.93207,2.94639,15.0,1,21,27,21,27,-3.83002,1.0,0.312037,0.367765,-3.81811,1.0,0.312701,0.368328,-3.73434,1.0,0.0306033,-3.97139,-3.89719,-3.89719,-3.84014,-3.52251,-3.50791,-3.48228,1.0,1.0,1.0,1.0,1.0,1.0,1.0,9.13241,1.27679,1.0,0.282656,0.381181,-13.6644,12.4104,1.0,0.487269,0.505359,9.16298,1.29194,1.0,0.288057,0.385203,-13.6678,12.4067,1.0,0.486603,0.504718,8.97933,9.13241,9.1422,9.14684,9.58697,9.64389,9.72271,1.0,1.0,1.0,1.0,1.0,1.0,1.0,-13.7875,-13.7871,-13.7858,-13.677,-13.5247,-13.5191,-13.4661,1.0,1.0,1.0,1.0,1.0,1.0,1.0,10.8563,10.8256,10.8168,0.0165115,10.611,10.7528,10.7547,10.8315,10.893,10.9205,10.9452,14.6964,14.6438,14.5511,0.0202759,14.3353,14.3752,14.4305,14.5818,14.6533,14.6728,14.721,9.90785,9.81216,9.69464,0.0311425,9.31606,9.44173,9.54467,9.68856,9.88824,9.89994,9.90785,14.0971,14.054,13.9878,0.0221142,13.6871,13.7828,13.8299,14.0444,14.1029,14.1041,14.107,-9999,-9999
20120822,20.442,1.0,16.396,2.096,1.0,23.589,4.829,1.0,20.018,16.552,1.965,22.713,4.447,20.442,1.0,16.396,2.096,1.0,23.589,4.829,1.0,418.469,309.612,1.0,302.18,309.612,1.0,345.255,1.0,348.295,345.255,1.0,362.642,1.0,350.381,362.642,1.0,10.864,1.0,10.67,10.864,1.0,101.258,101.147,1.0,0.0,0.0,0.0,2.581,2.381,1.0,0.364416666667,1.0,179.849833333,1.0,602.120208333,1.0,29.8783541667,1.0,55.2684791667,1.0,417.983666667,1.0,388.166,1.0,22.801,1.0,21.446,1.0,3.54179,1.0,96.0464,1.0,146.044,143.604,149.799,2.87414,5.41753,19.0317,1.0,28.9387,28.4552,29.6828,2.9321,3.07006,15.0,1,21,27,21,27,-3.53132,1.0,0.276308,0.297641,-3.53019,1.0,0.276435,0.297759,-3.6651,0.999479,0.0163647,-3.90294,-3.81296,-3.68148,-3.63052,-3.60525,-3.59166,-3.53132,1.0,0.979167,1.0,1.0,1.0,1.0,1.0,9.68265,1.19778,1.0,0.268615,0.294884,-13.5806,12.3656,1.0,0.424756,0.425189,9.68436,1.19673,1.0,0.269727,0.295898,-13.58,12.3667,1.0,0.424573,0.425007,8.89864,9.34874,9.34874,9.49033,9.56594,9.59207,9.68265,1.0,1.0,1.0,1.0,1.0,1.0,1.0,-14.0289,-13.6075,-13.6031,-13.5796,-13.5782,-13.5691,-13.5483,1.0,1.0,1.0,1.0,1.0,1.0,1.0,10.6719,10.6451,10.6394,0.0185853,10.4143,10.5621,10.5639,10.6678,10.7332,10.7475,10.7835,14.2635,14.1752,14.3047,0.0134496,14.1974,14.2436,14.2454,14.2944,14.348,14.3645,14.3839,9.73994,9.6647,9.52978,0.0325271,9.12592,9.28279,9.37153,9.51453,9.71941,9.72361,9.75265,13.9267,13.9049,13.8355,0.0179849,13.6165,13.6501,13.7721,13.877,13.9274,13.9318,13.9367,-9999,-9999
20120823,19.708,1.0,15.557,2.406,1.0,22.937,4.97,1.0,20.136,16.323,2.635,23.102,4.587,19.708,1.0,15.557,2.406,1.0,22.937,4.97,1.0,416.396,306.546,1.0,302.436,306.546,1.0,331.069,1.0,347.939,331.069,1.0,359.533,1.0,349.967,359.533,1.0,9.555,1.0,11.09,9.555,1.0,101.251,101.16,1.0,0.0,0.0,0.0,2.734,2.086,1.0,0.320354166667,1.0,179.128958333,1.0,598.242229167,1.0,29.628875,1.0,54.3969375,1.0,402.304520833,1.0,391.741,1.0,22.405,1.0,21.3,1.0,2.36981,1.0,87.5018,1.0,133.066,130.828,136.472,2.82544,5.04844,30.7197,1.0,46.7161,45.9307,47.9121,3.11025,3.43963,15.0,1,21,27,21,27,-3.5575,1.0,0.284961,0.298887,-3.55127,1.0,0.285856,0.29974,-3.6497,1.0,0.0142782,-3.82724,-3.73665,-3.70875,-3.59887,-3.57655,-3.5563,-3.55155,1.0,1.0,1.0,1.0,1.0,1.0,1.0,9.16022,0.864174,1.0,0.277007,0.32748,-13.2191,12.4765,1.0,0.438066,0.440667,9.17394,0.85596,1.0,0.282211,0.331893,-13.2191,12.4765,1.0,0.437768,0.44037,8.76482,8.86766,8.86766,9.13065,9.16022,9.21701,9.24781,1.0,1.0,1.0,1.0,1.0,1.0,1.0,-13.7477,-13.3148,-13.2507,-13.2507,-13.2225,-13.2191,-13.1941,1.0,1.0,1.0,1.0,1.0,1.0,1.0,10.4003,10.3785,10.3763,0.0212372,10.1284,10.2823,10.284,10.3988,10.4865,10.5119,10.5354,13.9992,13.9297,14.0267,0.0172467,13.867,13.9268,13.9753,13.9965,14.072,14.0962,14.2601,9.25464,9.27873,9.16393,0.0367067,8.82515,8.90933,9.01895,9.21331,9.24462,9.28578,9.46431,13.2864,13.3054,13.2638,0.0154198,13.1166,13.1718,13.1846,13.2769,13.2857,13.2916,13.3114,-9999,-9999
20120824,20.056,1.0,14.863,2.643,1.0,24.094,5.489,1.0,20.044,16.153,2.23,23.07,4.688,20.056,1.0,14.863,2.643,1.0,24.094,5.489,1.0,414.298,311.152,1.0,304.147,311.152,1.0,337.762,1.0,343.863,337.762,1.0,351.087,1.0,345.215,351.087,1.0,12.376,1.0,11.089,12.376,1.0,101.143,101.083,1.0,0.0,0.0,0.0,2.699,2.093,1.0,0.31275,1.0,179.446666667,1.0,594.478,1.0,29.9014583333,1.0,55.9364583333,1.0,411.8334375,1.0,396.815,1.0,21.55,1.0,21.136,1.0,2.28096,1.0,104.363,1.0,158.706,155.956,162.769,3.00745,5.87825,11.907,1.0,18.1073,17.7935,18.5708,2.92341,2.97966,15.0,1,21,27,21,27,-3.41281,1.0,0.323953,0.341702,-3.40182,1.0,0.324003,0.341749,-3.42464,0.991667,0.0204661,-3.80799,-3.50367,-3.43515,-3.42522,-3.33953,-3.28628,-3.2716,0.916667,1.0,1.0,1.0,1.0,0.979167,1.0,8.53615,0.647623,1.0,0.26318,0.294639,-12.4859,11.5674,1.0,0.515852,0.540232,8.55771,0.635154,1.0,0.264025,0.295394,-12.4838,11.5696,1.0,0.515683,0.54007,8.39779,8.52058,8.55978,8.56517,8.67829,8.78552,8.85933,1.0,1.0,1.0,1.0,1.0,1.0,1.0,-13.5061,-12.6754,-12.5467,-12.5351,-12.3742,-12.3545,-12.3536,0.851852,0.962963,1.0,1.0,1.0,1.0,1.0,10.4048,10.3718,10.3525,0.0275386,10.0721,10.205,10.21,10.386,10.5026,10.5202,10.5676,13.8272,13.7737,13.7773,0.0315529,13.5567,13.6354,13.6416,13.7776,13.8284,13.9277,14.0538,9.20782,9.27586,9.24377,0.0467513,8.7562,9.13032,9.17386,9.19209,9.23732,9.28564,9.74084,12.9134,12.9398,12.9575,0.0228742,12.7408,12.882,12.8831,12.9077,13.009,13.0296,13.1703,-9999,-9999
20120825,17.611,1.0,14.078,1.442,1.0,20.359,4.002,1.0,19.245,15.676,2.266,22.02,4.293,17.611,1.0,14.078,1.442,1.0,20.359,4.002,1.0,412.173,299.592,1.0,298.857,299.592,1.0,337.828,1.0,344.74,337.828,1.0,346.92,1.0,346.238,346.92,1.0,7.801,1.0,10.47,7.801,1.0,101.014,100.963,1.0,0.0,0.0,0.0,2.799,3.095,1.0,0.478354166667,1.0,177.341604167,1.0,591.486,1.0,30.64975,1.0,54.19475,1.0,404.298375,1.0,382.168,1.0,21.171,1.0,20.992,1.0,0.159521,1.0,74.6424,1.0,113.287,110.773,114.7,2.54771,3.86835,43.4329,1.0,65.9197,64.4565,66.7414,3.10147,3.53384,15.0,1,21,27,21,27,-2.88712,1.0,0.335143,0.336331,-2.84226,1.0,0.334346,0.335538,-2.8403,0.997917,0.00682379,-2.89626,-2.88436,-2.85605,-2.84071,-2.84068,-2.82786,-2.77711,1.0,1.0,1.0,1.0,1.0,1.0,0.979167,8.54757,1.30879,1.0,0.247527,0.251123,-11.5942,11.427,1.0,0.54091,0.54091,8.64636,1.30491,1.0,0.242172,0.245846,-11.5942,11.427,1.0,0.54093,0.54093,8.52743,8.59339,8.61917,8.64979,8.66853,8.67808,8.75172,1.0,1.0,1.0,1.0,1.0,1.0,1.0,-11.6449,-11.5942,-11.5942,-11.5942,-11.5942,-11.5942,-11.5639,1.0,1.0,1.0,1.0,1.0,1.0,0.962963,9.64601,9.63017,9.59367,0.0314765,9.31019,9.41089,9.41212,9.59931,9.78926,9.80068,9.82986,12.5304,12.4724,12.4338,0.0302748,12.1648,12.2516,12.2528,12.4414,12.5918,12.6249,12.6859,8.67835,8.66346,8.7985,0.0622854,8.21392,8.55803,8.67105,8.70569,8.81726,8.94035,9.49167,11.988,11.9808,12.0917,0.0337252,11.8241,11.9219,11.9225,11.9587,12.3115,12.3633,12.4355,-9999,-9999
20120826,17.221,1.0,13.948,1.731,1.0,19.767,2.868,1.0,17.424,14.453,1.805,19.735,3.883,17.221,1.0,13.948,1.731,1.0,19.767,2.868,1.0,410.025,306.46,1.0,299.981,306.46,1.0,328.768,1.0,332.506,328.768,1.0,338.635,1.0,331.978,338.635,1.0,7.877,1.0,9.146,7.877,1.0,101.361,101.339,1.0,0.0,0.0,0.0,2.682,3.37,1.0,0.495770833333,1.0,174.285125,1.0,598.350895833,1.0,32.0771875,1.0,57.2123958333,1.0,402.2323125,1.0,380.336,1.0,20.202,1.0,20.888,1.0,-0.511958,1.0,72.1549,1.0,109.512,107.081,110.877,2.28625,3.62559,45.6292,1.0,69.253,67.7158,70.1163,3.07542,3.55311,15.0,1,21,27,21,27,-1.95657,1.0,0.313121,0.322963,-1.94499,1.0,0.313302,0.323138,-1.97897,0.988542,0.0115444,-2.10454,-2.0761,-2.05625,-1.95131,-1.91925,-1.91786,-1.91468,0.958333,0.958333,0.979167,1.0,1.0,1.0,1.0,8.42984,0.938273,1.0,0.26297,0.274402,-9.90844,9.95502,1.0,0.495901,0.501667,8.45536,0.924111,1.0,0.265066,0.276412,-9.90844,9.95502,1.0,0.49556,0.50133,8.32095,8.35994,8.39532,8.4506,8.51243,8.5167,8.52211,1.0,1.0,1.0,1.0,1.0,1.0,1.0,-10.1076,-10.0601,-10.0267,-9.90844,-9.90844,-9.90844,-9.90844,0.925926,0.962963,1.0,1.0,1.0,1.0,1.0,9.44669,9.4314,9.35203,0.0334222,9.06985,9.14425,9.14501,9.37786,9.55681,9.56783,9.5816,11.3938,11.3764,11.3309,0.0399888,11.0212,11.0633,11.0638,11.3053,11.5941,11.6052,11.6629,8.72325,8.60026,8.85861,0.0617255,8.40907,8.5892,8.69997,8.77609,8.83973,9.1161,9.62774,11.9333,11.9532,12.0538,0.0350126,11.7941,11.8496,11.8681,11.9313,12.2335,12.3673,12.4133,-9999,-9999
20120827,20.764,1.0,16.637,2.381,1.0,23.974,5.507,1.0,19.286,15.423,3.269,22.291,4.898,20.764,1.0,16.637,2.381,1.0,23.974,5.507,1.0,407.851,304.793,1.0,302.892,304.793,1.0,339.567,1.0,333.636,339.567,1.0,361.313,1.0,333.295,361.313,1.0,12.243,1.0,10.873,12.243,1.0,101.585,101.578,1.0,0.0,0.0,0.0,2.776,1.982,1.0,0.289083333333,1.0,168.905875,1.0,582.705458333,1.0,29.7720416667,1.0,54.2575416667,1.0,419.275958333,1.0,381.963,1.0,22.149,1.0,20.792,1.0,5.59317,1.0,88.5056,1.0,134.328,131.346,136.002,3.10152,4.6403,16.0913,1.0,24.4223,23.8802,24.7268,3.19362,3.25469,15.0,1,21,27,21,27,-2.48643,1.0,0.317343,0.440993,-2.53241,1.0,0.316577,0.440442,-2.54929,0.995312,0.0456822,-3.01443,-2.92424,-2.89169,-2.52183,-2.31181,-2.31181,-2.13072,1.0,1.0,0.979167,1.0,1.0,1.0,1.0,9.04062,0.833102,1.0,0.251695,0.446848,-11.2912,11.07,1.0,0.507187,0.971703,8.93554,0.837187,1.0,0.250539,0.446198,-11.2883,11.0754,1.0,0.506128,0.971151,8.37677,8.37677,8.39302,8.59268,9.07516,9.1152,9.12843,1.0,1.0,1.0,1.0,1.0,1.0,1.0,-12.2515,-12.0998,-12.0312,-11.2912,-10.4757,-10.4421,-10.1564,0.925926,1.0,1.0,1.0,1.0,1.0,1.0,10.2769,10.2296,10.0563,0.0362543,9.76119,9.81852,9.82581,10.1543,10.2171,10.2613,10.3175,12.7992,12.762,12.6061,0.0760161,11.8796,12.0318,12.1303,12.6992,13.0895,13.1472,13.186,9.77431,9.72399,9.92062,0.0455074,9.61518,9.69553,9.72961,9.83917,9.991,10.3191,10.5751,11.8676,11.966,11.9345,0.039165,11.2418,11.7833,11.8036,11.8858,12.087,12.1782,12.2898,-9999,-9999
20120828,22.315,1.0,17.806,2.258,1.0,25.822,4.975,1.0,21.685,17.742,2.124,24.752,5.086,22.315,1.0,17.806,2.258,1.0,25.822,4.975,1.0,405.654,304.641,1.0,298.778,304.641,1.0,348.518,1.0,342.567,348.518,1.0,359.361,1.0,343.705,359.361,1.0,15.222,1.0,13.863,15.222,1.0,101.487,101.46,1.0,0.0,0.0,0.0,2.751,2.025,1.0,0.288041666667,1.0,170.814208333,1.0,578.7058125,1.0,30.3679791667,1.0,54.8809583333,1.0,425.3848125,1.0,402.874,1.0,22.465,1.0,20.658,1.0,4.4721,1.0,108.801,1.0,165.131,158.983,167.19,3.3434,6.9418,0.797812,1.0,1.21087,1.16578,1.22596,3.15686,3.15718,15.0,1,21,27,21,27,-2.45162,0.979167,0.31592,0.488719,-2.57096,0.979167,0.318255,0.490231,-2.71888,0.968229,0.057487,-3.45354,-3.02182,-2.99508,-2.62859,-2.45214,-2.27606,-2.20172,1.0,1.0,1.0,1.0,0.979167,0.979167,0.979167,8.98713,0.702559,1.0,0.24574,0.646472,-11.19,11.1779,0.962963,0.506346,0.55259,8.97685,0.691894,1.0,0.250592,0.648332,-11.3864,11.2038,0.962963,0.509192,0.555198,7.88471,7.97834,7.97979,8.9119,9.16677,9.17423,9.17935,1.0,1.0,1.0,1.0,1.0,1.0,1.0,-12.8022,-11.4194,-11.3368,-11.318,-11.2089,-10.9768,-10.9074,0.666667,0.851852,1.0,1.0,0.962963,0.925926,0.962963,10.4856,10.4273,10.1692,0.0425623,9.82418,9.88423,9.89997,10.2695,10.3461,10.4535,10.4941,13.0283,12.9983,12.891,0.0334864,12.5755,12.7384,12.7948,12.8679,12.9151,12.9378,13.2468,10.0465,10.0901,10.1768,0.0321686,9.9523,9.99522,10.019,10.1205,10.2436,10.337,10.5491,11.7114,11.8658,11.7143,0.0481287,10.5522,11.6222,11.6549,11.734,11.8363,11.9144,12.0362,-9999,-9999
20120829,22.351,1.0,17.184,2.513,1.0,26.37,5.608,1.0,22.638,19.382,3.042,25.171,5.649,22.351,1.0,17.184,2.513,1.0,26.37,5.608,1.0,403.432,303.696,1.0,297.046,303.696,1.0,349.157,1.0,344.146,349.157,1.0,358.015,1.0,345.545,358.015,1.0,16.162,1.0,15.78,16.162,1.0,101.114,101.127,1.0,0.0,0.0,0.0,2.284,1.409,1.0,0.186708333333,1.0,171.384125,1.0,575.8860625,1.0,29.9107083333,1.0,54.0736666667,1.0,425.351395833,1.0,403.679,1.0,22.432,1.0,20.498,1.0,4.47394,1.0,94.6355,1.0,142.445,138.284,145.422,3.32072,6.24721,20.8059,1.0,31.3171,30.4022,31.9715,3.1852,3.39101,15.0,1,21,27,21,27,-1.73476,0.979167,0.286738,0.470853,-1.76799,0.979167,0.294297,0.475494,-2.09432,0.969792,0.0513528,-2.63555,-2.49798,-2.38529,-1.9513,-1.81848,-1.75102,-1.73476,0.9375,0.9375,0.9375,1.0,1.0,0.979167,0.979167,8.98424,0.82289,1.0,0.248919,0.36965,-9.95965,10.4196,0.962963,0.451463,0.963552,8.91702,0.766087,1.0,0.255868,0.374364,-9.96429,10.4161,0.962963,0.463237,0.969124,8.0055,8.44014,8.45964,8.83221,8.96914,8.9867,9.01666,1.0,1.0,1.0,1.0,1.0,1.0,1.0,-11.6153,-11.2506,-11.0494,-10.0558,-9.89465,-9.54816,-9.35448,0.814815,0.888889,0.888889,1.0,1.0,1.0,0.962963,10.2736,10.2182,9.89361,0.0487708,9.4955,9.55931,9.5819,10.0231,10.1231,10.2065,10.285,12.2229,11.9862,11.9882,0.0871426,11.2556,11.3124,11.4747,11.9052,12.5004,12.5688,12.6438,9.69138,9.81952,9.76991,0.0326272,9.43277,9.60618,9.64343,9.72278,9.89409,10.0179,10.03,11.3433,11.5312,11.2953,0.0360789,10.5377,11.1543,11.2381,11.3137,11.4643,11.4998,11.5227,-9999,-9999
20120830,21.19,1.0,14.793,2.022,1.0,26.166,5.564,1.0,21.279,16.887,2.12,24.694,5.037,21.19,1.0,14.793,2.022,1.0,26.166,5.564,1.0,401.186,297.342,1.0,294.362,297.342,1.0,347.639,1.0,343.03,347.639,1.0,350.24,1.0,344.245,350.24,1.0,15.171,1.0,13.541,15.171,1.0,100.863,100.844,1.0,0.0,0.0,0.0,2.667,1.843,1.0,0.269895833333,1.0,169.836208333,1.0,563.006520833,1.0,30.24325,1.0,53.5696875,1.0,419.894270833,1.0,444.874,1.0,21.901,1.0,20.342,1.0,2.61956,1.0,107.596,1.0,161.458,157.223,165.339,3.27621,6.85046,1.22221,1.0,1.83403,1.78592,1.87811,2.98174,2.98252,15.0,1,21,27,21,27,-2.01818,1.0,0.281847,0.297408,-2.0186,1.0,0.28387,0.299326,-2.07995,0.981771,0.0136284,-2.24549,-2.18428,-2.15323,-2.07339,-2.00338,-1.9944,-1.99007,1.0,0.958333,1.0,0.770833,1.0,1.0,1.0,8.1231,0.525235,1.0,0.232459,0.303695,-9.77542,10.3782,1.0,0.447718,0.554962,8.13486,0.519397,1.0,0.242645,0.311561,-9.78528,10.3688,1.0,0.448199,0.55535,7.98615,8.02113,8.02244,8.1231,8.36582,8.41199,8.50211,1.0,1.0,1.0,1.0,1.0,1.0,1.0,-10.4051,-10.3109,-10.1786,-9.89333,-9.65623,-9.65511,-9.65276,0.962963,0.962963,1.0,1.0,1.0,1.0,1.0,9.78389,9.73357,9.39641,0.0565237,8.90892,8.98163,9.00719,9.51416,9.68979,9.73301,9.80746,11.8659,11.7522,11.4767,0.0645628,10.9196,10.976,10.9996,11.5638,11.8391,11.8879,11.9696,9.30231,9.42815,9.354,0.0430671,8.80413,9.12875,9.18713,9.32762,9.48435,9.67048,9.72209,10.8519,11.0278,10.7924,0.0309708,10.3551,10.433,10.7344,10.8367,10.9044,10.9586,11.0269,-9999,-9999
20120831,16.258,1.0,13.265,0.611,1.0,18.586,2.53,1.0,17.348,14.016,1.323,19.939,3.893,16.258,1.0,13.265,0.611,1.0,18.586,2.53,1.0,398.918,297.659,1.0,290.371,297.659,1.0,320.37,1.0,330.615,320.37,1.0,326.935,1.0,329.774,326.935,1.0,5.974,1.0,8.57,5.974,1.0,101.266,101.245,1.0,0.0,0.0,0.0,2.831,2.729,1.0,0.399041666667,1.0,164.209145833,1.0,576.455416667,1.0,32.7146458333,1.0,55.9380208333,1.0,395.876125,1.0,382.679,1.0,20.202,1.0,20.23,1.0,-1.87306,1.0,57.2283,1.0,86.1399,83.6234,87.9401,1.79427,3.66864,56.4313,1.0,84.9404,82.4588,86.7154,3.01751,4.36597,15.0,1,21,27,21,27,-1.61672,1.0,0.241942,0.252525,-1.61072,1.0,0.242791,0.253339,-1.47867,0.986979,0.0146284,-1.61672,-1.58746,-1.55656,-1.45224,-1.44415,-1.44278,-1.33099,1.0,1.0,1.0,0.958333,1.0,1.0,0.9375,7.55239,0.61214,1.0,0.227159,0.25941,-8.64376,9.22829,1.0,0.374941,0.3882,7.56357,0.613858,1.0,0.23192,0.26359,-8.64218,9.23117,1.0,0.374789,0.388053,7.55239,7.60257,7.69592,7.71593,7.77745,7.85311,8.08797,1.0,1.0,1.0,1.0,1.0,1.0,1.0,-8.71303,-8.67451,-8.64337,-8.54517,-8.47638,-8.47333,-8.47297,1.0,1.0,1.0,0.851852,1.0,1.0,1.0,8.50331,8.48246,8.2338,0.054291,7.73608,7.84503,7.86926,8.29849,8.56428,8.58973,8.60735,10.1152,10.0932,9.7121,0.0570925,9.18946,9.29212,9.31313,9.79048,10.0392,10.1152,10.1514,8.31389,8.22945,8.36414,0.0534977,7.62329,8.06774,8.10652,8.33847,8.68863,8.75813,8.79667,10.512,10.6378,10.4933,0.023272,10.1848,10.3477,10.3982,10.5123,10.609,10.6303,10.6834,-9999,-9999
20120901,16.979,1.0,12.935,2.349,1.0,20.124,4.629,1.0,16.877,13.707,2.559,19.343,4.134,16.979,1.0,12.935,2.349,1.0,20.124,4.629,1.0,396.626,286.008,1.0,288.242,286.008,1.0,332.346,1.0,331.044,332.346,1.0,334.224,1.0,330.274,334.224,1.0,7.335,1.0,8.001,7.335,1.0,101.593,101.575,1.0,0.0,0.0,0.0,2.438,1.516,1.0,0.2064375,1.0,166.143583333,1.0,552.002416667,1.0,29.6057916667,1.0,51.2550833333,1.0,399.087375,1.0,391.351,1.0,19.21,1.0,20.164,1.0,-1.15492,1.0,61.9994,1.0,93.3215,90.5951,96.4774,2.16557,4.86862,52.6635,1.0,79.269,76.9532,81.9497,2.79236,4.63852,15.0,1,21,27,21,27,-1.15247,1.0,0.28707,0.378965,-1.12069,1.0,0.287505,0.379295,-1.30927,0.939583,0.034756,-1.65662,-1.59712,-1.52593,-1.19918,-1.10697,-1.10233,-1.09349,0.9375,0.875,0.833333,1.0,1.0,1.0,1.0,7.6972,0.669445,1.0,0.230302,0.241651,-7.96106,9.0548,1.0,0.458013,0.60109,7.75839,0.622877,1.0,0.235611,0.246717,-7.95421,9.06685,1.0,0.45718,0.600455,7.61787,7.67851,7.6972,7.7857,7.80507,7.82489,7.847,1.0,1.0,1.0,1.0,1.0,1.0,1.0,-8.81094,-8.73572,-8.60277,-8.20493,-7.95907,-7.95718,-7.9558,0.888889,0.777778,0.666667,1.0,1.0,1.0,1.0,8.63999,8.61079,8.38691,0.0483665,7.93582,8.03892,8.06987,8.4531,8.67307,8.69656,8.71599,9.97082,9.73148,9.69571,0.074712,9.13327,9.14126,9.17881,9.57983,10.1586,10.2299,10.3635,8.05349,8.01446,8.25358,0.0585529,7.328,7.83125,8.06537,8.41316,8.51128,8.58542,8.60419,9.86963,9.92126,9.88619,0.0350442,9.43013,9.71942,9.81143,9.88316,9.98154,10.1504,10.1818,-9999,-9999
20120902,20.696,1.0,15.118,4.553,1.0,25.034,6.539,1.0,20.008,15.844,2.885,23.247,5.486,20.696,1.0,15.118,4.553,1.0,25.034,6.539,1.0,394.313,290.414,1.0,286.599,290.414,1.0,331.836,1.0,343.625,331.836,1.0,345.442,1.0,344.937,345.442,1.0,14.513,1.0,11.212,14.513,1.0,101.421,101.398,1.0,0.0,0.0,0.0,2.605,1.134,1.0,0.143833333333,1.0,166.7585625,1.0,550.9540625,1.0,29.9014791667,1.0,51.1815208333,1.0,402.415520833,1.0,405.038,1.0,20.675,1.0,20.091,1.0,3.29862,1.0,83.019,1.0,125.187,121.309,129.186,2.98198,6.5562,18.6698,1.0,28.1527,27.2807,29.052,3.09176,3.35903,14.0,1,21,27,21,27,-1.40487,0.958333,0.259164,0.32469,-1.44133,0.958333,0.260142,0.32547,-1.32899,0.945833,0.0377953,-1.60341,-1.55361,-1.53751,-1.35581,-1.19776,-1.16243,-0.881335,0.979167,0.958333,0.958333,0.958333,0.958333,0.875,0.854167,8.0622,0.874359,1.0,0.228607,0.425198,-8.67735,9.41698,0.925926,0.406829,0.66617,8.02418,0.840025,1.0,0.234898,0.428613,-8.71024,9.39441,0.925926,0.406492,0.665964,7.48026,7.55164,7.57599,8.00339,8.1407,8.26867,8.39909,1.0,1.0,1.0,1.0,1.0,1.0,1.0,-9.08463,-9.01738,-8.97362,-8.39493,-8.04249,-7.96235,-7.92055,0.962963,0.925926,0.925926,0.814815,0.740741,0.925926,0.851852,9.50944,9.44902,9.21318,0.0442316,8.79144,8.89471,8.92771,9.33172,9.43144,9.48848,9.52753,11.0294,10.8904,10.5424,0.0667489,9.92426,10.1226,10.1734,10.5396,10.9501,11.0272,11.1067,8.13113,8.12483,8.54128,0.125795,7.02368,7.9178,8.11786,8.51648,9.24269,9.44604,9.48561,9.76014,9.7154,9.81028,0.0798674,8.58097,9.55349,9.66233,9.77708,10.1494,10.2155,10.4563,-9999,-9999
20120903,22.024,1.0,16.282,3.849,1.0,26.883,6.533,1.0,21.263,17.245,2.983,24.663,5.681,22.024,1.0,16.282,3.849,1.0,26.883,6.533,1.0,391.978,289.088,1.0,289.867,289.088,1.0,308.968,1.0,340.266,308.968,1.0,359.415,1.0,341.023,359.415,1.0,16.781,1.0,14.393,16.781,1.0,101.403,101.366,1.0,0.0,0.0,0.0,2.416,1.023,1.0,0.11375,1.0,168.361166667,1.0,544.383166667,1.0,29.8320833333,1.0,50.6775416667,1.0,398.291888889,0.75,437.949,1.0,20.767,1.0,19.998,1.0,3.19279,1.0,84.3711,1.0,127.226,123.285,131.29,2.89594,6.60284,20.1998,1.0,30.46,29.5165,31.433,3.09293,3.40361,13.0,1,22,26,22,26,-1.42507,0.979167,0.256249,0.378292,-1.46243,0.979167,0.257025,0.378818,-1.24135,0.953125,0.050619,-1.69154,-1.59345,-1.47924,-1.31305,-1.05302,-1.03689,-0.9152,1.0,1.0,0.979167,0.979167,0.979167,0.833333,0.8125,8.03367,0.649224,1.0,0.224546,0.270841,-9.33297,8.87785,0.961538,0.414395,0.716006,8.00499,0.612928,1.0,0.228396,0.274041,-9.37518,8.89724,0.961538,0.41441,0.716015,7.54549,7.76355,7.78001,7.97707,8.02694,8.06643,8.20119,1.0,1.0,1.0,1.0,1.0,0.863636,0.954545,-9.77925,-9.60653,-9.43158,-8.94303,-8.47345,-8.43873,-8.30507,1.0,1.0,0.961538,0.961538,0.961538,0.961538,0.961538,9.78901,9.71647,9.50434,0.0390075,9.13249,9.22363,9.2455,9.61269,9.70952,9.73661,9.80528,11.2682,11.1789,10.7467,0.0747023,9.9685,10.2761,10.3182,10.6478,11.1335,11.3363,11.417,8.37168,8.39213,8.70537,0.131668,7.42495,8.08985,8.19657,8.56043,9.46066,9.68398,9.89236,9.72723,9.74361,9.76416,0.107185,8.66058,9.504,9.63219,9.74438,9.94498,10.2868,10.5841,-9999,-9999
20120904,21.02,1.0,16.039,2.93,1.0,25.234,6.215,1.0,20.534,16.389,2.084,24.04,5.429,21.02,1.0,16.039,2.93,1.0,25.234,6.215,1.0,389.621,284.827,1.0,288.657,284.827,1.0,297.443,1.0,336.688,297.443,1.0,357.757,1.0,336.852,357.757,1.0,14.644,1.0,13.086,14.644,1.0,101.512,101.456,1.0,0.0,0.0,0.0,2.124,1.773,1.0,0.267395833333,1.0,158.867520833,1.0,540.4380625,1.0,30.3032291667,1.0,51.3118333333,1.0,351.35673913,0.958333333333,400.739,1.0,21.445,1.0,19.907,1.0,4.34981,1.0,92.3583,1.0,139.27,134.956,143.719,3.53962,7.39745,14.1578,1.0,21.349,20.6878,22.031,3.36135,3.50574,12.0,1,22,26,22,26,-1.03304,1.0,0.306659,0.373849,-1.05242,1.0,0.307412,0.374467,-1.24844,0.976562,0.0432183,-1.47494,-1.45223,-1.45089,-1.3628,-1.13167,-1.02457,-0.954737,1.0,1.0,1.0,1.0,0.875,1.0,0.875,7.99402,0.889642,1.0,0.226196,0.470281,-8.60199,8.96258,1.0,0.510883,0.61987,7.96638,0.868273,1.0,0.230414,0.472324,-8.61308,8.94631,1.0,0.510967,0.619939,7.03832,7.07877,7.08558,7.84251,7.87509,7.90339,7.98215,1.0,1.0,1.0,1.0,1.0,1.0,1.0,-9.21048,-9.12041,-9.06742,-8.57331,-8.57331,-8.4183,-8.356,1.0,0.846154,1.0,1.0,1.0,0.769231,1.0,9.50597,9.43975,9.27918,0.0322664,8.96854,9.04001,9.05661,9.36014,9.45577,9.4797,9.53707,10.6959,10.4922,10.526,0.0455377,9.84321,10.3257,10.3844,10.5036,10.7478,10.8576,10.9044,8.82536,8.9227,8.80306,0.102402,7.49527,8.29936,8.51786,8.7303,9.22692,9.39909,9.82639,9.83371,10.0797,9.81612,0.135733,9.37314,9.48068,9.68792,9.84988,10.0832,10.2337,10.5986,-9999,-9999
20120905,18.898,1.0,16.089,2.761,1.0,21.275,4.476,1.0,19.246,15.891,2.863,22.084,4.69,18.898,1.0,16.089,2.761,1.0,21.275,4.476,1.0,387.243,201.595,1.0,228.213,201.595,1.0,308.468,1.0,360.83,308.468,1.0,385.609,1.0,364.992,385.609,1.0,10.348,1.0,10.62,10.348,1.0,101.432,101.405,1.0,0.168,0.168,0.0,2.291,2.091,1.0,0.326354166667,1.0,118.036479167,1.0,395.4900625,1.0,21.5403333333,1.0,35.7618333333,1.0,352.248311111,0.9375,391.21,1.0,20.961,1.0,19.832,1.0,1.42563,1.0,59.7074,1.0,89.8716,87.1159,92.9108,2.09789,4.7806,17.7646,1.0,26.7393,25.9194,27.6435,2.70667,2.99325,11.0,1,22,26,22,26,0.575823,1.0,0.241914,0.57197,0.506985,1.0,0.244247,0.572961,0.868468,0.988542,0.078722,0.453105,0.454786,0.499476,0.539155,1.16094,1.49137,1.88116,1.0,1.0,1.0,1.0,0.979167,0.958333,0.958333,7.76514,0.954887,1.0,0.217772,0.300106,-5.54609,9.446,1.0,0.388931,0.85522,7.62041,1.13129,1.0,0.225975,0.30611,-5.54609,9.446,1.0,0.390194,0.855795,7.50795,7.51149,7.59913,7.68887,7.90718,7.92447,8.02213,1.0,1.0,1.0,1.0,1.0,1.0,1.0,-5.54679,-5.54679,-5.54679,-5.54386,-4.62216,-4.02346,-3.44911,1.0,1.0,1.0,1.0,0.961538,0.923077,0.923077,8.95768,8.9068,8.80544,0.0259723,8.54802,8.60603,8.6326,8.85168,8.94019,8.95736,9.00224,8.3818,8.39981,7.93553,0.0676191,7.01488,7.38017,7.75433,8.07408,8.17781,8.2898,8.37965,8.7194,8.82442,8.58692,0.0936365,7.31792,7.91616,8.34552,8.5831,8.83769,9.36416,9.42768,7.42504,7.67966,7.38297,0.0956154,6.79379,6.9162,7.09016,7.44358,7.66978,7.93075,7.93879,-9999,-9999
20120906,18.915,1.0,14.957,1.708,1.0,22.265,5.544,1.0,19.084,15.717,2.388,21.934,4.487,18.915,1.0,14.957,1.708,1.0,22.265,5.544,1.0,384.844,263.281,1.0,260.133,263.281,1.0,340.419,1.0,351.434,340.419,1.0,361.063,1.0,354.04,361.063,1.0,10.66,1.0,10.724,10.66,1.0,101.468,101.441,1.0,0.0,0.0,0.0,2.392,2.612,1.0,0.4136875,1.0,154.310041667,1.0,508.682,1.0,28.9036458333,1.0,46.9857916667,1.0,401.10825,1.0,385.416,1.0,21.413,1.0,19.753,1.0,3.17138,1.0,74.3165,1.0,112.064,108.593,117.382,2.58004,7.00726,28.3657,1.0,42.7735,41.4487,44.8032,2.81067,3.7528,11.0,1,22,26,22,26,-0.69981,1.0,0.253665,0.42263,-0.726014,1.0,0.253962,0.422808,-0.440464,0.989583,0.056351,-0.726014,-0.726014,-0.726014,-0.726014,-0.128273,-0.0499382,0.188585,1.0,1.0,1.0,1.0,1.0,0.958333,0.958333,7.85284,0.909166,1.0,0.193027,0.195757,-7.8897,8.97421,1.0,0.420687,0.704465,7.79774,0.945315,1.0,0.195427,0.198124,-7.8897,8.97421,1.0,0.42046,0.704329,7.75129,7.79774,7.79774,7.79774,7.85706,7.8629,7.88041,1.0,1.0,1.0,1.0,1.0,1.0,1.0,-7.8897,-7.8897,-7.8897,-7.8897,-6.89554,-6.75958,-6.23765,1.0,1.0,1.0,1.0,1.0,0.923077,0.923077,8.90403,8.84719,8.77593,0.0236239,8.51459,8.60779,8.63948,8.80936,8.89825,8.92911,8.94943,9.56675,9.5732,9.21639,0.0461295,8.66025,8.91328,8.93815,9.31479,9.39155,9.50291,9.55822,8.58375,8.68229,8.5827,0.0568119,8.00785,8.17032,8.3683,8.5434,8.69157,9.15428,9.23234,8.95591,9.1127,8.96515,0.04969,8.6112,8.71705,8.82176,8.97824,9.10914,9.29011,9.33533,-9999,-9999
20120907,19.494,1.0,15.656,3.383,1.0,22.741,5.695,1.0,19.879,16.412,3.241,22.813,4.966,19.494,1.0,15.656,3.383,1.0,22.741,5.695,1.0,382.425,271.622,1.0,270.843,271.622,1.0,349.344,1.0,364.535,349.344,1.0,352.477,1.0,369.31,352.477,1.0,12.329,1.0,12.104,12.329,1.0,101.655,101.661,1.0,0.0,0.0,0.0,2.41,2.684,1.0,0.418770833333,1.0,165.622395833,1.0,532.027833333,1.0,31.291875,1.0,48.3383541667,1.0,405.7460625,1.0,386.799,1.0,21.568,1.0,19.679,1.0,3.5546,1.0,77.2783,1.0,116.319,112.822,122.06,2.42876,7.26625,30.1987,1.0,45.455,44.0882,47.6984,2.64596,3.76338,11.0,1,22,26,22,26,-0.375532,1.0,0.229395,0.230105,-0.340139,1.0,0.230075,0.230782,-0.312696,0.986458,0.0111235,-0.374555,-0.337761,-0.337761,-0.332923,-0.318137,-0.301661,-0.251356,1.0,1.0,1.0,1.0,1.0,0.979167,0.916667,7.69414,0.826274,1.0,0.192718,0.193355,-7.17851,7.85923,1.0,0.374109,0.376051,7.76856,0.830773,1.0,0.196371,0.196996,-7.17851,7.85923,1.0,0.374069,0.376011,7.6962,7.73719,7.74347,7.76856,7.76856,7.76856,7.82978,1.0,1.0,1.0,1.0,1.0,1.0,1.0,-7.17851,-7.17428,-7.17428,-7.16568,-7.13503,-7.09794,-7.07761,1.0,1.0,1.0,1.0,1.0,0.961538,0.961538,8.93917,8.87592,8.84003,0.0188657,8.59718,8.73113,8.76211,8.85797,8.92865,8.95849,8.97579,9.31372,9.21606,9.15271,0.0186524,8.86896,9.06545,9.0721,9.17966,9.23847,9.27906,9.29748,8.53577,8.70778,8.64107,0.0412352,8.24444,8.41756,8.51331,8.55136,8.76211,9.03842,9.12259,9.0084,9.13463,9.05459,0.0188451,8.85328,8.94815,8.98895,9.02289,9.10794,9.22616,9.27115,-9999,-9999
20120908,19.853,1.0,16.765,1.812,1.0,22.467,3.847,1.0,19.915,16.705,1.986,22.632,4.758,19.853,1.0,16.765,1.812,1.0,22.467,3.847,1.0,379.987,272.434,1.0,270.358,272.434,1.0,338.644,0.979167,355.709,338.881,0.979167,351.279,1.0,359.023,351.279,1.0,12.494,1.0,12.759,12.494,1.0,101.566,101.511,1.0,0.0,0.0,0.0,2.495,3.133,1.0,0.486416666667,1.0,155.137088889,0.9375,530.391583333,1.0,32.2342291667,1.0,50.035625,1.0,395.669310345,0.604166666667,384.892,1.0,21.826,1.0,19.601,1.0,3.16998,1.0,73.1072,1.0,110.041,106.732,115.472,2.38201,6.9027,27.9686,1.0,42.0983,40.8324,44.1759,2.61829,3.60536,11.0,1,22,26,22,26,-0.0905006,1.0,0.234097,0.236986,-0.0905006,1.0,0.235648,0.238518,-0.054666,0.988021,0.00751717,-0.0905006,-0.0905006,-0.0905006,-0.0905006,-0.0195294,-0.0167162,0.0403303,1.0,1.0,1.0,1.0,0.979167,0.979167,0.958333,7.86307,0.860629,1.0,0.205131,0.20825,-6.81437,7.64541,1.0,0.378573,0.380319,7.86307,0.860629,1.0,0.212427,0.215441,-6.81437,7.64541,1.0,0.378739,0.380484,7.86307,7.86307,7.86307,7.86307,7.9297,7.93489,8.08076,1.0,1.0,1.0,1.0,1.0,1.0,1.0,-6.81437,-6.81437,-6.81437,-6.81437,-6.76535,-6.74158,-6.74116,1.0,1.0,1.0,1.0,0.923077,0.961538,0.961538,8.9408,8.88033,8.84687,0.0180248,8.60353,8.75088,8.76398,8.85625,8.92202,8.9626,8.96962,9.03183,8.97083,8.9015,0.0147604,8.69403,8.80594,8.85096,8.89044,8.96799,8.99312,9.01698,8.42494,8.76647,8.62512,0.0504556,7.97093,8.41592,8.44526,8.60058,8.91511,8.95166,9.04872,8.56422,8.73472,8.65351,0.0192926,8.44143,8.55944,8.56748,8.61937,8.75013,8.76288,8.8519,-9999,-9999
20120909,19.51,1.0,15.684,2.105,1.0,22.748,4.414,1.0,19.371,15.787,2.277,22.404,4.572,19.51,1.0,15.684,2.105,1.0,22.748,4.414,1.0,377.53,281.527,1.0,274.272,281.527,1.0,329.794,1.0,342.515,329.794,1.0,343.518,1.0,343.644,343.518,1.0,12.633,1.0,12.281,12.633,1.0,101.399,101.319,1.0,0.0,0.0,0.0,2.705,2.935,1.0,0.441541666667,1.0,-9999,0.0,533.428895833,1.0,33.1256875,1.0,53.3368541667,1.0,-9999,0.0,388.376,1.0,21.465,1.0,19.525,1.0,2.52806,1.0,70.3574,1.0,106.094,103.558,111.128,2.37549,6.094,22.9977,1.0,34.6789,33.85,36.3246,2.5263,3.12203,11.0,1,22,26,22,26,0.355943,1.0,0.234498,0.242094,0.299186,1.0,0.236085,0.243632,0.293482,0.999479,0.0127718,0.157394,0.243278,0.243455,0.28573,0.360513,0.363617,0.388604,1.0,1.0,1.0,1.0,1.0,1.0,1.0,7.64099,0.769038,1.0,0.212707,0.243997,-5.83221,7.19063,1.0,0.376359,0.376466,7.52166,0.932638,1.0,0.219918,0.250308,-5.83221,7.19063,1.0,0.376533,0.37664,7.22354,7.40411,7.40448,7.49337,7.63318,7.64319,7.70181,1.0,1.0,1.0,1.0,1.0,1.0,1.0,-5.84787,-5.83428,-5.83221,-5.83221,-5.82508,-5.81635,-5.81635,0.961538,1.0,1.0,1.0,1.0,1.0,1.0,8.77499,8.72405,8.68022,0.0189536,8.41588,8.58992,8.61407,8.68057,8.76794,8.79833,8.81254,8.40752,8.42486,8.38813,0.00966501,8.28737,8.31653,8.34764,8.39378,8.42394,8.44337,8.46573,8.17903,8.75952,8.46981,0.0760945,7.54811,8.0941,8.12454,8.46602,8.82087,9.08652,9.16955,8.34882,8.65042,8.50636,0.0321979,8.16828,8.32271,8.34841,8.50573,8.61816,8.78374,8.85576,-9999,-9999
20120910,19.406,1.0,14.578,4.082,1.0,23.492,5.966,1.0,19.487,15.715,3.161,22.679,5.282,19.406,1.0,14.578,4.082,1.0,23.492,5.966,1.0,375.053,278.327,1.0,272.216,278.327,1.0,323.724,1.0,340.674,323.724,1.0,350.651,1.0,341.498,350.651,1.0,12.115,1.0,11.346,12.115,1.0,101.191,101.152,1.0,0.0,0.0,0.0,2.273,1.689,1.0,0.2245625,1.0,-9999,0.0,522.700395833,1.0,31.2364583333,1.0,51.2474166667,1.0,-9999,0.0,408.039,1.0,20.454,1.0,19.455,1.0,1.71206,1.0,72.3619,1.0,109.117,106.508,112.602,2.41953,5.1246,31.2709,1.0,47.1543,46.0271,48.6606,2.57441,3.23089,10.0,1,22,26,22,26,0.43213,0.979167,0.22935,0.387182,0.441272,0.979167,0.230022,0.38758,0.243297,0.957813,0.0394588,-0.166198,-0.127429,-0.0497152,0.282436,0.46345,0.496457,0.496741,0.916667,0.875,0.979167,0.979167,0.979167,0.979167,0.979167,7.44373,0.731118,0.954545,0.213474,0.252059,-5.52977,6.65206,1.0,0.365862,0.69107,7.48074,0.733597,0.954545,0.217769,0.255707,-5.54481,6.62771,1.0,0.365385,0.690818,6.59728,7.22519,7.25361,7.36968,7.44373,7.49324,7.50739,0.954545,0.954545,0.954545,0.909091,0.954545,0.954545,0.954545,-6.53054,-6.4265,-6.38774,-5.52977,-5.27376,-5.25394,-5.25394,0.923077,1.0,0.961538,1.0,1.0,1.0,1.0,8.65932,8.61537,8.55836,0.0201678,8.27275,8.46625,8.4821,8.56031,8.65901,8.68434,8.70639,8.24684,8.1741,8.31541,0.0493721,7.97081,7.98279,8.01167,8.14727,8.55335,8.71728,8.84002,8.00003,8.87748,8.36187,0.108497,7.23158,7.68855,7.7409,8.41328,8.99682,9.1972,9.2767,7.98509,8.51239,8.23097,0.0449804,7.80098,7.93043,7.97115,8.26297,8.46848,8.5502,8.6212,-9999,-9999
20120911,20.271,1.0,15.1,3.338,1.0,24.647,5.894,1.0,19.626,15.878,2.335,22.797,4.908,20.271,1.0,15.1,3.338,1.0,24.647,5.894,1.0,372.558,271.606,1.0,271.111,271.606,1.0,336.311,1.0,341.988,336.311,1.0,358.493,1.0,343.03,358.493,1.0,13.103,1.0,10.816,13.103,1.0,101.211,101.18,1.0,0.0,0.0,0.0,2.833,1.69,1.0,0.2424375,1.0,12.8444482759,0.604166666667,511.017708333,1.0,31.1902291667,1.0,49.2867291667,1.0,-9999,0.0,413.231,1.0,20.752,1.0,19.389,1.0,3.12208,1.0,70.3858,1.0,105.945,103.6,107.796,2.482,3.97938,17.6218,1.0,26.5243,25.9373,26.9878,2.52693,2.64421,9.0,1,22,26,22,26,0.114115,1.0,0.224542,0.247804,0.14517,1.0,0.22637,0.249462,0.0949048,0.99375,0.0133316,-0.0324351,-0.011458,0.0196931,0.101593,0.182463,0.19819,0.219493,0.979167,0.979167,1.0,1.0,1.0,1.0,1.0,7.3526,1.28714,1.0,0.212539,0.224817,-6.01842,7.00364,1.0,0.356697,0.410745,7.37563,1.27687,1.0,0.219283,0.231204,-5.98265,7.06975,1.0,0.35743,0.411382,7.09275,7.29171,7.32822,7.33744,7.36599,7.43827,7.44258,1.0,1.0,1.0,1.0,1.0,1.0,1.0,-6.2792,-6.23986,-6.19817,-6.00983,-5.86171,-5.83254,-5.81313,0.961538,1.0,1.0,1.0,1.0,1.0,1.0,8.77685,8.73463,8.65814,0.0219057,8.347,8.56454,8.57277,8.66218,8.77424,8.7915,8.8337,8.75716,8.58946,8.56342,0.0294395,8.2419,8.35813,8.44712,8.51783,8.71452,8.75716,8.82314,7.80055,8.68355,8.08745,0.0874,7.20776,7.49596,7.60436,8.16997,8.56973,8.64266,8.69335,7.75272,8.26004,7.92591,0.0349936,7.59383,7.67566,7.73648,7.97608,8.12111,8.1419,8.18053,-9999,-9999
20120912,20.04,1.0,16.798,3.091,1.0,22.783,5.713,1.0,19.73,16.018,2.891,22.871,5.259,20.04,1.0,16.798,3.091,1.0,22.783,5.713,1.0,370.046,266.615,1.0,266.009,266.615,1.0,342.506,1.0,346.527,342.506,1.0,359.674,1.0,348.32,359.674,1.0,11.574,1.0,10.768,11.574,1.0,101.628,101.59,1.0,0.0,0.0,0.0,2.775,1.949,1.0,0.289875,1.0,-9999,0.0,508.406145833,1.0,31.8831041667,1.0,49.0292083333,1.0,-9999,0.0,398.635,1.0,21.223,1.0,19.34,1.0,2.87654,1.0,64.5471,1.0,97.3326,95.0074,100.442,2.35409,4.66591,29.2943,1.0,44.1737,43.1184,45.5848,2.5634,3.14861,8.0,1,22,26,22,26,0.393926,1.0,0.234919,0.239843,0.405543,1.0,0.236445,0.241338,0.282012,0.996354,0.00972318,0.101463,0.233691,0.244158,0.296168,0.319487,0.33039,0.374759,1.0,1.0,1.0,1.0,1.0,1.0,0.958333,7.68232,0.845531,1.0,0.213572,0.216815,-5.79961,7.04234,1.0,0.37684,0.384164,7.71493,0.839133,1.0,0.220762,0.223901,-5.80654,7.03445,1.0,0.376893,0.384216,7.26331,7.5075,7.55025,7.56621,7.57668,7.58222,7.58842,1.0,1.0,1.0,1.0,1.0,1.0,1.0,-5.98643,-5.96285,-5.96115,-5.86172,-5.83873,-5.81355,-5.80612,1.0,1.0,1.0,1.0,1.0,1.0,1.0,8.64844,8.61594,8.53138,0.0226073,8.21079,8.43719,8.43879,8.5492,8.64844,8.67328,8.71486,8.26259,8.2104,8.24899,0.0152919,8.02998,8.18852,8.19212,8.2339,8.33811,8.35717,8.38989,7.14252,7.73991,7.21808,0.055568,6.56614,6.94667,7.0399,7.22417,7.35945,7.37758,7.55693,7.7408,7.9739,7.68427,0.0212572,7.38646,7.57799,7.62359,7.68312,7.73816,7.77576,7.85401,-9999,-9999
20120913,22.775,1.0,18.575,2.484,1.0,26.329,6.061,1.0,21.025,17.019,3.119,24.414,5.306,22.775,1.0,18.575,2.484,1.0,26.329,6.061,1.0,367.517,248.75,1.0,258.236,248.75,1.0,359.14,0.9375,362.79,360.319,0.9375,384.182,1.0,367.276,384.182,1.0,15.353,1.0,11.052,15.353,1.0,101.757,101.689,1.0,0.0,0.0,0.0,2.498,1.854,1.0,0.273208333333,1.0,61.824483871,0.645833333333,476.18925,1.0,29.7212083333,1.0,44.2896666667,1.0,-9999,0.0,402.288,1.0,22.899,1.0,19.299,1.0,6.18475,1.0,76.1476,0.9375,114.825,112.081,118.493,2.42042,5.33451,8.8929,1.0,13.4099,13.0893,13.8382,2.24013,2.3079,8.0,1,22,26,22,26,0.222053,0.916667,0.207562,0.389693,0.198849,0.895833,0.205159,0.388419,0.487039,0.934375,0.0483992,0.207287,0.219425,0.242798,0.269322,0.654305,0.879058,1.01346,0.916667,0.9375,0.9375,0.9375,0.9375,0.895833,0.916667,7.7016,1.50142,1.0,0.230172,0.280666,-6.1217,7.89375,0.846154,0.313722,0.550037,7.70103,1.50112,1.0,0.230716,0.281112,-6.1625,7.90555,0.807692,0.308388,0.547012,7.55974,7.67509,7.68251,7.69403,7.95402,7.9963,8.00099,1.0,1.0,1.0,1.0,1.0,1.0,1.0,-6.14156,-6.07004,-6.02972,-6.01517,-5.60207,-5.16645,-4.79065,0.846154,0.884615,0.884615,0.884615,0.884615,0.807692,0.846154,9.18243,9.13492,9.02623,0.0216361,8.74768,8.9342,8.95069,8.99719,9.13462,9.16307,9.22666,8.90094,8.93607,8.53788,0.045957,8.0045,8.10089,8.34557,8.64557,8.69103,8.7663,8.92303,6.96903,7.16949,7.11671,0.0644346,6.42929,6.72394,6.92132,7.1404,7.29891,7.36836,7.60561,7.21244,7.18651,7.14088,0.0290634,6.86099,6.9045,7.01522,7.14923,7.22021,7.26622,7.51359,-9999,-9999
20120914,20.501,1.0,17.074,1.499,1.0,23.4,4.715,1.0,20.281,16.549,2.169,23.439,5.226,20.501,1.0,17.074,1.499,1.0,23.4,4.715,1.0,364.972,256.919,1.0,259.683,256.919,1.0,355.288,1.0,353.205,355.288,1.0,363.595,1.0,356.105,363.595,1.0,11.807,1.0,10.915,11.807,1.0,101.78,101.669,1.0,0.0,0.0,0.0,2.405,2.624,1.0,0.406458333333,1.0,143.345604167,1.0,492.19125,1.0,31.9847083333,1.0,47.7470208333,1.0,419.498208333,1.0,388.172,1.0,22.455,1.0,19.259,1.0,3.21252,1.0,69.5716,1.0,105.983,102.401,108.26,2.20553,4.87117,26.414,1.0,40.2383,38.8784,41.1029,2.54286,3.03073,8.0,1,22,26,22,26,0.452883,1.0,0.215275,0.228618,0.45841,1.0,0.21496,0.228321,0.368098,0.995833,0.0121995,0.30231,0.30231,0.30231,0.35725,0.425251,0.456231,0.478933,1.0,1.0,1.0,1.0,1.0,1.0,0.979167,7.8968,0.920326,1.0,0.247404,0.28748,-5.87621,7.31909,1.0,0.320704,0.368123,7.89753,0.919544,1.0,0.246631,0.286815,-5.86699,7.33458,1.0,0.320463,0.367912,7.58102,7.59015,7.74012,7.88297,7.88297,7.88297,7.89698,1.0,1.0,1.0,1.0,1.0,1.0,1.0,-6.13238,-6.13238,-6.13238,-6.02638,-5.82247,-5.77093,-5.56684,1.0,1.0,1.0,1.0,1.0,0.961538,0.961538,8.60081,8.57104,8.48242,0.0167214,8.26753,8.40886,8.41826,8.46366,8.56424,8.58794,8.63089,8.14458,8.11263,8.11418,0.0128771,7.9051,8.03111,8.08531,8.11595,8.16332,8.19069,8.22912,5.71111,5.42543,6.20017,0.0927328,5.49644,5.69522,5.76889,5.91962,6.45229,6.76733,7.2973,6.94264,6.71029,7.08975,0.0576119,6.70161,6.79202,6.816,6.93811,7.12331,7.53053,7.83841,-9999,-9999
20120915,20.238,1.0,15.762,2.139,1.0,24.025,5.802,1.0,20.062,16.175,2.682,23.35,5.507,20.238,1.0,15.762,2.139,1.0,24.025,5.802,1.0,362.41,264.142,1.0,262.717,264.142,1.0,325.631,1.0,342.928,325.631,1.0,355.771,1.0,344.126,355.771,1.0,13.441,1.0,12.615,13.441,1.0,101.75,101.67,1.0,0.0,0.0,0.0,2.283,2.05,1.0,0.2989375,1.0,142.880041667,1.0,498.7119375,1.0,32.7146041667,1.0,49.2589791667,1.0,396.96272973,0.770833333333,393.897,1.0,21.54,1.0,19.224,1.0,1.9404,1.0,69.3803,1.0,105.692,102.12,107.963,2.52479,5.01347,26.3742,1.0,40.1778,38.8198,41.041,2.66467,3.13232,8.0,1,22,26,22,26,0.352341,1.0,0.200561,0.262603,0.390489,1.0,0.197599,0.260348,0.389513,0.973438,0.0272077,0.129554,0.243527,0.254655,0.352341,0.511182,0.582559,0.614627,1.0,1.0,1.0,1.0,0.9375,0.958333,0.9375,7.15018,0.585699,1.0,0.226739,0.263272,-5.42332,6.84341,1.0,0.300835,0.356766,7.15252,0.588268,1.0,0.228154,0.264492,-5.35744,6.9517,1.0,0.293783,0.35084,6.74846,6.92687,6.93069,7.11774,7.1843,7.19447,7.22981,1.0,1.0,1.0,1.0,1.0,1.0,1.0,-5.47976,-5.42891,-5.42356,-5.38882,-5.17827,-5.04535,-5.02637,1.0,1.0,1.0,1.0,0.846154,0.884615,0.923077,8.45762,8.43085,8.3438,0.0137591,8.18804,8.28144,8.29386,8.31803,8.4132,8.43586,8.47585,8.06939,8.04036,7.95429,0.0232057,7.71875,7.73533,7.7988,8.03642,8.04802,8.06222,8.09081,5.19239,4.9566,5.81849,0.106538,5.01975,5.12867,5.36297,5.62019,6.33014,6.604,7.16735,6.7711,6.44532,6.82649,0.0573178,6.42458,6.49509,6.53566,6.75813,6.79557,7.22478,7.60446,-9999,-9999
20120916,19.676,1.0,14.593,2.912,1.0,23.977,6.213,1.0,19.417,15.411,2.23,22.806,5.352,19.676,1.0,14.593,2.912,1.0,23.977,6.213,1.0,359.833,253.598,1.0,258.732,253.598,1.0,338.518,0.979167,341.248,338.634,0.979167,351.324,1.0,342.167,351.324,1.0,13.884,1.0,11.736,13.884,1.0,101.613,101.546,1.0,0.0,0.0,0.0,2.397,1.669,1.0,0.2415625,1.0,-9999,0.0,479.501166667,1.0,30.982375,1.0,46.612,1.0,-9999,0.0,400.208,1.0,20.268,1.0,19.178,1.0,0.824333,1.0,71.9311,1.0,109.578,105.874,120.465,2.36552,11.0717,26.5692,1.0,40.4747,39.1067,44.4962,2.66888,4.80457,8.0,1,22,26,22,26,0.235768,0.979167,0.184996,0.227789,0.244907,1.0,0.185113,0.227884,0.357464,0.975,0.0212503,0.243952,0.253191,0.279586,0.302128,0.339842,0.519005,0.578779,1.0,1.0,1.0,1.0,1.0,0.9375,0.979167,6.89201,0.71808,1.0,0.208679,0.21119,-5.41226,6.94722,0.961538,0.277739,0.355195,6.90983,0.721195,1.0,0.211224,0.213705,-5.41108,6.98752,1.0,0.276604,0.354309,6.80966,6.82502,6.83504,6.85218,6.88189,6.88996,6.9107,1.0,1.0,1.0,1.0,1.0,1.0,1.0,-5.37039,-5.33526,-5.28972,-5.25476,-5.2134,-4.89243,-4.78038,0.923077,1.0,0.923077,1.0,0.884615,0.884615,0.961538,8.25027,8.22812,8.14506,0.0113326,8.04012,8.08191,8.09849,8.11698,8.21042,8.22664,8.25951,7.98804,7.98321,7.78779,0.0265382,7.51589,7.59453,7.73465,7.77714,7.93839,7.956,7.98621,4.9601,5.29512,5.51179,0.0870911,4.5147,4.99717,5.16426,5.26198,5.85498,6.17375,6.35269,6.38881,6.08718,6.03402,0.0350754,5.61695,5.8097,5.87624,5.95582,6.19152,6.3542,6.37906,-9999,-9999
20120917,17.443,1.0,14.003,1.716,1.0,20.354,4.27,1.0,18.189,14.428,1.899,21.372,4.766,17.443,1.0,14.003,1.716,1.0,20.354,4.27,1.0,357.241,258.244,1.0,257.424,258.244,1.0,330.526,0.895833,337.154,329.907,0.895833,345.293,1.0,337.396,345.293,1.0,8.619,1.0,10.065,8.619,1.0,101.6,101.546,1.0,0.0,0.0,0.0,2.519,3.991,1.0,0.610291666667,1.0,-9999,0.0,498.278395833,1.0,34.3452083333,1.0,49.7400416667,1.0,-9999,0.0,383.73,1.0,20.199,1.0,19.137,1.0,0.0200417,1.0,51.4057,1.0,77.7661,75.6633,78.7278,1.70089,2.83791,39.476,1.0,59.7189,58.1041,60.4574,2.71898,3.23051,9.0,1,22,26,22,26,0.883037,1.0,0.177305,0.17739,0.883037,1.0,0.179104,0.179189,0.878707,1.0,0.000858662,0.869797,0.872056,0.872338,0.883037,0.883037,0.883037,0.883037,1.0,1.0,1.0,1.0,1.0,1.0,1.0,6.69667,1.22614,1.0,0.203871,0.204197,-4.09546,6.39197,1.0,0.264082,0.264082,6.69667,1.22614,1.0,0.203924,0.20425,-4.09546,6.39197,1.0,0.267869,0.267869,6.66884,6.67358,6.67418,6.69667,6.69667,6.69667,6.69667,1.0,1.0,1.0,1.0,1.0,1.0,1.0,-4.09546,-4.09546,-4.09546,-4.09546,-4.09546,-4.09546,-4.09546,1.0,1.0,1.0,1.0,1.0,1.0,1.0,7.63132,7.62839,7.57638,0.00928322,7.47321,7.50205,7.53371,7.59616,7.6177,7.6324,7.64993,6.74829,6.74535,6.69767,0.0098241,6.59018,6.61901,6.65067,6.71574,6.74702,6.75748,6.77874,4.89749,5.243,5.22462,0.061537,4.5515,4.90575,4.941,5.09732,5.57891,5.73143,5.77,6.30918,6.03181,5.84662,0.0338783,5.53742,5.70592,5.72564,5.76083,5.96084,6.09534,6.2965,-9999,-9999
20120918,16.91,1.0,13.838,2.426,1.0,19.509,4.728,1.0,17.296,13.639,2.322,20.39,4.967,16.91,1.0,13.838,2.426,1.0,19.509,4.728,1.0,354.636,257.006,1.0,257.364,257.006,1.0,333.752,0.854167,331.699,332.928,0.854167,331.08,1.0,331.037,331.08,1.0,8.736,1.0,9.9,8.736,1.0,101.77,101.702,1.0,0.0,0.0,0.0,2.705,3.771,1.0,0.571979166667,1.0,-9999,0.0,493.4204375,1.0,34.2251458333,1.0,49.6894583333,1.0,-9999,0.0,383.129,1.0,19.61,1.0,19.111,1.0,-0.274458,1.0,47.0747,1.0,71.7122,69.2885,74.6489,1.51872,4.25395,34.1309,1.0,51.9941,50.2368,54.1233,2.70673,3.95306,10.0,1,22,26,22,26,1.23654,1.0,0.176295,0.176646,1.23654,1.0,0.17809,0.178437,1.23445,0.998958,0.00215485,1.21365,1.21429,1.23654,1.23654,1.23654,1.23654,1.23654,1.0,1.0,1.0,1.0,1.0,1.0,1.0,6.52489,0.937994,1.0,0.213944,0.215262,-3.3212,5.49776,1.0,0.256117,0.256117,6.52489,0.937994,1.0,0.214623,0.215937,-3.3212,5.49776,1.0,0.259617,0.259617,6.47596,6.47733,6.52489,6.52489,6.52489,6.52489,6.52489,1.0,1.0,1.0,1.0,1.0,1.0,1.0,-3.3212,-3.3212,-3.3212,-3.3212,-3.3212,-3.3212,-3.3212,1.0,1.0,1.0,1.0,1.0,1.0,1.0,7.35784,7.36489,7.3315,0.009468,7.2262,7.24033,7.29512,7.35184,7.37518,7.38321,7.40186,6.1213,6.12835,6.09706,0.009875,5.98966,6.00379,6.05858,6.11268,6.13864,6.16794,6.17588,5.61863,5.52169,5.61902,0.0408078,5.22188,5.29703,5.36287,5.61072,5.82725,5.91813,6.01659,6.11435,5.86084,5.85383,0.0244551,5.65044,5.69581,5.72166,5.86087,5.9642,6.00882,6.11435,-9999,-9999
20120919,17.805,1.0,14.411,1.153,1.0,20.678,4.329,1.0,17.006,13.32,2.202,20.125,4.621,17.805,1.0,14.411,1.153,1.0,20.678,4.329,1.0,352.017,257.01,1.0,257.023,257.01,1.0,339.798,0.979167,327.65,339.176,0.979167,334.167,1.0,326.318,334.167,1.0,9.288,1.0,9.204,9.288,1.0,101.794,101.725,1.0,0.0,0.0,0.0,2.99,2.794,1.0,0.4326875,1.0,-9999,0.0,489.403208333,1.0,34.1327708333,1.0,49.7645,1.0,-9999,0.0,383.431,1.0,19.897,1.0,19.092,1.0,0.661042,1.0,50.6721,1.0,77.1924,74.5835,80.3535,1.73391,4.61535,33.2761,1.0,50.6918,48.9785,52.7677,2.69582,3.89322,11.0,1,22,26,22,26,0.931836,1.0,0.176769,0.229889,0.933805,1.0,0.17758,0.230513,0.912144,0.998437,0.0169511,0.745571,0.746533,0.82988,0.920782,0.996408,1.04048,1.05473,1.0,1.0,1.0,1.0,1.0,1.0,1.0,6.50698,0.663477,1.0,0.203645,0.310472,-3.84813,5.98776,1.0,0.263067,0.272951,6.50634,0.662379,1.0,0.203892,0.310634,-3.84408,5.99455,1.0,0.264655,0.274481,6.24377,6.2455,6.41811,6.49633,6.60065,6.7142,6.72571,1.0,1.0,1.0,1.0,1.0,1.0,1.0,-3.9568,-3.95654,-3.95432,-3.85878,-3.81252,-3.81097,-3.80811,1.0,1.0,1.0,1.0,1.0,1.0,1.0,7.3956,7.40606,7.39469,0.0131309,7.26216,7.27442,7.34459,7.4025,7.43096,7.46554,7.56583,6.46075,6.47225,6.48239,0.00765235,6.37818,6.42711,6.46075,6.4869,6.5165,6.52619,6.54136,6.45077,6.2233,6.10232,0.0878452,4.98253,5.4074,5.69404,6.23515,6.55052,6.59666,6.73016,6.17595,6.02212,5.95243,0.0467612,5.31576,5.57038,5.77897,6.02582,6.18167,6.20149,6.26169,-9999,-9999
20120920,18.792,1.0,15.254,1.984,1.0,21.785,4.868,1.0,17.201,13.639,2.703,20.214,4.721,18.792,1.0,15.254,1.984,1.0,21.785,4.868,1.0,349.384,253.254,1.0,252.329,253.254,1.0,345.363,1.0,332.235,345.363,1.0,331.849,1.0,331.662,331.849,1.0,11.458,1.0,9.155,11.458,1.0,101.649,101.596,1.0,0.0,0.0,0.0,3.232,2.56,1.0,0.387354166667,1.0,-9999,0.0,480.152020833,1.0,33.7724583333,1.0,48.7259375,1.0,-9999,0.0,388.545,1.0,20.412,1.0,19.072,1.0,2.2105,1.0,55.7992,1.0,85.003,82.13,88.4839,2.06459,5.14268,24.9909,1.0,38.0705,36.7838,39.6295,2.72886,3.44916,12.0,1,22,26,22,26,1.03414,1.0,0.192701,0.225034,1.04866,1.0,0.194652,0.226707,1.08057,0.998437,0.016241,0.987246,0.987246,0.987246,1.00962,1.17534,1.21968,1.22913,1.0,1.0,1.0,1.0,1.0,1.0,1.0,6.56621,0.879071,1.0,0.215682,0.296525,-3.71625,5.65266,1.0,0.290209,0.293668,6.57791,0.898205,1.0,0.220259,0.299871,-3.70032,5.6761,1.0,0.291863,0.295303,6.49583,6.49583,6.49583,6.49583,6.79658,6.90281,6.9434,1.0,1.0,1.0,1.0,1.0,1.0,1.0,-3.74012,-3.74012,-3.74012,-3.71625,-3.65997,-3.65023,-3.63498,1.0,1.0,1.0,1.0,1.0,1.0,1.0,7.45376,7.47376,7.47741,0.0175129,7.32022,7.33418,7.4063,7.46955,7.52462,7.5494,7.74831,6.41937,6.42511,6.39667,0.0122099,6.24356,6.33033,6.33998,6.37897,6.45355,6.49192,6.51917,7.13636,7.08181,6.39572,0.175144,3.70424,4.82093,6.1476,7.04128,7.1329,7.19989,7.33122,6.42495,6.44692,6.06485,0.095346,4.59985,5.15483,5.94874,6.4147,6.49196,6.51046,6.56622,-9999,-9999
20120921,20.386,1.0,16.441,1.938,1.0,23.724,5.35,1.0,18.756,15.076,2.838,21.87,5.238,20.386,1.0,16.441,1.938,1.0,23.724,5.35,1.0,346.739,231.074,1.0,241.497,231.074,1.0,355.567,1.0,338.865,355.567,1.0,343.629,1.0,339.389,343.629,1.0,14.205,1.0,10.91,14.205,1.0,101.387,101.356,1.0,0.0,0.0,0.0,2.543,1.884,1.0,0.278208333333,1.0,121.0499375,1.0,440.325375,1.0,29.8875833333,1.0,42.7716041667,1.0,420.891375,1.0,398.972,1.0,21.019,1.0,19.054,1.0,3.5015,1.0,60.0885,1.0,91.5372,88.4434,95.2857,2.40874,5.61502,17.0748,1.0,26.0112,25.1321,27.0764,2.62278,2.99271,12.0,1,22,26,22,26,0.49955,0.958333,0.209904,0.392977,0.537769,0.958333,0.210738,0.393423,0.774984,0.973958,0.0461064,0.479885,0.483732,0.529566,0.550736,1.05578,1.14818,1.16857,1.0,1.0,0.979167,1.0,0.958333,0.895833,0.916667,6.47694,0.899344,1.0,0.214407,0.320566,-4.59177,6.55191,0.923077,0.326396,0.501264,6.48395,0.902456,1.0,0.21771,0.322784,-4.5297,6.65355,0.923077,0.326531,0.501352,6.44539,6.44954,6.47642,6.5232,6.79223,6.92617,6.9804,1.0,1.0,1.0,1.0,1.0,1.0,1.0,-4.60007,-4.59876,-4.55038,-4.53564,-3.85522,-3.83789,-3.80875,1.0,1.0,0.961538,1.0,0.923077,0.923077,0.923077,7.62621,7.65498,7.67083,0.022283,7.49365,7.50406,7.57465,7.65327,7.72632,7.75261,8.04183,7.08671,7.11721,6.8957,0.0358246,6.47286,6.63257,6.66506,7.01276,7.08693,7.09324,7.1747,7.79498,7.81876,6.90724,0.212472,3.73411,4.7898,6.73222,7.50154,7.7797,7.80302,7.89258,6.23139,6.36294,5.86778,0.113036,4.22957,4.75039,5.75234,6.2109,6.36274,6.38713,6.41952,-9999,-9999
20120922,20.934,1.0,16.415,3.545,1.0,25.092,6.426,1.0,20.175,16.831,2.659,23.251,5.771,20.934,1.0,16.415,3.545,1.0,25.092,6.426,1.0,344.084,244.934,1.0,248.154,244.934,1.0,359.004,1.0,341.172,359.004,1.0,345.633,1.0,342.079,345.633,1.0,15.135,1.0,12.735,15.135,1.0,101.269,101.256,1.0,0.0,0.0,0.0,1.884,1.267,1.0,0.152979166667,1.0,136.807979167,1.0,463.847,1.0,32.0355625,1.0,45.49675,1.0,420.148,1.0,422.966,1.0,20.474,1.0,19.039,1.0,1.99844,1.0,59.4149,1.0,90.7313,87.8828,94.2175,2.19424,5.18322,31.7258,1.0,48.4477,46.9268,50.3093,2.81707,3.77136,12.0,1,23,25,23,25,0.827294,0.958333,0.188983,0.285644,0.860166,0.958333,0.188606,0.285395,0.929047,0.941146,0.0298562,0.719739,0.73355,0.856661,0.882465,0.921545,1.16193,1.34298,0.9375,0.9375,0.9375,0.958333,0.958333,0.895833,0.916667,6.53379,0.266744,1.0,0.196945,0.358042,-4.48042,5.64205,0.92,0.29905,0.354949,6.58467,0.36174,1.0,0.197358,0.358269,-4.46641,5.65877,0.92,0.298002,0.354067,6.18192,6.20038,6.47229,6.59436,6.78506,6.7984,6.83646,1.0,1.0,1.0,1.0,0.913043,0.913043,0.913043,-4.64082,-4.59066,-4.54934,-4.35949,-4.33696,-4.20826,-3.79816,0.96,0.96,0.96,0.88,0.92,0.88,0.88,7.57539,7.61787,7.65224,0.0274962,7.4506,7.4601,7.53894,7.62759,7.71138,7.75169,8.13309,6.72381,6.7577,6.72321,0.0169944,6.58115,6.63944,6.70363,6.73487,6.78841,6.7953,6.84345,8.06217,8.08836,7.33347,0.193661,4.50468,5.20436,7.06472,7.77486,8.07369,8.11945,8.42183,6.51644,6.70847,6.28833,0.103669,4.63526,5.29338,6.14055,6.51644,6.72724,6.74616,6.76197,-9999,-9999
20120923,20.518,1.0,15.595,2.864,1.0,25.047,6.218,1.0,19.611,15.978,2.029,22.953,5.044,20.518,1.0,15.595,2.864,1.0,25.047,6.218,1.0,341.417,210.605,1.0,207.913,210.605,1.0,355.567,1.0,348.581,355.567,1.0,347.737,1.0,350.715,347.737,1.0,15.008,1.0,11.071,15.008,1.0,101.35,101.309,1.0,0.0,0.0,0.0,2.356,1.322,1.0,0.171854166667,1.0,107.030416667,1.0,393.357020833,1.0,28.9867916667,1.0,41.0559375,1.0,416.535583333,1.0,434.588,1.0,20.091,1.0,19.028,1.0,0.761146,1.0,55.6711,1.0,85.0141,83.211,88.2807,2.14288,4.32611,7.78351,1.0,11.886,11.6339,12.3427,2.61338,2.66568,12.0,1,23,25,23,25,1.34436,1.0,0.187951,0.35635,1.37718,1.0,0.188212,0.356487,1.37209,0.953125,0.0481224,0.982628,0.996374,1.20915,1.34098,1.58916,1.60188,1.8235,1.0,1.0,1.0,0.833333,0.9375,0.9375,0.875,6.40984,0.420766,1.0,0.200993,0.334537,-3.40972,5.17883,1.0,0.294509,0.464267,6.41346,0.418677,1.0,0.20146,0.334817,-3.35231,5.23812,1.0,0.294809,0.464457,6.17368,6.19212,6.25529,6.4158,6.63638,6.72698,6.77576,1.0,1.0,1.0,1.0,1.0,1.0,1.0,-3.87356,-3.83964,-3.62439,-3.48398,-3.15054,-3.12185,-2.85987,1.0,1.0,0.68,0.6,0.88,0.88,0.76,7.3447,7.40504,7.46285,0.0328325,7.23679,7.25137,7.33063,7.43061,7.51876,7.56374,8.05621,5.90287,6.02785,6.09036,0.0323022,5.77395,5.86013,5.91475,6.14028,6.24714,6.25961,6.31176,7.89998,7.95669,7.37326,0.157001,4.99779,5.79376,7.21809,7.79554,7.90744,7.94336,8.47112,5.96831,6.19546,5.8556,0.0895717,4.30952,5.03558,5.74882,5.99531,6.21221,6.21557,6.24055,-9999,-9999
20120924,18.631,1.0,14.91,2.811,1.0,22.352,4.887,1.0,18.46,15.427,2.777,21.492,4.673,18.631,1.0,14.91,2.811,1.0,22.352,4.887,1.0,338.74,241.762,1.0,239.945,241.762,1.0,342.866,1.0,342.133,342.866,1.0,349.0,1.0,343.199,349.0,1.0,10.398,1.0,9.742,10.398,1.0,101.299,101.276,1.0,0.0,0.0,0.0,2.255,2.037,1.0,0.298354166667,1.0,122.988229167,1.0,457.728145833,1.0,32.5760625,1.0,46.4803125,1.0,413.319479167,1.0,398.359,1.0,19.959,1.0,19.017,1.0,1.54588,1.0,48.7678,1.0,74.4722,72.8927,81.0813,1.72463,6.31039,31.5092,1.0,48.117,47.0965,52.3872,2.82967,4.8362,12.0,1,24,24,24,24,1.0705,1.0,0.164813,0.255111,1.12599,1.0,0.165018,0.255243,1.09993,0.986458,0.025632,0.8668,0.870426,0.884458,1.11382,1.23663,1.25988,1.31831,1.0,1.0,1.0,1.0,0.916667,0.979167,0.979167,6.12904,0.680558,1.0,0.183485,0.415469,-4.06587,4.97773,1.0,0.259287,0.270213,6.23598,0.799647,1.0,0.188059,0.417509,-4.06587,4.97773,1.0,0.256479,0.26752,5.73645,5.74344,5.77048,6.21254,6.40616,6.48895,6.54569,1.0,1.0,1.0,1.0,1.0,1.0,1.0,-4.18323,-4.14467,-4.06587,-4.06587,-4.06587,-3.99254,-3.86185,0.833333,0.916667,1.0,1.0,1.0,0.958333,0.958333,6.87468,6.95707,7.0215,0.037609,6.77864,6.79079,6.87445,6.96933,7.07145,7.15674,7.71545,5.80437,5.83108,5.92154,0.0303304,5.69302,5.70945,5.80437,5.91771,5.98155,5.99215,6.46256,7.15541,7.2451,6.91459,0.100769,5.26819,6.57282,6.92338,7.07719,7.19203,7.25581,7.41102,6.21717,6.40518,6.23578,0.0645252,4.89644,6.04711,6.23422,6.34841,6.40146,6.43586,6.46418,-9999,-9999
20120925,20.08,1.0,15.793,2.547,1.0,24.367,4.535,1.0,19.726,16.106,2.389,23.346,5.537,20.08,1.0,15.793,2.547,1.0,24.367,4.535,1.0,336.053,227.683,1.0,239.547,227.683,1.0,351.616,1.0,343.375,351.616,1.0,365.613,1.0,344.647,365.613,1.0,11.953,1.0,11.458,11.953,1.0,101.132,101.115,1.0,0.0,0.0,0.0,2.398,1.896,1.0,0.288645833333,1.0,112.8165,1.0,420.621229167,1.0,30.6959791667,1.0,44.6344166667,1.0,420.003166667,1.0,401.014,1.0,20.847,1.0,19.019,1.0,2.90654,1.0,53.5429,1.0,81.7642,80.03,89.0205,1.94312,6.942,15.7679,1.0,24.0788,23.5681,26.2157,2.84846,3.45915,13.0,1,24,24,24,24,0.820121,1.0,0.17244,0.365958,0.789473,1.0,0.182215,0.370665,0.868478,0.973958,0.0435854,0.547277,0.62312,0.626951,0.785491,0.952548,1.26869,1.4205,1.0,1.0,1.0,1.0,0.958333,0.916667,0.895833,6.39369,0.395705,1.0,0.18459,0.328742,-4.81308,5.62583,1.0,0.276365,0.456028,6.32284,0.563607,1.0,0.18684,0.330011,-4.80129,5.64832,1.0,0.297355,0.469045,5.93606,6.05689,6.08498,6.31517,6.48219,6.60094,6.68022,1.0,1.0,1.0,1.0,1.0,1.0,1.0,-4.8813,-4.8813,-4.8813,-4.80129,-4.6457,-4.15581,-3.9425,1.0,1.0,1.0,1.0,0.916667,0.833333,0.791667,7.10585,7.16336,7.2169,0.0397618,6.98486,6.99339,7.07844,7.16451,7.23915,7.30875,7.98417,6.28861,6.37389,6.34832,0.0246294,6.03487,6.14027,6.28861,6.36403,6.46862,6.48041,6.51871,7.15545,7.30498,6.99014,0.0639062,5.99174,6.74134,6.96185,7.06664,7.21315,7.28727,7.45224,5.80686,6.03613,5.87274,0.0489806,4.84481,5.80686,5.87196,5.93739,6.03037,6.07722,6.10301,-9999,-9999
20120926,18.775,1.0,14.817,2.51,1.0,22.733,5.285,1.0,18.365,14.951,2.446,21.778,4.831,18.775,1.0,14.817,2.51,1.0,22.733,5.285,1.0,333.358,229.281,1.0,236.208,229.281,1.0,350.694,1.0,339.807,350.694,1.0,359.8,1.0,340.488,359.8,1.0,9.823,1.0,9.613,9.823,1.0,101.13,101.106,1.0,0.0,0.0,0.0,2.477,1.528,1.0,0.2110625,1.0,120.886604167,1.0,430.107145833,1.0,31.3195416667,1.0,44.0047708333,1.0,413.506541667,1.0,405.942,1.0,20.12,1.0,19.022,1.0,1.03833,1.0,43.1572,1.0,66.1861,64.5067,71.7532,1.8788,5.69088,35.3248,1.0,54.1744,52.7997,58.7311,2.71323,5.16665,14.0,1,24,24,24,24,1.03432,1.0,0.163205,0.22143,1.1121,1.0,0.1803,0.234315,1.15301,0.969271,0.0197187,1.0027,1.013,1.06208,1.13848,1.20172,1.3123,1.37268,1.0,1.0,0.979167,1.0,1.0,0.9375,0.854167,6.21583,0.276133,1.0,0.184221,0.226963,-4.22239,5.17228,1.0,0.254953,0.318041,6.21887,0.284344,1.0,0.187152,0.229348,-4.07553,5.07212,1.0,0.292787,0.349104,6.10131,6.10593,6.21583,6.28433,6.31634,6.37107,6.40625,1.0,1.0,1.0,1.0,1.0,1.0,0.916667,-4.26848,-4.22092,-4.1524,-4.06651,-4.01928,-3.84067,-3.76069,0.958333,0.958333,1.0,1.0,0.958333,0.875,0.791667,6.82277,6.8608,6.92505,0.0404862,6.71264,6.72074,6.78771,6.8692,6.96669,6.97197,7.74039,5.83347,5.7487,5.77037,0.0304156,5.58415,5.65409,5.67687,5.71663,5.76966,5.86633,6.31271,6.94745,7.30076,6.723,0.0456199,6.26747,6.39159,6.51344,6.71624,6.80065,6.94745,7.31836,5.64563,5.97582,5.69556,0.039189,5.00845,5.41527,5.62364,5.75836,5.78451,5.92467,5.98798,-9999,-9999
20120927,21.301,1.0,16.715,4.091,1.0,25.887,6.63,1.0,19.995,16.628,3.35,23.361,5.426,21.301,1.0,16.715,4.091,1.0,25.887,6.63,1.0,330.655,229.589,1.0,229.117,229.589,1.0,363.354,1.0,349.89,363.354,1.0,373.785,1.0,352.241,373.785,1.0,13.598,1.0,10.726,13.598,1.0,101.206,101.155,1.0,0.0,0.0,0.0,1.92,1.678,1.0,0.218104166667,1.0,121.452354167,1.0,433.098395833,1.0,31.0701041667,1.0,43.4471458333,1.0,426.467666667,1.0,411.275,1.0,21.178,1.0,19.03,1.0,3.9776,1.0,55.0548,1.0,84.4323,82.2899,92.2019,2.05936,7.63082,26.1234,1.0,40.063,39.0465,43.7497,3.08939,4.6583,15.0,1,24,24,24,24,1.47554,0.958333,0.176054,0.250373,1.49089,0.979167,0.174219,0.249087,1.4417,0.929167,0.0239503,1.21907,1.241,1.27284,1.45296,1.57372,1.59705,1.61119,0.916667,0.9375,0.770833,1.0,1.0,1.0,1.0,6.32866,0.881377,1.0,0.196346,0.213117,-3.48487,4.67421,0.916667,0.276727,0.481487,6.34245,0.859578,1.0,0.198138,0.214769,-3.46908,4.71381,0.958333,0.271079,0.478264,6.07095,6.28169,6.31248,6.3654,6.42445,6.44743,6.47232,1.0,1.0,1.0,1.0,1.0,1.0,1.0,-4.10958,-4.06974,-3.9645,-3.43144,-3.28265,-3.2817,-3.27068,0.75,0.833333,0.875,0.958333,1.0,1.0,1.0,7.24624,7.24887,7.30892,0.0437598,7.10456,7.12549,7.16856,7.24624,7.34959,7.37254,8.19694,5.80469,5.75799,5.86789,0.0501199,5.55082,5.58219,5.5965,5.76252,6.03586,6.11401,6.53772,7.06675,7.53563,7.01987,0.0370315,6.7373,6.81912,6.85926,6.9754,7.0559,7.25869,7.52525,5.53448,5.79905,5.49578,0.0351179,5.02281,5.1478,5.35406,5.55964,5.62132,5.64187,5.79522,-9999,-9999
20120928,18.796,1.0,16.477,1.712,1.0,21.116,3.32,1.0,19.202,15.658,2.147,22.746,5.036,18.796,1.0,16.477,1.712,1.0,21.116,3.32,1.0,327.945,230.041,1.0,224.188,230.041,1.0,350.776,1.0,352.094,350.776,1.0,355.823,1.0,354.809,355.823,1.0,9.114,1.0,9.051,9.114,1.0,101.294,101.184,1.0,0.0,0.0,0.0,2.331,3.158,1.0,0.4738125,1.0,118.50975,1.0,442.688625,1.0,34.0265,1.0,45.8873333333,1.0,414.740354167,1.0,395.023,1.0,20.683,1.0,19.045,1.0,0.563958,1.0,37.1596,1.0,58.926,56.2148,62.2323,2.14673,4.95041,33.7809,1.0,53.5683,51.1035,56.5739,2.8279,4.94381,15.0,1,24,24,24,24,1.52023,1.0,0.230524,0.233468,1.52777,1.0,0.231005,0.233943,1.51832,0.998437,0.00879324,1.47249,1.47263,1.47508,1.5162,1.53959,1.54655,1.63353,1.0,1.0,1.0,1.0,1.0,1.0,1.0,5.89621,0.724236,1.0,0.195097,0.195732,-2.96628,4.22757,1.0,0.39916,0.405824,5.91074,0.719947,1.0,0.200762,0.201379,-2.96628,4.22757,1.0,0.397379,0.404073,5.85313,5.87505,5.88124,5.89412,5.9027,5.90656,6.00538,1.0,1.0,1.0,1.0,1.0,1.0,1.0,-3.05428,-3.05428,-3.05428,-2.96628,-2.9078,-2.9078,-2.85708,1.0,1.0,1.0,1.0,1.0,1.0,1.0,6.75498,6.74892,6.78404,0.0249809,6.63067,6.64454,6.68349,6.75082,6.83116,6.88344,7.21708,5.23584,5.22115,5.2657,0.0202328,5.08327,5.16935,5.20848,5.23038,5.30406,5.36878,5.58355,6.37715,6.93333,6.64107,0.0343615,6.30533,6.4008,6.48371,6.657,6.75098,6.8149,6.93265,5.46993,5.4897,5.28946,0.0227878,5.00369,5.0848,5.18753,5.30018,5.40672,5.46096,5.47033,-9999,-9999
20120929,20.305,1.0,16.798,3.636,1.0,23.812,6.361,1.0,19.951,16.761,3.48,23.14,5.545,20.305,1.0,16.798,3.636,1.0,23.812,6.361,1.0,325.228,226.901,1.0,229.772,226.901,1.0,356.982,1.0,346.152,356.982,1.0,365.521,1.0,347.884,365.521,1.0,12.192,1.0,11.86,12.192,1.0,101.582,101.53,1.0,0.0,0.0,0.0,2.462,1.856,1.0,0.2708125,1.0,115.6733125,1.0,429.732270833,1.0,32.3773541667,1.0,43.7243541667,1.0,422.82025,1.0,396.731,1.0,21.089,1.0,19.045,1.0,3.36198,1.0,48.1044,1.0,77.8715,72.772,80.5619,2.00854,6.11392,25.1291,1.0,40.6791,38.0152,42.0845,2.9809,4.24092,15.0,1,24,24,24,24,1.54611,1.0,0.191553,0.193456,1.59734,1.0,0.190285,0.192201,1.61022,0.984896,0.0247309,1.45996,1.54611,1.55776,1.56453,1.58047,1.60026,1.872,1.0,1.0,0.979167,1.0,1.0,0.979167,0.9375,6.34265,0.935492,1.0,0.183966,0.205008,-3.36284,4.89353,1.0,0.320076,0.34333,6.3436,0.928654,1.0,0.183037,0.204175,-3.26506,4.84882,1.0,0.317793,0.341202,6.02642,6.12798,6.17006,6.24787,6.2636,6.30891,6.3443,1.0,1.0,1.0,1.0,1.0,1.0,1.0,-3.36284,-3.27416,-3.25757,-3.24515,-3.16503,-3.02575,-2.52009,1.0,1.0,0.958333,0.958333,0.958333,0.916667,0.875,6.95809,6.93572,6.94335,0.0178717,6.82138,6.83231,6.86784,6.92241,7.01653,7.08575,7.12859,5.53253,5.33838,5.33259,0.0262771,4.97391,5.26756,5.28112,5.30842,5.3904,5.50103,5.53253,5.92416,6.40321,6.52266,0.0626996,5.92416,6.07242,6.12646,6.60669,6.79876,6.85283,7.19616,5.36148,5.03613,4.91545,0.0348417,4.60178,4.65714,4.75206,4.91572,4.99344,5.02185,5.35896,-9999,-9999
20120930,22.842,1.0,17.939,4.144,1.0,27.745,6.966,1.0,22.24,18.857,2.581,25.622,6.714,22.842,1.0,17.939,4.144,1.0,27.745,6.966,1.0,322.506,226.318,1.0,227.93,226.318,1.0,370.324,1.0,348.638,370.324,1.0,375.438,1.0,350.781,375.438,1.0,17.719,1.0,15.123,17.719,1.0,101.625,101.629,1.0,0.0,0.0,0.0,2.187,1.111,1.0,0.130145833333,1.0,124.260916667,1.0,425.0048125,1.0,32.1094791667,1.0,42.9325,1.0,428.115541667,1.0,445.529,1.0,21.226,1.0,19.047,1.0,2.79742,1.0,53.0745,0.979167,86.7131,81.049,88.8855,1.75716,6.06906,28.9278,0.979167,47.2621,44.175,48.4462,2.95497,4.3309,15.0,1,24,24,24,24,1.96411,0.979167,0.167331,0.193025,1.95549,0.979167,0.168681,0.194196,1.94962,0.975521,0.0276296,1.77972,1.81735,1.82121,1.89316,1.98751,2.0098,2.38464,1.0,1.0,1.0,1.0,0.979167,0.979167,0.9375,6.18424,0.676087,1.0,0.172366,0.191768,-2.39881,4.1655,0.958333,0.272569,0.337286,6.17581,0.645083,1.0,0.175908,0.194957,-2.407,4.17698,0.958333,0.273395,0.337954,6.00039,6.00827,6.01465,6.05848,6.1173,6.17637,6.20669,1.0,1.0,1.0,1.0,1.0,1.0,1.0,-2.58412,-2.53667,-2.53572,-2.43247,-2.34214,-2.13934,-1.50291,1.0,1.0,1.0,0.958333,0.958333,0.916667,0.875,7.33906,7.2975,7.28814,0.0181646,7.1258,7.18817,7.20852,7.2299,7.38369,7.40908,7.46572,5.36976,5.34201,5.33836,0.0264128,4.99766,5.08872,5.30076,5.3857,5.41071,5.44641,5.52843,5.37405,5.62555,6.26492,0.108323,5.37405,5.51169,5.52963,6.40141,6.72432,7.04714,7.3145,5.14023,4.30836,4.3781,0.0543845,4.01892,4.11049,4.20467,4.28657,4.34798,4.38849,5.14742,-9999,-9999
20121001,23.705,1.0,18.623,4.858,1.0,28.787,6.837,1.0,23.511,20.168,2.626,26.854,6.568,23.705,1.0,18.623,4.858,1.0,28.787,6.837,1.0,319.779,225.474,1.0,227.61,225.474,1.0,369.768,1.0,347.932,369.768,1.0,367.475,1.0,349.958,367.475,1.0,21.697,1.0,18.93,21.697,1.0,101.391,101.423,1.0,0.0,0.0,0.0,2.254,1.054,1.0,0.123125,1.0,118.37225,1.0,419.2021875,1.0,32.4697708333,1.0,42.8665208333,1.0,432.5523125,1.0,466.953,1.0,21.314,1.0,19.048,1.0,3.59544,1.0,52.5493,1.0,85.0668,80.2469,87.8816,1.7839,5.93405,13.6652,1.0,22.1213,20.8679,22.8532,2.77814,3.14389,15.0,1,24,24,24,24,2.00452,0.979167,0.155855,0.216259,1.99571,0.979167,0.15707,0.217136,2.02228,0.960417,0.020025,1.84245,1.85851,1.89031,2.00452,2.13347,2.15836,2.18486,0.979167,0.916667,0.958333,0.979167,0.979167,0.895833,0.979167,5.94852,0.673772,1.0,0.168848,0.262969,-2.08521,3.8054,0.958333,0.248431,0.318011,5.95436,0.659331,1.0,0.173183,0.265774,-2.10804,3.80543,0.958333,0.248288,0.317899,5.60545,5.65413,5.81053,5.94677,6.04681,6.05733,6.06084,1.0,1.0,1.0,1.0,1.0,1.0,1.0,-2.32548,-2.24703,-2.18802,-2.0462,-1.9164,-1.84998,-1.46545,0.958333,0.916667,0.916667,0.958333,0.958333,0.958333,0.75,7.41792,7.36609,7.34829,0.0174797,7.18828,7.26472,7.27117,7.29442,7.41549,7.45054,7.53537,5.39325,5.37038,5.32593,0.0319358,5.09118,5.12899,5.1807,5.3184,5.4215,5.54795,5.69895,5.10108,5.13112,5.91116,0.112637,5.10108,5.16249,5.17698,5.8872,6.39535,6.87562,7.01552,4.68202,3.57362,3.82079,0.0593395,3.54912,3.57832,3.62615,3.67996,3.76169,3.86535,4.69583,-9999,-9999
20121002,23.802,1.0,17.939,3.453,1.0,29.666,7.326,1.0,25.21,22.57,3.89,27.849,6.654,23.802,1.0,17.939,3.453,1.0,29.666,7.326,1.0,317.048,222.96,1.0,226.605,222.96,1.0,370.983,1.0,347.71,370.983,1.0,377.143,1.0,349.699,377.143,1.0,20.809,1.0,23.559,20.809,1.0,101.041,101.08,1.0,0.0,0.0,0.0,1.773,0.787,1.0,0.0881458333333,1.0,120.202479167,1.0,415.64125,1.0,33.1857291667,1.0,42.3657083333,1.0,430.269166667,1.0,482.799,1.0,21.233,1.0,19.046,1.0,3.04308,1.0,46.1415,1.0,74.694,70.4618,77.1656,1.803,5.28642,18.8595,1.0,30.5298,28.7999,31.54,2.81278,3.4695,15.0,1,24,24,24,24,2.33716,1.0,0.152863,0.21832,2.31947,1.0,0.154157,0.219228,2.2724,0.980208,0.0270984,1.8431,2.14883,2.18182,2.23499,2.44415,2.46058,2.51945,1.0,1.0,1.0,0.958333,0.958333,0.979167,0.916667,6.1097,0.832495,1.0,0.165569,0.182777,-1.60532,3.73447,1.0,0.243686,0.445202,6.10188,0.833821,1.0,0.167641,0.184656,-1.63158,3.73439,1.0,0.245293,0.446084,5.90835,5.94975,6.01153,6.0641,6.10167,6.10459,6.1097,0.958333,1.0,1.0,1.0,1.0,1.0,1.0,-2.50874,-1.94319,-1.89919,-1.73464,-1.28758,-1.19802,-1.10252,1.0,1.0,1.0,0.916667,0.958333,0.958333,0.833333,7.35821,7.30034,7.2781,0.0162834,7.13131,7.19258,7.21588,7.23126,7.34974,7.36954,7.46403,5.01892,4.98088,5.00574,0.0318975,4.66842,4.74968,4.77796,5.04405,5.09838,5.2191,5.31631,5.20728,5.03074,5.59795,0.0827483,5.021,5.17601,5.19406,5.26969,5.96249,6.38543,6.56791,4.16363,3.19513,3.38907,0.0545603,3.05431,3.0894,3.12561,3.32254,3.46353,3.47379,4.17445,-9999,-9999
20121003,21.453,1.0,15.792,3.268,1.0,27.115,6.456,1.0,21.786,18.053,2.309,25.52,5.615,21.453,1.0,15.792,3.268,1.0,27.115,6.456,1.0,314.314,220.997,1.0,223.548,220.997,1.0,359.367,1.0,346.478,359.367,1.0,364.694,1.0,348.263,364.694,1.0,15.984,1.0,16.081,15.984,1.0,101.166,101.163,1.0,0.0,0.0,0.0,2.491,2.233,1.0,0.337520833333,1.0,109.633145833,1.0,410.0145625,1.0,33.3058333333,1.0,43.508375,1.0,425.763583333,1.0,501.107,1.0,21.156,1.0,19.044,1.0,3.47833,1.0,55.5321,1.0,89.8955,84.8019,92.87,1.82944,6.25435,9.44211,1.0,15.2849,14.4188,15.7907,2.74013,2.92275,15.0,1,24,24,24,24,2.36879,0.979167,0.160757,0.256534,2.37083,0.979167,0.160293,0.256244,2.3398,0.965625,0.0235966,2.10414,2.11223,2.2552,2.28768,2.47867,2.51207,2.57113,1.0,1.0,1.0,0.979167,0.916667,0.895833,0.916667,5.93269,1.31682,1.0,0.201292,0.203318,-1.36733,4.07251,0.958333,0.235528,0.478609,5.9292,1.3188,1.0,0.201679,0.203701,-1.35991,4.08057,0.958333,0.234018,0.477867,5.82304,5.89265,5.90128,5.90681,5.94369,5.94992,5.95248,1.0,1.0,1.0,1.0,1.0,1.0,1.0,-1.8444,-1.8426,-1.55698,-1.53356,-1.06203,-1.00931,-0.988449,1.0,1.0,1.0,0.958333,0.791667,0.833333,0.833333,6.87633,6.82639,6.81476,0.0129231,6.73489,6.75817,6.75943,6.77537,6.86047,6.90218,6.97066,4.50225,4.45556,4.47467,0.023496,4.1571,4.28076,4.2989,4.5039,4.57764,4.59145,4.65279,4.98097,4.8804,5.11984,0.061689,4.60717,4.69585,4.82459,4.9742,5.42643,5.62371,5.77631,3.73037,3.01628,3.15754,0.0461017,2.78872,2.81743,2.91853,3.06646,3.30118,3.32809,3.73037,-9999,-9999
20121004,17.211,1.0,14.85,0.581,1.0,19.571,2.575,1.0,17.49,15.079,1.671,19.9,3.411,17.211,1.0,14.85,0.581,1.0,19.571,2.575,1.0,311.578,219.739,1.0,206.363,219.739,1.0,338.463,1.0,348.909,338.463,1.0,349.093,1.0,351.097,349.093,1.0,6.687,1.0,6.834,6.687,1.0,101.849,101.772,1.0,0.0,0.0,0.0,2.446,5.01,1.0,0.721854166667,1.0,102.7870625,1.0,420.657541667,1.0,37.5972916667,1.0,45.9946458333,1.0,407.795333333,1.0,382.373,1.0,19.87,1.0,19.052,1.0,-1.49415,1.0,26.2334,1.0,42.8601,40.2317,43.8718,1.22148,2.96202,33.4121,1.0,54.5886,51.2409,55.8772,2.50802,4.25466,15.0,1,24,24,24,24,2.6913,1.0,0.170981,0.170981,2.6913,1.0,0.170688,0.170688,2.6913,1.0,1.42222e-16,2.6913,2.6913,2.6913,2.6913,2.6913,2.6913,2.6913,1.0,1.0,1.0,1.0,1.0,1.0,1.0,5.51062,0.568932,1.0,0.159692,0.159692,-0.323685,2.91465,1.0,0.288251,0.288251,5.51062,0.568932,1.0,0.158827,0.158827,-0.323685,2.91465,1.0,0.288085,0.288085,5.51062,5.51062,5.51062,5.51062,5.51062,5.51062,5.51062,1.0,1.0,1.0,1.0,1.0,1.0,1.0,-0.323685,-0.323685,-0.323685,-0.323685,-0.323685,-0.323685,-0.323685,1.0,1.0,1.0,1.0,1.0,1.0,1.0,6.06217,6.0371,6.04121,0.00892245,5.9816,5.983,5.98305,6.04498,6.08194,6.10515,6.12709,3.37087,3.3458,3.34991,0.00892245,3.2903,3.2917,3.29175,3.35368,3.39064,3.41385,3.43579,4.40933,4.61297,4.4967,0.048927,4.10055,4.16955,4.17797,4.50988,4.65236,4.79123,4.99825,3.29328,3.05562,3.06936,0.0211018,2.83041,2.87677,3.01795,3.0566,3.12674,3.18213,3.29328,-9999,-9999
20121005,17.502,1.0,15.233,1.159,1.0,19.771,2.824,1.0,16.021,13.602,1.93,18.44,3.135,17.502,1.0,15.233,1.159,1.0,19.771,2.824,1.0,308.84,205.508,1.0,210.774,205.508,1.0,347.65,1.0,332.614,347.65,1.0,360.741,1.0,332.104,360.741,1.0,7.043,1.0,6.499,7.043,1.0,101.985,101.982,1.0,0.0,0.0,0.0,2.822,3.427,1.0,0.481916666667,1.0,101.1235625,1.0,396.674166667,1.0,34.0219166667,1.0,41.4174166667,1.0,409.038354167,1.0,381.413,1.0,19.837,1.0,19.056,1.0,0.25375,1.0,27.405,1.0,44.7743,42.0285,45.8312,1.24563,3.08189,34.9064,1.0,57.03,53.5326,58.3763,2.57401,4.41787,15.0,1,24,24,24,24,2.54004,1.0,0.164559,0.187478,2.5396,1.0,0.164321,0.187269,2.58055,1.0,0.0136726,2.49772,2.49772,2.49772,2.5396,2.65024,2.67736,2.70006,1.0,1.0,1.0,1.0,1.0,1.0,1.0,5.28625,0.427481,1.0,0.166334,0.177157,-0.390856,2.97699,1.0,0.270035,0.297889,5.28542,0.426952,1.0,0.165456,0.176334,-0.390856,2.97699,1.0,0.270036,0.29789,5.20469,5.20469,5.20469,5.28542,5.30303,5.32664,5.34075,1.0,1.0,1.0,1.0,1.0,1.0,1.0,-0.390856,-0.390856,-0.390856,-0.390856,-0.194336,-0.13931,-0.100061,1.0,1.0,1.0,1.0,1.0,1.0,1.0,6.02446,5.99869,5.98817,0.00658512,5.93907,5.94014,5.94146,5.97685,6.01885,6.04311,6.05398,3.48442,3.45909,3.40764,0.0101167,3.28321,3.30931,3.35949,3.44135,3.45715,3.46668,3.47752,4.88965,5.14204,4.93791,0.0390289,4.66471,4.67853,4.70588,4.87271,5.10501,5.17334,5.35702,2.89987,2.97108,2.89783,0.0114743,2.79527,2.81448,2.83052,2.88899,2.95857,2.96541,3.0218,-9999,-9999
20121006,17.15,1.0,14.58,0.974,1.0,19.721,2.754,1.0,15.883,13.156,2.057,18.611,3.257,17.15,1.0,14.58,0.974,1.0,19.721,2.754,1.0,306.102,209.81,1.0,210.523,209.81,1.0,338.763,1.0,333.185,338.763,1.0,347.757,1.0,332.77,347.757,1.0,7.81,1.0,6.588,7.81,1.0,101.723,101.699,1.0,0.0,0.0,0.0,2.948,2.904,1.0,0.409041666667,1.0,97.5997916667,1.0,405.748666667,1.0,36.8766041667,1.0,43.2403541667,1.0,405.8735,1.0,384.143,1.0,19.399,1.0,19.064,1.0,-0.7975,1.0,28.3712,1.0,45.9273,42.4061,47.447,1.22532,3.93251,30.466,1.0,49.3184,45.5372,50.9503,2.58463,4.77302,15.0,1,24,24,24,24,2.67662,1.0,0.138089,0.142737,2.66994,1.0,0.137596,0.14226,2.65103,1.0,0.00572358,2.58602,2.59774,2.60884,2.66534,2.66714,2.66999,2.68471,1.0,1.0,1.0,1.0,1.0,1.0,1.0,5.22168,0.788721,1.0,0.155628,0.167533,-0.0630516,3.0446,1.0,0.215893,0.216961,5.22102,0.788899,1.0,0.154671,0.166644,-0.075257,3.03367,1.0,0.215411,0.216482,5.10348,5.1047,5.13436,5.21386,5.22147,5.22875,5.26964,1.0,1.0,1.0,1.0,1.0,1.0,1.0,-0.129704,-0.119997,-0.115124,-0.0804765,-0.0785534,-0.0769786,-0.0551308,1.0,1.0,1.0,1.0,1.0,1.0,1.0,5.88118,5.85553,5.83995,0.00556813,5.79256,5.7941,5.80775,5.83251,5.87429,5.88118,5.88653,3.19647,3.18558,3.18908,0.00938675,3.10407,3.12773,3.12959,3.18177,3.22771,3.25768,3.30049,5.67058,5.72011,5.57525,0.0218092,5.32185,5.3858,5.47861,5.60465,5.65846,5.67507,5.7394,3.30349,3.33364,3.29464,0.00775293,3.19826,3.23499,3.26863,3.30383,3.32638,3.32997,3.36271,-9999,-9999
20121007,16.963,1.0,13.918,1.568,1.0,20.008,3.939,1.0,15.301,12.792,1.963,17.809,3.552,16.963,1.0,13.918,1.568,1.0,20.008,3.939,1.0,303.364,213.605,1.0,206.441,213.605,1.0,335.713,1.0,333.781,335.713,1.0,346.009,1.0,333.464,346.009,1.0,7.713,1.0,6.393,7.713,1.0,101.547,101.519,1.0,0.0,0.0,0.0,2.802,2.831,1.0,0.420791666667,1.0,98.8028333333,1.0,408.094333333,1.0,36.2853541667,1.0,43.3705208333,1.0,405.315979167,1.0,386.933,1.0,19.136,1.0,19.07,1.0,-0.444417,1.0,27.7803,1.0,44.9708,41.5229,46.4588,1.29576,3.88158,32.0224,1.0,51.8379,47.8635,53.5531,2.73222,5.02529,15.0,1,24,24,24,24,2.33792,1.0,0.132704,0.196275,2.31985,1.0,0.129947,0.194422,2.35159,1.0,0.020634,2.23084,2.23162,2.23419,2.32069,2.39742,2.52085,2.59033,1.0,1.0,1.0,1.0,1.0,1.0,1.0,5.00045,0.573186,1.0,0.156457,0.188373,-0.49458,3.03129,1.0,0.202323,0.267153,4.97863,0.581646,1.0,0.155049,0.187206,-0.507585,3.02009,1.0,0.196681,0.262906,4.82186,4.8225,4.82319,4.98324,5.02827,5.03232,5.05875,1.0,1.0,1.0,1.0,1.0,1.0,1.0,-0.522377,-0.520826,-0.517917,-0.500407,-0.403584,-0.171905,-0.0664215,1.0,1.0,1.0,1.0,1.0,1.0,1.0,5.77899,5.7499,5.73285,0.00495443,5.68648,5.70001,5.70155,5.72685,5.76297,5.76776,5.77899,3.43296,3.43004,3.38128,0.018792,3.14141,3.20588,3.29271,3.43527,3.46789,3.48291,3.48522,5.82837,5.83399,5.76954,0.0179116,5.58414,5.63956,5.67081,5.7872,5.82082,5.86572,5.92069,3.38146,3.38336,3.37397,0.00727426,3.28249,3.31643,3.34903,3.38146,3.39236,3.41881,3.44672,-9999,-9999
20121008,16.721,1.0,14.263,1.052,1.0,19.179,2.868,1.0,14.806,12.207,1.956,17.404,3.27,16.721,1.0,14.263,1.052,1.0,19.179,2.868,1.0,300.628,213.549,1.0,205.66,213.549,1.0,330.477,1.0,327.603,330.477,1.0,332.249,1.0,326.264,332.249,1.0,7.304,1.0,6.017,7.304,1.0,101.68,101.648,1.0,0.0,0.0,0.0,3.008,3.214,1.0,0.464,1.0,93.4433541667,1.0,407.850125,1.0,37.7358333333,1.0,44.5822291667,1.0,403.818395833,1.0,383.136,1.0,19.026,1.0,19.079,1.0,0.460312,1.0,25.2113,1.0,40.8121,38.043,42.1626,1.29541,3.31723,32.9812,1.0,53.3901,49.7675,55.1567,2.694,4.81848,15.0,1,24,24,24,24,2.70537,1.0,0.130099,0.131623,2.703,1.0,0.12719,0.128748,2.69334,1.0,0.00512168,2.66645,2.66645,2.66645,2.68888,2.70447,2.7064,2.7321,1.0,1.0,1.0,1.0,1.0,1.0,1.0,4.99028,0.414327,1.0,0.149471,0.154055,0.223771,2.71759,1.0,0.201317,0.201317,4.9857,0.413273,1.0,0.148781,0.153386,0.223771,2.71759,1.0,0.194818,0.194818,4.91527,4.91527,4.91527,4.9585,4.98855,4.98987,5.00203,1.0,1.0,1.0,1.0,1.0,1.0,1.0,0.223771,0.223771,0.223771,0.223771,0.223771,0.223771,0.281689,1.0,1.0,1.0,1.0,1.0,1.0,1.0,5.67374,5.64291,5.62626,0.00464198,5.57939,5.59208,5.60824,5.62175,5.64566,5.65359,5.67374,2.96734,2.93992,2.93292,0.00468996,2.87638,2.90448,2.91492,2.9397,2.94607,2.9581,2.97228,5.28804,5.40159,5.45541,0.0298524,5.04876,5.28521,5.36415,5.43837,5.53508,5.63512,5.72148,3.23365,3.23486,3.24163,0.00834434,3.08022,3.20527,3.22277,3.24672,3.26552,3.29705,3.31023,-9999,-9999
20121009,16.777,1.0,13.742,1.161,1.0,19.812,3.685,1.0,15.451,13.227,1.617,17.676,3.418,16.777,1.0,13.742,1.161,1.0,19.812,3.685,1.0,297.893,206.96,1.0,194.751,206.96,1.0,332.46,1.0,338.164,332.46,1.0,328.763,1.0,338.573,328.763,1.0,7.698,1.0,6.198,7.698,1.0,101.605,101.583,1.0,0.0,0.0,0.0,2.122,1.827,1.0,0.261875,1.0,92.6121875,1.0,394.337875,1.0,34.9503541667,1.0,41.5614166667,1.0,403.118770833,1.0,387.494,1.0,18.703,1.0,19.089,1.0,0.0378333,1.0,29.2963,1.0,46.8111,44.207,48.6195,1.26232,3.50608,36.3225,1.0,58.0379,54.8093,60.28,2.59456,4.81439,15.0,1,24,24,24,24,2.11393,1.0,0.129891,0.381922,2.06508,1.0,0.129807,0.381893,2.23159,1.0,0.0469362,1.92908,1.95448,1.95813,2.07388,2.50992,2.67279,2.68549,1.0,1.0,1.0,1.0,1.0,1.0,1.0,4.70881,0.600173,1.0,0.153794,0.364306,-0.634649,3.45778,1.0,0.197526,0.426109,4.62671,0.583346,1.0,0.153709,0.364271,-0.646681,3.44913,1.0,0.197388,0.426045,4.46489,4.47067,4.48172,4.63412,5.04299,5.13117,5.14978,1.0,1.0,1.0,1.0,1.0,1.0,1.0,-0.752523,-0.748433,-0.704441,-0.634962,-0.196737,0.00668948,0.0259513,1.0,1.0,1.0,1.0,1.0,1.0,1.0,5.59513,5.56431,5.55091,0.00488802,5.49667,5.51609,5.53439,5.55051,5.55994,5.56662,5.60043,3.46211,3.49922,3.31935,0.0485192,2.83828,2.86559,2.9705,3.47517,3.59281,3.59483,3.59961,4.81769,4.96121,5.19044,0.0522732,4.56619,4.82985,4.92545,5.17675,5.45868,5.54143,5.61213,2.94185,2.9261,2.9792,0.0142268,2.76061,2.88566,2.91367,3.01137,3.04396,3.05885,3.09456,-9999,-9999
20121010,17.109,1.0,13.978,1.95,1.0,20.24,4.202,1.0,16.047,13.551,1.676,18.543,3.87,17.109,1.0,13.978,1.95,1.0,20.24,4.202,1.0,295.163,202.827,1.0,198.908,202.827,1.0,348.118,1.0,336.258,348.118,1.0,329.57,1.0,336.351,329.57,1.0,8.355,1.0,7.156,8.355,1.0,101.346,101.337,1.0,0.139,0.139,0.0,2.306,2.417,1.0,0.340166666667,1.0,101.955458333,1.0,384.128895833,1.0,34.931875,1.0,41.1769375,1.0,406.509270833,1.0,390.617,1.0,18.9,1.0,19.1,1.0,1.38867,1.0,27.5823,1.0,42.8363,41.0244,45.4335,1.27672,3.50893,37.8949,1.0,58.8522,56.3628,62.4204,2.69776,5.23851,15.0,1,24,24,24,24,2.7193,1.0,0.135055,0.142489,2.70741,1.0,0.134271,0.141747,2.76446,1.0,0.00649452,2.7145,2.72436,2.73029,2.75697,2.78393,2.81521,2.84438,1.0,1.0,1.0,1.0,1.0,1.0,1.0,4.96875,0.753176,1.0,0.162843,0.168994,0.272138,2.74859,1.0,0.203059,0.222254,4.96066,0.75304,1.0,0.161588,0.167784,0.257304,2.73551,1.0,0.202129,0.221404,4.92024,4.94736,4.95017,4.99682,5.01867,5.03771,5.06928,1.0,1.0,1.0,1.0,1.0,1.0,1.0,0.203765,0.232307,0.265211,0.316823,0.412805,0.413016,0.415276,1.0,1.0,1.0,1.0,1.0,1.0,1.0,5.52514,5.50043,5.49278,0.00570334,5.42752,5.46601,5.47255,5.48634,5.52369,5.52492,5.54885,2.79485,2.79302,2.72808,0.00727501,2.65276,2.66235,2.69717,2.74164,2.75614,2.75813,2.79485,4.40339,4.49915,4.95843,0.075295,4.31327,4.41888,4.48591,4.79914,5.42525,5.45563,5.51474,2.55259,2.53287,2.64668,0.0242261,2.42085,2.47093,2.50108,2.64,2.79101,2.83046,2.84773,-9999,-9999
20121011,14.114,1.0,13.171,0.526,1.0,15.058,1.303,1.0,14.134,12.242,1.484,16.025,2.76,14.114,1.0,13.171,0.526,1.0,15.058,1.303,1.0,292.436,116.76,1.0,194.594,116.76,1.0,342.638,1.0,336.854,342.638,1.0,365.288,1.0,337.045,365.288,1.0,4.18,1.0,4.866,4.18,1.0,101.289,101.319,1.0,0.0,0.0,0.0,2.989,3.788,1.0,0.536104166667,1.0,47.3278958333,1.0,236.876583333,1.0,20.3300625,1.0,22.5097083333,1.0,388.343791667,1.0,383.376,1.0,17.052,1.0,19.106,1.0,-3.75567,1.0,11.9404,1.0,18.5439,17.7595,19.6682,1.08006,1.78002,19.072,1.0,29.6196,28.3667,31.4154,2.85343,3.64,15.0,1,24,24,24,24,3.57761,1.0,0.131123,0.134531,3.57729,1.0,0.129888,0.133327,3.57936,1.0,0.00450048,3.55227,3.55227,3.55227,3.57471,3.60544,3.61245,3.63137,1.0,1.0,1.0,1.0,1.0,1.0,1.0,5.00218,0.823288,1.0,0.152124,0.162801,1.89292,1.85265,1.0,0.201796,0.201796,5.00156,0.82334,1.0,0.150606,0.161383,1.89292,1.85265,1.0,0.199961,0.199961,4.95335,4.95335,4.95335,4.99659,5.05582,5.06933,5.10578,1.0,1.0,1.0,1.0,1.0,1.0,1.0,1.89292,1.89292,1.89292,1.89292,1.89292,1.89292,1.89292,1.0,1.0,1.0,1.0,1.0,1.0,1.0,4.93629,4.9331,4.94565,0.00464157,4.89969,4.91129,4.93038,4.94239,4.96352,4.97992,4.98643,1.35861,1.35582,1.3663,0.00716002,1.29903,1.31765,1.32887,1.35861,1.39827,1.42006,1.43415,4.17481,4.29888,4.49289,0.0398043,4.16183,4.17481,4.25994,4.49513,4.73129,4.74676,4.78286,1.64766,1.48643,1.64389,0.0158606,1.47903,1.5559,1.56429,1.64766,1.69873,1.71016,1.77223,-9999,-9999
20121012,13.854,1.0,12.495,1.658,1.0,15.331,1.661,1.0,14.114,12.756,1.118,15.59,1.811,13.854,1.0,12.495,1.658,1.0,15.331,1.661,1.0,289.715,76.311,1.0,124.496,76.311,1.0,361.806,1.0,362.329,361.806,1.0,365.634,1.0,366.739,365.634,1.0,4.59,1.0,5.125,4.59,1.0,101.998,102.051,1.0,0.0,0.0,0.0,2.321,1.22,1.0,0.160458333333,1.0,37.7117291667,1.0,156.941666667,1.0,13.5950208333,1.0,14.7905833333,1.0,384.753104167,1.0,408.208,1.0,16.343,1.0,19.106,1.0,-4.74146,1.0,12.1555,1.0,18.6696,17.8248,19.6773,1.0406,1.72296,18.867,1.0,28.978,27.6667,30.542,2.64065,3.39354,15.0,1,25,23,25,23,3.66906,0.979167,0.129177,0.295809,3.53486,0.979167,0.129407,0.29591,3.71713,0.982812,0.0391339,3.45031,3.45676,3.48081,3.58167,3.96504,3.98899,4.01039,0.979167,1.0,0.979167,0.979167,0.979167,0.979167,0.979167,4.82017,0.220795,0.96,0.147924,0.149694,2.13948,2.06812,1.0,0.204049,0.566902,4.80666,0.216484,0.96,0.147327,0.149105,1.88429,2.13132,1.0,0.205148,0.567298,4.82017,4.85268,4.86452,4.87577,4.89098,4.89859,4.98181,0.96,0.96,0.96,0.96,0.96,0.96,1.0,1.64522,1.64757,1.67179,1.86999,2.67965,2.70538,2.76151,1.0,1.0,1.0,1.0,1.0,1.0,1.0,4.78325,4.78796,4.80745,0.00663993,4.71687,4.76373,4.78325,4.81951,4.82748,4.84953,4.86752,1.02308,1.2531,1.09139,0.0438303,0.672969,0.791364,0.811386,1.1845,1.35616,1.38321,1.39204,4.49991,4.67835,4.56018,0.0174093,4.32444,4.4441,4.49991,4.57214,4.62434,4.63216,4.75717,1.24388,1.204,1.13247,0.0179908,0.94975,1.00359,1.02152,1.18516,1.20897,1.25422,1.28149,-9999,-9999
20121013,15.142,1.0,11.843,4.0,1.0,18.727,4.757,1.0,15.654,12.926,3.4,18.619,4.647,15.142,1.0,11.843,4.0,1.0,18.727,4.757,1.0,286.999,194.776,1.0,197.562,194.776,1.0,339.792,1.0,335.152,339.792,1.0,338.08,1.0,335.062,338.08,1.0,6.426,1.0,7.161,6.426,1.0,102.402,102.44,1.0,0.0,0.0,0.0,3.421,1.066,1.0,0.135666666667,1.0,103.689833333,1.0,378.814875,1.0,35.0196666667,1.0,38.5160833333,1.0,391.069708333,1.0,428.409,1.0,15.908,1.0,19.109,1.0,-1.63613,1.0,20.7928,1.0,31.8185,30.3667,33.2237,1.57241,2.63777,50.022,1.0,76.5471,73.0544,79.9276,2.70163,5.76698,15.0,1,25,23,25,23,2.77436,0.895833,0.162323,0.219555,2.75302,0.895833,0.163437,0.220379,2.83564,0.931771,0.0215235,2.64669,2.69831,2.75522,2.7782,2.91664,2.99398,3.05915,0.916667,0.9375,0.895833,0.916667,0.9375,0.958333,0.958333,4.81253,0.347442,0.88,0.14693,0.239949,0.34847,2.44087,0.913043,0.284713,0.311642,4.80448,0.34295,0.88,0.14682,0.239881,0.314305,2.44003,0.913043,0.287345,0.314049,4.52617,4.55366,4.74885,4.81253,4.88945,4.93306,4.9509,0.88,0.96,0.88,0.88,0.96,0.96,0.96,0.295768,0.391718,0.398023,0.428364,0.554114,0.64517,0.78881,0.913043,0.913043,0.956522,0.956522,0.913043,0.956522,0.956522,4.85853,4.86462,4.88772,0.00915589,4.74145,4.83849,4.85129,4.89147,4.92417,4.94905,4.97246,2.07959,2.1116,2.05218,0.0288852,1.64955,1.88236,1.94679,2.09708,2.19997,2.22166,2.26517,4.85539,4.97647,4.81578,0.0300884,4.4314,4.65479,4.70425,4.78915,4.94249,4.99065,5.0229,2.42339,2.26019,2.29718,0.0194623,2.05271,2.10489,2.25088,2.30956,2.39888,2.42226,2.44587,-9999,-9999
20121014,16.957,1.0,13.909,3.025,1.0,20.271,5.738,1.0,17.092,14.586,2.177,19.816,4.549,16.957,1.0,13.909,3.025,1.0,20.271,5.738,1.0,284.29,185.293,1.0,198.49,185.293,1.0,349.839,1.0,338.533,349.839,1.0,363.626,1.0,339.003,363.626,1.0,6.411,1.0,6.933,6.411,1.0,102.12,102.127,1.0,0.0,0.0,0.0,2.522,0.99,1.0,0.122854166667,1.0,96.3678958333,1.0,356.128166667,1.0,32.3542916667,1.0,36.2535833333,1.0,401.122104167,1.0,433.207,1.0,17.341,1.0,19.134,1.0,0.132167,1.0,19.3875,1.0,29.6682,28.3145,30.5419,1.48196,2.21871,44.3886,1.0,67.9265,64.8271,69.927,2.98202,4.81505,14.0,1,25,23,25,23,3.13639,0.916667,0.142834,0.372122,3.12561,0.916667,0.141519,0.371619,3.10265,0.954688,0.0437838,2.66193,2.74372,2.84823,3.13321,3.3006,3.43095,3.49073,0.958333,0.9375,0.9375,0.916667,0.958333,0.958333,0.958333,4.68959,0.311742,0.92,0.147059,0.163483,1.21018,2.18188,0.913043,0.23867,0.720941,4.67062,0.305969,0.92,0.146707,0.163166,1.20912,2.17986,0.913043,0.235738,0.719976,4.66373,4.70817,4.79437,4.81437,4.83602,4.851,4.90469,0.92,0.92,1.0,1.0,1.0,1.0,1.0,0.127433,0.282834,0.490868,1.1836,1.41923,1.64341,1.68899,0.956522,0.956522,0.956522,0.913043,0.913043,0.913043,0.913043,5.03691,5.03506,5.05617,0.0114594,4.88149,5.01018,5.01578,5.0448,5.10399,5.12626,5.15222,1.8932,1.90945,1.95333,0.0525234,1.39076,1.55917,1.70515,1.89975,2.20516,2.33256,2.38915,5.18544,5.14107,5.12265,0.0654776,4.61354,4.68363,4.7706,5.11324,5.42294,5.5138,5.54058,2.44293,2.12335,2.23061,0.0269064,2.00547,2.07035,2.08277,2.14287,2.3769,2.44537,2.46464,-9999,-9999
20121015,19.293,1.0,16.276,4.396,1.0,22.572,6.152,1.0,18.451,15.86,2.76,21.267,4.888,19.293,1.0,16.276,4.396,1.0,22.572,6.152,1.0,281.59,189.272,1.0,188.407,189.272,1.0,361.112,1.0,349.389,361.112,1.0,370.659,1.0,351.657,370.659,1.0,9.524,1.0,8.67,9.524,1.0,101.685,101.696,1.0,0.0,0.0,0.0,3.046,1.669,1.0,0.2354375,1.0,97.4208958333,1.0,364.081833333,1.0,33.4860208333,1.0,36.7897083333,1.0,414.768833333,1.0,419.62,1.0,18.638,1.0,19.162,1.0,3.65479,1.0,26.5118,1.0,40.0053,38.719,41.1738,1.46048,2.33329,33.8642,1.0,51.0997,49.4568,52.5923,2.70986,3.57013,13.0,1,25,23,25,23,3.05444,0.916667,0.145949,0.314945,3.04101,0.916667,0.145477,0.314727,3.19622,0.950521,0.0357296,2.95202,2.95736,2.97908,3.07675,3.3663,3.51554,3.56283,0.916667,0.916667,0.895833,0.895833,0.979167,1.0,1.0,4.99627,0.664968,0.92,0.131285,0.135589,0.712029,2.15501,0.913043,0.256492,0.637373,4.98634,0.66899,0.92,0.130417,0.134749,0.695818,2.14346,0.913043,0.25593,0.637147,4.7597,4.96497,4.97248,5.00753,5.02869,5.03275,5.07482,0.96,0.92,1.0,0.92,0.92,1.0,1.0,0.490742,0.537138,0.545104,0.738143,1.33975,1.70411,1.73414,0.913043,0.869565,0.913043,0.869565,0.956522,1.0,1.0,5.30368,5.28823,5.29244,0.0150582,5.07026,5.21417,5.24793,5.30368,5.35933,5.36632,5.39153,2.2267,2.24722,2.09621,0.0478331,1.6243,1.6738,1.84774,2.2462,2.34044,2.40927,2.41537,5.32098,5.25651,5.36878,0.0661767,4.8883,5.02802,5.07604,5.27308,5.60023,5.65315,5.77415,2.32889,2.08392,2.22279,0.0246036,2.05653,2.07161,2.10242,2.16593,2.32889,2.38474,2.42074,-9999,-9999
20121016,22.222,1.0,19.515,1.186,1.0,25.164,3.57,1.0,20.139,17.704,2.626,22.786,4.307,22.222,1.0,19.515,1.186,1.0,25.164,3.57,1.0,278.899,192.598,1.0,188.557,192.598,1.0,373.444,1.0,362.069,373.444,1.0,386.733,1.0,366.436,386.733,1.0,10.768,1.0,9.042,10.768,1.0,101.427,101.356,1.0,0.0,0.0,0.0,3.695,3.01,1.0,0.4175625,1.0,91.7765208333,1.0,367.56625,1.0,35.7448541667,1.0,38.6600833333,1.0,433.9465,1.0,394.382,1.0,21.909,1.0,19.22,1.0,6.18421,1.0,24.9341,1.0,37.6247,36.415,38.7237,1.36717,2.19044,30.9987,1.0,46.7758,45.2719,48.1421,2.2785,3.11744,13.0,1,25,23,25,23,3.54601,1.0,0.133184,0.144091,3.54264,1.0,0.132414,0.14338,3.58832,0.995313,0.00739752,3.51457,3.52636,3.53632,3.59786,3.61127,3.63635,3.65295,1.0,1.0,1.0,1.0,0.958333,1.0,1.0,5.01286,0.514992,1.0,0.137267,0.170865,1.68257,1.57625,1.0,0.222439,0.222829,5.00663,0.521971,1.0,0.133852,0.168134,1.68257,1.57625,1.0,0.22304,0.223429,4.94448,4.97651,4.994,5.09926,5.11181,5.18001,5.21074,1.0,1.0,1.0,1.0,1.0,1.0,1.0,1.68257,1.68257,1.68257,1.68257,1.68257,1.70893,1.79559,1.0,1.0,1.0,1.0,1.0,1.0,0.913043,5.65133,5.62036,5.60547,0.0199078,5.32779,5.48916,5.53022,5.6451,5.68985,5.6997,5.70912,2.10194,2.07773,2.01709,0.0193317,1.7938,1.91685,1.97292,2.0535,2.09599,2.10431,2.10985,5.26768,5.34108,5.54328,0.0548323,5.14967,5.26026,5.27941,5.55327,5.6413,5.70111,5.83101,2.0472,2.03786,2.126,0.0192382,1.97194,2.0125,2.0472,2.1275,2.181,2.20121,2.27572,-9999,-9999
20121017,20.259,1.0,16.75,3.514,1.0,24.073,4.885,1.0,20.834,18.373,2.67,23.51,5.703,20.259,1.0,16.75,3.514,1.0,24.073,4.885,1.0,276.218,198.108,1.0,196.092,198.108,1.0,338.928,1.0,331.784,338.928,1.0,334.027,1.0,331.136,334.027,1.0,17.515,1.0,17.118,17.515,1.0,101.143,101.243,1.0,0.0,0.0,0.0,2.984,2.343,1.0,0.288020833333,1.0,80.146375,1.0,360.954625,1.0,34.2897916667,1.0,40.3175416667,1.0,414.4250625,1.0,416.919,1.0,19.373,1.0,19.253,1.0,0.569021,1.0,38.0619,1.0,58.245,55.814,59.9604,1.49859,3.41952,21.6613,1.0,33.1477,31.7642,34.1239,2.95292,3.43214,13.0,1,25,23,25,23,3.107,1.0,0.12914,0.134409,3.09073,1.0,0.130015,0.13525,3.14075,0.977083,0.00589052,3.0795,3.08853,3.12141,3.14333,3.1581,3.16306,3.17832,0.979167,0.979167,1.0,0.979167,0.979167,0.958333,0.958333,4.39717,0.378874,1.0,0.14711,0.173042,1.46891,1.74369,1.0,0.204651,0.243219,4.38951,0.374563,1.0,0.14675,0.172736,1.44451,1.72236,1.0,0.207181,0.245352,4.32565,4.33257,4.33957,4.39717,4.48478,4.5148,4.57084,1.0,1.0,1.0,1.0,0.96,0.96,0.92,1.32169,1.338,1.37345,1.48717,1.60086,1.60086,1.64942,1.0,1.0,1.0,1.0,0.956522,0.956522,0.956522,5.29878,5.27095,5.25508,0.0186261,4.98883,5.17081,5.20396,5.29878,5.32465,5.33359,5.34089,2.18197,2.18022,2.1142,0.021884,1.73076,2.03859,2.07543,2.16262,2.18728,2.19381,2.19521,4.85411,5.15476,5.12015,0.0442627,4.73491,4.79348,4.85676,5.07753,5.27077,5.44738,5.49499,1.62609,1.74645,1.81247,0.0207255,1.60266,1.63921,1.69239,1.79588,1.92314,1.93587,1.99571,-9999,-9999
20121018,19.38,1.0,14.9,4.595,1.0,24.249,6.853,1.0,19.31,16.026,3.464,22.879,6.403,19.38,1.0,14.9,4.595,1.0,24.249,6.853,1.0,273.548,184.176,1.0,191.855,184.176,1.0,354.465,1.0,337.412,354.465,1.0,363.96,1.0,337.696,363.96,1.0,11.66,1.0,15.002,11.66,1.0,101.432,101.517,1.0,0.0,0.0,0.0,2.592,1.317,1.0,0.191604166667,1.0,85.6520625,1.0,344.089041667,1.0,33.8970833333,1.0,37.0439791667,1.0,414.57725,1.0,459.615,1.0,18.907,1.0,19.256,1.0,3.69281,1.0,21.4554,1.0,32.8326,31.4623,33.8047,1.51846,2.30667,30.571,1.0,46.7819,44.8293,48.1669,2.57168,3.56857,12.0,1,25,23,25,23,3.31349,1.0,0.123175,0.210781,3.29903,1.0,0.124803,0.211736,3.37737,0.998958,0.0250343,3.19369,3.20326,3.21329,3.33294,3.52918,3.54535,3.6128,1.0,1.0,1.0,1.0,1.0,1.0,1.0,4.60116,0.564946,1.0,0.134627,0.143793,1.66245,1.41663,1.0,0.199875,0.347975,4.59833,0.561755,1.0,0.134351,0.143535,1.63645,1.40881,1.0,0.204132,0.350437,4.51154,4.58716,4.59016,4.63262,4.68562,4.6882,4.80076,1.0,1.0,1.0,1.0,1.0,1.0,1.0,1.42253,1.45414,1.45694,1.69841,2.00373,2.02383,2.06267,1.0,1.0,1.0,1.0,1.0,1.0,1.0,5.10817,5.07581,5.05912,0.0176349,4.79585,4.99433,5.02442,5.10542,5.12271,5.12438,5.12781,1.77523,1.77679,1.68189,0.0360901,1.35714,1.39483,1.43646,1.74034,1.90085,1.91736,1.92189,4.5618,5.13261,4.74184,0.0536348,4.30064,4.42088,4.52857,4.60842,5.09668,5.22467,5.25652,1.32564,1.55792,1.4337,0.0227377,1.17748,1.32998,1.34657,1.38238,1.58535,1.64097,1.64717,-9999,-9999
20121019,18.827,1.0,16.47,1.3,1.0,21.388,2.502,1.0,17.918,15.818,1.379,20.201,2.674,18.827,1.0,16.47,1.3,1.0,21.388,2.502,1.0,270.89,186.156,1.0,149.086,186.156,1.0,352.843,1.0,361.319,352.843,1.0,369.624,1.0,365.562,369.624,1.0,5.997,1.0,5.223,5.997,1.0,101.559,101.553,1.0,0.099,0.099,0.0,2.389,2.789,1.0,0.39525,1.0,83.1414166667,1.0,351.622354167,1.0,35.4816041667,1.0,38.566625,1.0,415.443833333,1.0,388.229,1.0,20.234,1.0,19.302,1.0,1.40965,1.0,14.2105,1.0,21.4431,20.7537,22.3863,1.25777,1.7455,41.5258,1.0,62.6609,60.6462,65.4172,2.79104,4.50534,11.0,1,25,23,25,23,3.73152,0.979167,0.147191,0.150482,3.72641,0.979167,0.155357,0.158478,3.69554,0.966146,0.00870264,3.56989,3.66423,3.68501,3.7108,3.72599,3.72682,3.73152,0.9375,0.958333,0.958333,1.0,1.0,1.0,0.979167,4.74464,0.857053,1.0,0.163296,0.175858,2.34721,1.32359,0.956522,0.236897,0.239752,4.73613,0.979106,1.0,0.18583,0.19696,2.34617,1.32129,0.956522,0.238363,0.2412,4.5838,4.63702,4.66673,4.74242,4.76756,4.76756,4.80621,1.0,1.0,1.0,1.0,1.0,1.0,1.0,2.18219,2.26457,2.31283,2.31283,2.33464,2.33835,2.34721,0.782609,0.913043,1.0,1.0,0.913043,0.913043,0.956522,5.0768,5.02804,5.01413,0.012193,4.85058,4.96386,5.01064,5.0263,5.04208,5.04907,5.1044,1.312,1.30164,1.31792,0.00657015,1.24632,1.29799,1.30048,1.31015,1.31787,1.3441,1.41103,4.47524,5.12409,4.61366,0.0720975,3.42764,4.3602,4.43261,4.47472,5.02042,5.09953,5.24259,1.18571,1.44593,1.23882,0.031065,0.669469,1.11011,1.14827,1.19511,1.43208,1.44919,1.49227,-9999,-9999
20121020,16.978,1.0,14.141,1.378,1.0,20.062,3.231,1.0,16.007,13.679,1.799,18.536,3.528,16.978,1.0,14.141,1.378,1.0,20.062,3.231,1.0,268.247,186.555,1.0,179.044,186.555,1.0,333.547,1.0,334.661,333.547,1.0,348.414,1.0,334.49,348.414,1.0,7.096,1.0,6.59,7.096,1.0,101.084,101.083,1.0,0.0,0.0,0.0,2.755,2.784,1.0,0.379854166667,1.0,76.2345625,1.0,354.094708333,1.0,36.0913125,1.0,38.6156666667,1.0,403.279416667,1.0,390.113,1.0,18.674,1.0,19.326,1.0,-1.45535,1.0,17.2712,1.0,26.4296,25.3266,27.208,1.34005,1.93416,35.9248,1.0,54.9746,52.6801,56.5937,3.09826,4.24446,10.0,1,25,23,25,23,3.57322,1.0,0.17765,0.191669,3.528,1.0,0.179551,0.193432,3.49891,0.995833,0.0105671,3.42724,3.42796,3.44703,3.48641,3.54093,3.57187,3.62688,1.0,1.0,1.0,1.0,1.0,1.0,1.0,4.27618,0.685337,1.0,0.149996,0.192693,2.53805,1.11532,1.0,0.3179,0.318234,4.1929,0.766787,1.0,0.153797,0.195667,2.53762,1.11433,1.0,0.320066,0.320398,4.03292,4.03426,4.06955,4.16052,4.2509,4.27618,4.37524,1.0,1.0,1.0,1.0,1.0,1.0,1.0,2.4187,2.50886,2.50886,2.50886,2.53572,2.53805,2.53829,0.913043,1.0,1.0,1.0,1.0,1.0,1.0,4.86797,4.80652,4.7804,0.0112297,4.70103,4.73194,4.75288,4.76241,4.77536,4.83455,4.95811,1.28427,1.27852,1.28137,0.00931526,1.18246,1.19103,1.2313,1.30443,1.32442,1.32769,1.3457,4.43491,4.9983,4.53931,0.078547,3.09395,4.27263,4.41284,4.43646,4.77094,4.87496,5.13395,1.17841,1.42554,1.20603,0.0346866,0.566202,1.05017,1.15362,1.18062,1.31791,1.34704,1.48049,-9999,-9999
20121021,14.574,1.0,12.979,0.77,1.0,16.309,2.1,1.0,12.853,11.262,1.58,14.582,2.587,14.574,1.0,12.979,0.77,1.0,16.309,2.1,1.0,265.617,118.016,1.0,112.474,118.016,1.0,339.943,1.0,333.014,339.943,1.0,347.16,1.0,332.57,347.16,1.0,8.126,1.0,6.454,8.126,1.0,101.16,101.173,1.0,3.059,3.059,0.0,2.619,3.215,1.0,0.4458125,1.0,42.9487916667,1.0,234.0023125,1.0,21.7481666667,1.0,23.6861458333,1.0,389.477479167,1.0,392.244,1.0,16.592,1.0,19.325,1.0,-2.44408,1.0,16.3906,1.0,25.0821,24.0352,25.8208,1.6069,2.08184,7.61242,1.0,11.6491,11.1629,11.9921,2.9931,3.05557,9.0,1,25,23,25,23,3.27613,1.0,0.136841,0.144712,3.26779,1.0,0.137219,0.145069,3.29557,0.998437,0.00700079,3.25256,3.25316,3.26083,3.26868,3.3198,3.34731,3.37665,1.0,1.0,1.0,1.0,1.0,1.0,0.979167,4.09592,0.417544,1.0,0.153754,0.157903,2.13651,0.873049,1.0,0.218642,0.222192,4.08049,0.412506,1.0,0.15497,0.159087,2.13651,0.873049,1.0,0.218585,0.222135,4.0523,4.05341,4.06761,4.08212,4.10438,4.12533,4.21975,1.0,1.0,1.0,1.0,1.0,1.0,1.0,2.13651,2.13651,2.13651,2.13651,2.2115,2.21563,2.21969,1.0,1.0,1.0,1.0,1.0,1.0,1.0,4.59816,4.52514,4.34263,0.0327889,4.01855,4.07693,4.17409,4.41821,4.43504,4.45354,4.59816,1.31707,1.25734,1.04706,0.0349533,0.700603,0.732289,0.86189,1.15463,1.1773,1.18584,1.31707,4.50956,4.85559,4.50347,0.0928887,2.89301,4.10385,4.33604,4.52494,4.67637,4.73695,5.41974,0.865228,1.11398,0.9434,0.038174,0.35941,0.733665,0.834659,0.949095,1.01596,1.03517,1.30608,-9999,-9999
20121022,12.919,1.0,11.465,0.917,1.0,14.5,2.525,1.0,11.529,11.107,0.514,11.987,0.705,12.919,1.0,11.465,0.917,1.0,14.5,2.525,1.0,263.003,124.105,1.0,59.634,124.105,1.0,352.975,1.0,360.346,352.975,1.0,339.061,1.0,364.428,339.061,1.0,3.896,1.0,2.173,3.896,1.0,101.104,101.181,1.0,17.359,17.359,0.0,4.913,2.343,1.0,0.3295625,1.0,68.7947916667,1.0,240.098645833,1.0,23.0785833333,1.0,26.3056041667,1.0,381.068354167,1.0,429.728,1.0,14.92,1.0,19.501,1.0,-8.51831,1.0,26.6922,1.0,41.454,39.1415,42.0556,1.40967,2.57945,13.1928,1.0,20.489,19.346,20.7863,2.70386,2.90702,8.0,1,25,23,25,23,3.97063,0.9375,0.12231,0.177726,3.96726,0.9375,0.123408,0.178484,3.89125,0.941146,0.0169052,3.70898,3.71354,3.78424,3.93837,3.95925,3.97143,3.99669,0.75,0.9375,0.895833,0.979167,0.979167,0.979167,0.979167,4.19413,0.899117,1.0,0.153977,0.161351,3.42645,1.60043,0.869565,0.180257,0.312261,4.18791,0.898572,1.0,0.155579,0.162881,3.42645,1.60043,0.869565,0.181655,0.313071,4.03118,4.05085,4.09054,4.10916,4.13919,4.14729,4.25229,1.0,1.0,1.0,1.0,1.0,1.0,0.76,2.96256,3.01046,3.15025,3.44344,3.51943,3.52042,3.52335,0.73913,0.869565,0.782609,0.869565,0.956522,0.956522,0.956522,4.44058,4.35292,3.97308,0.0633398,3.41593,3.47535,3.56633,4.17169,4.18923,4.23495,4.44058,0.504071,0.385658,0.0818272,0.050835,-0.324887,-0.297637,-0.254712,0.210828,0.245376,0.270367,0.504071,4.8374,4.87014,4.67988,0.122482,2.87373,3.9113,4.46535,4.78201,4.89293,4.93695,6.4472,0.760707,1.022,0.927092,0.0448457,0.396348,0.554396,0.792671,0.964165,1.01882,1.04932,1.57095,-9999,-9999
20121023,12.51,1.0,10.367,0.647,1.0,14.84,2.527,1.0,11.55,10.487,0.749,12.705,1.738,12.51,1.0,10.367,0.647,1.0,14.84,2.527,1.0,260.405,143.867,1.0,128.015,143.867,1.0,327.869,1.0,332.515,327.869,1.0,316.858,1.0,331.989,316.858,1.0,4.751,1.0,3.932,4.751,1.0,101.645,101.732,1.0,2.295,2.295,0.0,2.261,1.202,1.0,0.144791666667,1.0,67.8250208333,1.0,282.104458333,1.0,24.5475208333,1.0,26.6487916667,1.0,375.941604167,1.0,420.644,1.0,14.202,1.0,24.231,1.0,-9.23229,1.0,24.5796,1.0,37.6135,35.8972,38.7271,1.55814,2.61309,24.3278,1.0,37.2281,35.5294,38.3302,2.95287,3.60973,7.0,1,25,23,25,23,3.53288,0.958333,0.123809,0.174576,3.57914,0.958333,0.123875,0.174622,3.55133,0.9625,0.017414,3.37955,3.4469,3.46294,3.50979,3.69084,3.69306,3.69858,1.0,0.9375,1.0,1.0,0.958333,0.958333,0.958333,3.96257,0.110499,1.0,0.149994,0.212211,2.79779,1.01892,0.913043,0.18819,0.241952,3.96088,0.106564,1.0,0.151031,0.212945,2.89265,1.05199,0.913043,0.187384,0.241325,3.83474,3.87875,3.89567,3.97743,4.17856,4.17898,4.21095,1.0,1.0,1.0,1.0,1.0,1.0,1.0,2.47035,2.58054,2.68035,2.76214,2.88024,2.88468,2.89699,0.869565,1.0,1.0,1.0,0.913043,0.913043,0.913043,4.46077,4.35186,3.76848,0.0962136,2.97789,3.03083,3.11187,4.08339,4.10921,4.20118,4.46077,0.905991,0.772726,0.21586,0.104861,-0.71295,-0.662135,-0.51844,0.605299,0.658264,0.729324,0.905991,5.06428,4.87034,4.80854,0.116215,3.12749,4.00129,4.64594,4.93084,5.08184,5.12765,6.23114,0.945997,1.10607,1.05277,0.0480413,0.479568,0.548245,0.945997,1.10707,1.21753,1.24849,1.62396,-9999,-9999
20121024,13.441,1.0,11.28,0.891,1.0,15.79,2.855,1.0,11.935,11.047,2.089,12.901,1.707,13.441,1.0,11.28,0.891,1.0,15.79,2.855,1.0,257.824,140.152,1.0,119.371,140.152,1.0,345.058,1.0,343.5,345.058,1.0,313.665,1.0,344.793,313.665,1.0,5.247,1.0,3.402,5.247,1.0,102.066,102.075,1.0,2.63,2.63,0.0,2.445,1.564,1.0,0.207395833333,1.0,80.7360217391,0.958333333333,272.103541667,1.0,26.6656304348,0.958333333333,27.9160434783,0.958333333333,382.157521739,0.958333333333,419.803,1.0,14.145,1.0,23.582,1.0,-5.27776,1.0,21.5953,1.0,34.0199,31.5388,34.025,1.84684,2.60913,30.4002,1.0,47.8906,44.3979,47.8978,3.05554,4.00844,6.0,1,25,23,25,23,3.34365,1.0,0.133701,0.324468,3.46424,1.0,0.13221,0.323856,3.30146,0.989583,0.0503225,2.63633,2.99596,3.01516,3.34365,3.57403,3.58724,3.64695,0.9375,1.0,1.0,1.0,1.0,1.0,1.0,3.06281,0.821084,1.0,0.177113,0.335271,3.39524,1.59438,1.0,0.187715,0.385653,3.06407,0.819691,1.0,0.17828,0.335889,3.63639,1.38848,1.0,0.182054,0.382929,2.58106,2.6274,2.66682,3.04472,3.17231,3.19674,3.30722,1.0,1.0,0.84,1.0,1.0,1.0,1.0,2.69614,3.06577,3.21964,3.39524,3.73953,3.73953,3.73953,0.869565,1.0,1.0,1.0,1.0,1.0,1.0,4.51489,4.48284,3.68469,0.125425,2.66096,2.70394,2.77103,4.1743,4.21326,4.33631,4.51489,1.18341,1.0186,0.383017,0.0919056,-0.409117,-0.330552,-0.238764,0.553739,0.63995,0.847767,1.18341,5.25303,4.87782,4.91023,0.0883755,3.37349,4.25179,4.65063,5.11797,5.20591,5.26203,5.50677,1.11787,0.946933,0.973602,0.0422561,0.352319,0.542235,0.889868,1.07979,1.17652,1.20216,1.21447,-9999,-9999
20121025,13.892,1.0,12.225,0.751,1.0,15.704,2.611,1.0,14.42,12.893,1.236,16.08,2.08,13.892,1.0,12.225,0.751,1.0,15.704,2.611,1.0,255.262,159.364,1.0,137.775,159.364,1.0,338.349,1.0,345.059,338.349,1.0,313.439,1.0,346.61,313.439,1.0,5.581,1.0,6.493,5.581,1.0,102.445,102.457,1.0,0.052,0.052,0.0,2.739,2.421,1.0,0.299875,1.0,-9999,0.0,312.143354167,1.0,-9999,0.0,-9999,0.0,-9999,0.0,397.064,1.0,15.39,1.0,21.355,1.0,-5.19757,1.0,31.5733,1.0,49.7386,46.2991,49.7461,2.35407,3.4743,35.4342,1.0,55.8208,51.9607,55.8292,3.34036,4.40245,5.0,1,25,23,25,23,2.4535,1.0,0.153186,0.557759,2.45516,1.0,0.153354,0.557805,2.51597,0.991667,0.0705304,1.88985,1.92925,2.04016,2.5285,2.98996,3.00187,3.1147,1.0,1.0,0.979167,0.958333,1.0,1.0,1.0,2.44278,0.600571,1.0,0.198909,0.771543,2.27901,1.54437,1.0,0.219459,0.361111,2.44585,0.598081,1.0,0.200833,0.772041,2.27901,1.54437,1.0,0.217859,0.360141,1.42743,1.54526,1.65487,2.44278,3.0164,3.03618,3.21729,1.0,1.0,1.0,1.0,1.0,1.0,1.0,2.15219,2.17885,2.24865,2.53006,2.73455,2.7524,2.76783,1.0,1.0,0.956522,0.913043,0.956522,1.0,1.0,3.92089,3.96472,3.31487,0.125524,2.28899,2.32455,2.37908,3.88676,3.93157,3.96232,4.10565,1.47712,1.50956,0.798899,0.0865705,0.0428006,0.120419,0.334192,0.842366,1.03792,1.23277,1.51444,4.90259,4.5635,4.79059,0.106378,3.78695,4.15279,4.21779,4.788,4.90765,4.9707,6.12901,1.10703,0.886429,0.962021,0.045662,0.48351,0.575239,0.688193,1.05556,1.10703,1.12735,1.39354,-9999,-9999
20121026,14.721,1.0,11.645,2.124,1.0,18.357,4.196,1.0,14.204,11.8,2.541,17.046,4.618,14.721,1.0,11.645,2.124,1.0,18.357,4.196,1.0,252.721,172.473,1.0,172.479,172.473,1.0,344.0,0.916667,321.055,342.167,0.916667,317.308,1.0,318.631,317.308,1.0,9.489,1.0,8.978,9.489,1.0,102.191,102.214,1.0,0.0,0.0,0.0,3.457,1.177,1.0,0.145125,1.0,-9999,0.0,326.242895833,1.0,-9999,0.0,-9999,0.0,-9999,0.0,446.116,1.0,16.588,0.916667,21.024,0.916667,-3.44368,0.916667,25.0007,1.0,38.8224,-9999,-9999,1.73552,-9999,36.5517,1.0,56.7593,-9999,-9999,3.0791,-9999,5.0,2,26,22,26,22,3.02597,0.958333,0.190776,0.298815,3.02951,0.958333,0.190039,0.298345,2.88336,0.895833,0.0392449,2.42592,2.64069,2.69362,3.01557,3.08162,3.10066,3.11208,0.791667,0.8125,0.833333,0.958333,0.958333,0.979167,0.958333,3.39666,0.746982,1.0,0.297947,0.453061,2.34787,1.12806,0.909091,0.192092,0.223604,3.39247,0.741232,1.0,0.295675,0.45157,2.36028,1.13119,0.909091,0.193759,0.225037,2.48719,2.84355,2.91117,3.38449,3.5106,3.52617,3.58174,0.692308,0.807692,0.807692,1.0,1.0,1.0,1.0,2.15192,2.16883,2.19902,2.27748,2.34569,2.39774,2.41351,0.909091,0.818182,0.818182,0.909091,0.909091,0.954545,0.909091,3.29667,3.3309,2.84473,0.114374,1.92282,1.94998,1.99078,3.32343,3.3831,3.44403,3.6169,0.281092,0.301383,-0.0385985,0.0871738,-0.79906,-0.73566,-0.71787,0.234472,0.355504,0.41135,0.630094,4.12127,4.05978,4.54696,0.204841,3.57182,3.93178,3.9578,4.07237,4.38299,4.74314,7.9991,0.870283,0.824658,0.947099,0.0853484,0.437097,0.570312,0.675927,0.869136,0.895918,0.976517,2.3861,-9999,-9999
20121027,15.684,1.0,11.521,3.714,1.0,20.605,4.943,1.0,16.488,13.595,3.187,19.908,4.942,15.684,1.0,11.521,3.714,1.0,20.605,4.943,1.0,250.2,167.203,1.0,168.358,167.203,1.0,343.215,0.770833,340.848,341.139,0.770833,345.57,1.0,341.701,345.57,1.0,7.341,1.0,7.742,7.341,1.0,101.673,101.731,1.0,0.0,0.0,0.0,3.413,1.111,1.0,0.125666666667,1.0,-9999,-9999,317.231541667,1.0,-9999,-9999,-9999,-9999,-9999,-9999,529.76,1.0,16.788,0.770833,20.93,0.770833,-4.24163,0.770833,22.2968,1.0,34.7496,-9999,-9999,1.45542,-9999,43.6422,1.0,68.0162,-9999,-9999,2.62346,-9999,4.0,2,26,22,26,22,2.49514,0.770833,0.20599,0.304214,2.50303,0.770833,0.206906,0.304836,2.49247,0.729167,0.0380641,1.8731,2.27349,2.32567,2.49514,2.69742,2.72121,2.76287,0.6875,0.6875,0.583333,0.770833,0.8125,0.833333,0.854167,2.76279,1.15182,0.692308,0.175096,0.673063,1.98093,2.5509,0.863636,0.380461,0.453234,2.76999,1.14149,0.692308,0.178134,0.67386,1.989,2.5468,0.863636,0.380688,0.453425,1.26216,1.79809,2.07702,2.72081,3.08611,3.09787,3.18595,0.692308,0.692308,0.423077,0.692308,0.807692,0.807692,0.846154,1.98093,1.9991,2.03,2.06024,2.43507,2.49173,2.61898,0.863636,0.863636,0.818182,0.863636,0.772727,0.818182,0.681818,2.63898,2.66422,2.35175,0.104148,1.53746,1.5526,1.58506,2.6932,2.83663,2.88317,3.18211,0.172664,0.161191,-0.140781,0.0773104,-0.836807,-0.787898,-0.68255,0.113874,0.174256,0.235729,0.497555,3.52852,3.35396,4.18466,0.236154,2.89245,3.31844,3.47902,3.71573,4.15226,4.84563,8.10507,0.668392,0.556119,0.819572,0.0938562,0.408815,0.494651,0.572225,0.662215,0.716091,0.837656,2.48626,-9999,-9999
20121028,16.45,1.0,12.745,3.03,1.0,20.828,5.705,1.0,17.229,14.916,2.656,19.963,4.846,16.45,1.0,12.745,3.03,1.0,20.828,5.705,1.0,247.701,162.517,1.0,167.278,162.517,1.0,352.437,0.666667,339.164,346.849,0.666667,345.436,1.0,339.738,345.436,1.0,6.93,1.0,7.017,6.93,1.0,101.547,101.6,1.0,0.0,0.0,0.0,2.014,0.851,1.0,0.0898541666667,1.0,-9999,0.0,308.202333333,1.0,-9999,0.0,-9999,0.0,-9999,0.0,485.726,1.0,17.085,0.666667,20.941,0.666667,-2.22476,0.666667,20.4597,1.0,31.9236,-9999,-9999,1.59572,-9999,41.4498,1.0,64.6748,-9999,-9999,2.69597,-9999,3.0,2,26,22,26,22,2.32268,0.854167,0.142685,0.534041,2.32746,0.854167,0.14496,0.534654,2.17449,0.793229,0.0680694,1.60005,1.62511,1.70933,2.30354,2.59427,2.65436,2.68658,0.541667,0.770833,0.666667,0.875,0.875,0.916667,0.875,2.06443,1.92192,0.923077,0.192209,0.985901,2.44366,1.14821,0.772727,0.195953,0.296604,2.0622,1.91836,0.923077,0.19513,0.986474,2.45633,1.12113,0.772727,0.199273,0.298808,0.63733,0.746197,0.828759,2.06443,2.63784,2.68016,2.83671,0.730769,0.730769,0.730769,0.923077,0.923077,0.923077,0.923077,2.11252,2.24112,2.34188,2.48107,2.52013,2.68643,2.80073,0.818182,0.636364,0.909091,0.818182,0.818182,0.363636,0.545455,1.94283,1.96045,1.83006,0.0949796,1.13058,1.13874,1.16166,2.00106,2.25877,2.29572,2.76944,-0.299199,-0.367007,-0.344652,0.0429593,-0.702464,-0.595319,-0.494533,-0.388074,-0.314895,-0.184599,0.253303,3.08872,2.38037,3.66678,0.192944,2.12966,2.79963,3.08872,3.24519,4.05051,4.56342,6.35964,0.632386,0.185529,0.667986,0.0679075,0.216646,0.347793,0.43289,0.550576,0.681739,0.756006,1.77794,-9999,-9999
20121029,15.66,1.0,11.872,2.805,1.0,20.137,5.684,1.0,16.324,13.919,2.106,19.166,4.183,15.66,1.0,11.872,2.805,1.0,20.137,5.684,1.0,245.225,162.999,1.0,168.264,162.999,1.0,346.315,0.604167,328.289,338.415,0.604167,340.246,1.0,327.063,340.246,1.0,5.72,1.0,5.601,5.72,1.0,101.838,101.846,1.0,0.0,0.0,0.0,1.392,0.88,1.0,0.09675,1.0,-9999,0.0,305.007729167,1.0,-9999,0.0,-9999,0.0,-9999,0.0,458.465,1.0,16.76,0.604167,21.666,0.604167,-4.34327,0.604167,18.5491,1.0,29.2211,-9999,-9999,1.4814,-9999,47.8632,1.0,75.4008,-9999,-9999,2.41178,-9999,2.0,2,26,22,26,22,1.70081,0.916667,0.184693,0.53137,1.71637,0.895833,0.188844,0.532827,1.69362,0.759896,0.0697869,1.04502,1.16223,1.27681,1.70081,2.08839,2.15871,2.26179,0.645833,0.645833,0.625,0.916667,0.916667,0.895833,0.916667,1.72501,2.40939,0.923077,0.201149,1.2594,1.53732,2.89352,0.909091,0.307049,0.576294,1.72494,2.4093,0.923077,0.204143,1.25988,1.5701,2.90706,0.863636,0.315339,0.580753,0.0197114,0.0572828,0.23944,1.72501,2.51446,2.54375,2.75657,0.538462,0.538462,0.538462,0.923077,0.961538,0.961538,0.961538,1.35905,1.46982,1.53243,1.59245,2.17848,2.44518,2.5272,0.863636,0.863636,0.818182,0.863636,0.772727,0.318182,0.636364,1.15488,1.16614,1.22586,0.0844697,0.673048,0.680401,0.690486,1.2132,1.58017,1.60383,2.23302,-0.458842,-0.550224,-0.467087,0.0405384,-0.854919,-0.637048,-0.607371,-0.539059,-0.372116,-0.353006,0.0874592,2.63815,2.54474,3.17709,0.148093,1.94555,2.45185,2.60659,2.87083,3.57926,4.41202,4.96923,0.645429,0.374426,0.614182,0.0496515,0.208508,0.29499,0.431157,0.561764,0.729338,0.853774,1.20272,-9999,-9999
20121030,14.973,1.0,11.172,3.181,1.0,19.465,4.48,1.0,14.698,12.305,1.746,17.525,3.871,14.973,1.0,11.172,3.181,1.0,19.465,4.48,1.0,242.773,160.507,1.0,166.815,160.507,1.0,340.011,0.625,323.568,333.221,0.625,336.604,1.0,321.56,336.604,1.0,4.879,1.0,4.491,4.879,1.0,101.703,101.697,1.0,0.0,0.0,0.0,2.104,1.318,1.0,0.190104166667,1.0,-9999,0.0,300.285104167,1.0,-9999,0.0,-9999,0.0,-9999,0.0,424.652,1.0,16.138,0.625,22.236,0.625,-5.44475,0.625,16.6651,1.0,26.2532,-9999,-9999,1.47137,-9999,40.3378,1.0,63.5457,-9999,-9999,2.33545,-9999,1.0,2,26,22,26,22,2.73675,0.854167,0.141759,0.912459,2.7404,0.854167,0.147914,0.913436,2.03641,0.75625,0.115854,0.88361,0.909391,1.48609,2.35944,2.6294,2.71215,2.80883,0.541667,0.5,0.604167,0.854167,0.895833,0.895833,0.9375,3.14222,2.90422,0.769231,0.18249,2.04837,2.04049,1.91825,0.954545,0.205715,0.522379,3.14222,2.90422,0.769231,0.192285,2.04927,2.04816,1.91382,0.954545,0.212305,0.525009,-0.555832,-0.51784,1.12254,2.9335,3.56168,3.56261,3.94396,0.730769,0.730769,0.5,0.769231,0.846154,0.846154,0.884615,1.24452,1.2775,1.30061,1.74135,2.01896,2.23783,2.50827,1.0,1.0,1.0,0.772727,0.954545,0.590909,0.318182,0.400015,0.40442,0.646739,0.0787451,0.233482,0.234284,0.237345,0.447196,0.930458,0.941503,1.72161,-2.18653,-2.33598,-1.38965,0.0789871,-2.32285,-1.85022,-1.78452,-1.32999,-1.047,-0.890983,-0.648957,2.36636,3.88141,2.88163,0.152343,1.88442,2.13476,2.21862,2.51474,3.33025,3.90532,4.77506,0.578839,1.13889,0.552465,0.065174,0.0700721,0.10182,0.342578,0.529164,0.578839,0.782644,1.33415,-9999,-9999
20121031,15.375,1.0,14.179,0.85,1.0,16.788,1.412,1.0,13.723,12.528,2.196,15.134,1.289,15.375,1.0,14.179,0.85,1.0,16.788,1.412,1.0,240.346,77.487,1.0,76.217,77.487,1.0,339.89,0.4375,367.521,361.675,0.4375,381.012,1.0,372.791,381.012,1.0,3.966,1.0,3.276,3.966,1.0,101.642,101.626,1.0,1.416,1.416,0.0,2.518,1.991,1.0,0.29925,1.0,-9999,0.0,160.557020833,1.0,-9999,0.0,-9999,0.0,-9999,0.0,375.811,1.0,15.679,0.4375,21.666,0.4375,-7.86693,0.4375,23.4972,-9999,-9999,-9999,-9999,1.91278,-9999,8.55184,-9999,-9999,-9999,-9999,2.48335,-9999,-9999,-9999,26,22,26,22,-1.34493,1.0,0.394428,0.56102,-1.32065,1.0,0.395346,0.561666,-1.11875,0.952604,0.0569346,-1.65887,-1.54822,-1.45076,-1.12962,-0.979048,-0.750297,-0.559618,1.0,1.0,1.0,1.0,1.0,0.75,0.854167,-2.18172,3.67515,1.0,0.578039,0.739657,-0.249313,3.33493,1.0,0.470149,1.0943,-2.13854,3.69914,1.0,0.579927,0.741133,-0.249313,3.33493,1.0,0.470309,1.09436,-2.80352,-2.66881,-2.52634,-2.04693,-1.82061,-1.74585,-1.60952,1.0,1.0,1.0,1.0,1.0,1.0,1.0,-0.333738,-0.269463,-0.269463,-0.188453,-0.156289,1.70684,1.91818,1.0,1.0,1.0,1.0,1.0,0.454545,0.454545,0.184013,0.182046,0.38354,0.0600553,0.137022,0.181952,0.184166,0.198409,0.471273,0.472506,1.315,1.63477,1.5027,1.50153,0.0754493,0.723372,0.862667,1.32667,1.56897,1.73734,1.81925,2.29405,2.35449,4.04215,2.73004,0.168518,1.53392,1.68955,1.94399,2.42764,3.32517,3.90828,4.79417,0.284373,1.09877,0.323552,0.0607629,0.0,0.0,0.0,0.252955,0.289529,0.546788,1.18918,-9999,-9999
20121101,15.231,1.0,13.027,1.132,1.0,17.835,2.66,1.0,14.453,13.31,1.057,15.804,1.11,15.231,1.0,13.027,1.132,1.0,17.835,2.66,1.0,237.945,121.154,1.0,84.594,121.154,1.0,340.191,0.0,362.072,362.072,0.0,342.534,1.0,366.44,342.534,1.0,3.782,1.0,2.032,3.782,1.0,101.714,101.739,1.0,4.241,4.241,0.0,1.949,1.179,1.0,0.153708333333,1.0,-9999,0.0,238.9826875,1.0,-9999,0.0,-9999,0.0,-9999,0.0,408.873,1.0,16.414,0.0,20.43,0.0,-5.55922,0.0,24.2767,-9999,-9999,-9999,-9999,1.67421,-9999,28.5434,-9999,-9999,-9999,-9999,2.70452,-9999,-9999,-9999,26,22,26,22,0.704696,0.979167,0.209532,0.503159,0.75038,0.979167,0.212047,0.504211,0.877164,0.930208,0.0623926,0.159524,0.282044,0.590288,0.89858,1.16567,1.19695,1.34694,0.895833,0.895833,0.9375,0.979167,0.854167,0.979167,0.875,0.504191,0.701991,1.0,0.209848,0.788971,0.885763,3.22758,0.954545,0.364105,1.2623,0.587778,0.651587,1.0,0.213346,0.789908,0.883028,3.22279,0.954545,0.367683,1.26334,-0.283024,-0.0872802,0.0737563,0.64773,1.35478,1.43382,1.76845,1.0,1.0,1.0,1.0,1.0,1.0,1.0,0.16624,0.18979,0.200046,0.598021,0.957802,2.60709,2.82104,0.954545,0.954545,0.954545,0.772727,0.954545,0.681818,0.636364,0.596574,0.590223,0.717294,0.0439396,0.431789,0.589796,0.600291,0.620265,0.733129,0.741271,1.4127,0.00628634,-0.160156,-0.159652,0.0690078,-0.910917,-0.660687,-0.588919,-0.157309,0.256932,0.339587,0.459684,2.45853,2.90152,2.62094,0.141084,1.58936,1.69529,1.95408,2.46339,2.80868,3.36019,4.17895,0.334022,0.530313,0.280522,0.0365281,0.0,0.0,0.0,0.293407,0.33531,0.46321,0.678105,-9999,-9999
20121102,13.973,1.0,11.205,1.562,1.0,17.245,3.197,1.0,12.912,11.296,1.369,14.822,3.267,13.973,1.0,11.205,1.562,1.0,17.245,3.197,1.0,235.571,147.066,1.0,137.969,147.066,1.0,342.538,0.0,333.064,333.064,0.0,319.7,1.0,332.628,319.7,1.0,4.428,1.0,3.123,4.428,1.0,101.777,101.846,1.0,0.08,0.08,0.0,2.493,1.508,1.0,0.171875,1.0,-9999,0.0,276.455583333,1.0,-9999,0.0,-9999,0.0,-9999,0.0,394.809,1.0,15.573,0.0,21.324,0.0,-5.13141,0.0,20.358,-9999,-9999,-9999,-9999,1.69936,-9999,38.4565,-9999,-9999,-9999,-9999,2.8039,-9999,-9999,-9999,26,22,26,22,2.04085,1.0,0.193393,0.415114,2.06552,1.0,0.193714,0.415264,2.17975,0.954688,0.0467846,1.72488,1.76584,1.98558,2.13442,2.35606,2.50047,2.66742,1.0,1.0,1.0,0.729167,1.0,1.0,1.0,1.87122,1.28289,1.0,0.18922,0.380338,2.07945,1.56667,1.0,0.339593,0.500564,1.9098,1.236,1.0,0.189278,0.380366,2.08573,1.55817,1.0,0.340356,0.501082,1.65129,1.74888,1.75347,1.90406,2.33574,2.40874,2.68981,1.0,1.0,1.0,1.0,1.0,1.0,1.0,1.64582,1.67505,2.00229,2.19262,2.31745,2.41055,2.42686,1.0,1.0,1.0,1.0,0.636364,1.0,1.0,0.980631,0.97097,1.08065,0.0353485,0.822713,0.956737,0.969716,1.0244,1.06735,1.08286,1.63757,-0.905493,-1.09455,-1.09897,0.0375384,-1.41804,-1.39903,-1.31423,-1.09776,-0.961179,-0.752374,-0.714802,2.58862,2.2836,2.59187,0.131441,1.56751,1.63123,2.00222,2.51556,2.66048,3.17291,3.82056,0.414111,0.313997,0.321917,0.0338853,0.0490575,0.0683853,0.0728958,0.35014,0.403511,0.414111,0.467238,-9999,-9999
20121103,14.66,1.0,11.247,2.77,1.0,18.693,4.526,1.0,14.229,11.892,2.824,16.992,4.483,14.66,1.0,11.247,2.77,1.0,18.693,4.526,1.0,233.226,154.66,1.0,152.271,154.66,1.0,342.871,0.0,336.195,336.195,0.0,321.29,1.0,336.278,321.29,1.0,5.594,1.0,5.324,5.594,1.0,102.005,102.058,1.0,0.0,0.0,0.0,2.724,0.937,1.0,0.111375,1.0,-9999,-9999,290.347583333,1.0,-9999,-9999,-9999,-9999,-9999,-9999,420.926,1.0,16.14,0.0,21.256,0.0,-4.38886,0.0,22.204,-9999,-9999,-9999,-9999,1.54317,-9999,45.3063,-9999,-9999,-9999,-9999,2.66071,-9999,-9999,-9999,26,22,26,22,1.97222,0.916667,0.135725,0.201164,1.98505,0.9375,0.140521,0.20443,1.98664,0.9,0.0206616,1.75118,1.81035,1.87458,2.00023,2.05581,2.10731,2.18349,0.854167,0.854167,0.75,0.9375,0.958333,0.958333,0.75,1.7168,1.35206,1.0,0.178852,0.311868,2.11765,1.22723,0.818182,0.191713,0.262291,1.76281,1.30063,1.0,0.187457,0.316881,2.09025,1.19751,0.863636,0.19547,0.265049,1.31587,1.49968,1.60039,1.7528,1.96687,2.01066,2.17498,1.0,1.0,1.0,1.0,1.0,1.0,1.0,1.89255,1.90915,1.9149,1.97442,2.134,2.26716,2.44224,0.681818,0.863636,0.681818,0.863636,0.863636,0.681818,0.636364,1.41679,1.40184,1.4992,0.0294126,1.25652,1.36233,1.40073,1.46583,1.48914,1.49859,1.95387,-0.398414,-0.583211,-0.487295,0.0269038,-0.761275,-0.675577,-0.627344,-0.534079,-0.342929,-0.291206,-0.20421,3.05455,2.5277,2.96982,0.122477,1.96082,1.97269,2.34472,2.96083,3.22167,3.56731,3.71137,0.457691,0.309658,0.416051,0.0294669,0.162632,0.226689,0.241638,0.438606,0.46907,0.48329,0.657893,-9999,-9999
20121104,15.068,1.0,11.474,3.087,1.0,19.69,5.323,1.0,16.267,13.767,3.052,19.482,5.192,15.068,1.0,11.474,3.087,1.0,19.69,5.323,1.0,230.911,152.683,1.0,154.541,152.683,1.0,347.532,0.0,335.892,335.892,0.0,344.671,1.0,335.924,344.671,1.0,5.743,1.0,7.808,5.743,1.0,102.164,102.237,1.0,0.0,0.0,0.0,2.635,1.074,1.0,0.1313125,1.0,-9999,0.0,282.411770833,1.0,-9999,0.0,-9999,0.0,-9999,0.0,448.906,0.979167,16.481,0.0,21.24,0.0,-4.1476,0.0,22.7684,-9999,-9999,-9999,-9999,1.46683,-9999,43.8601,-9999,-9999,-9999,-9999,2.7156,-9999,-9999,-9999,27,21,27,21,1.75706,1.0,0.134231,0.283951,1.81854,1.0,0.141368,0.287394,1.93538,0.978646,0.0328193,1.61732,1.6459,1.75706,1.93892,2.07511,2.14634,2.23338,0.979167,0.979167,1.0,1.0,0.979167,0.979167,0.979167,1.6978,1.14913,1.0,0.169705,0.346024,1.68726,1.15078,1.0,0.199518,0.330671,1.73286,1.10427,1.0,0.179062,0.350708,1.77759,1.11014,1.0,0.209655,0.336885,1.45421,1.50452,1.58092,1.73097,2.06312,2.10762,2.28124,1.0,1.0,1.0,1.0,1.0,1.0,1.0,1.59268,1.68726,1.69367,1.83687,1.95246,2.21465,2.40524,0.952381,1.0,0.952381,1.0,0.952381,1.0,0.857143,1.84942,1.82929,1.91334,0.0238384,1.6882,1.76436,1.82828,1.90906,1.9382,1.95011,2.25967,0.10674,0.0107523,-0.0210824,0.0316755,-0.275825,-0.223392,-0.205525,-0.0358898,0.10674,0.236208,0.295029,3.21178,2.74387,3.15701,0.11202,2.29756,2.32989,2.71734,3.12806,3.40159,3.52944,3.85976,0.474515,0.357507,0.472736,0.0264242,0.252503,0.312889,0.345163,0.437215,0.545359,0.574224,0.686525,-9999,-9999
20121105,15.323,1.0,11.225,3.58,1.0,20.592,6.46,1.0,16.485,13.81,3.881,19.923,5.945,15.323,1.0,11.225,3.58,1.0,20.592,6.46,1.0,228.626,149.793,1.0,157.353,149.793,1.0,346.783,0.0,326.495,326.495,0.0,349.29,1.0,324.972,349.29,1.0,6.085,1.0,9.099,6.085,1.0,101.991,102.062,1.0,0.0,0.0,0.0,2.356,0.8,1.0,0.0981666666667,1.0,-9999,0.0,275.375479167,1.0,-9999,0.0,-9999,0.0,-9999,0.0,401.385,0.979167,16.425,0.0,21.92,0.0,-4.75869,0.0,20.1182,-9999,-9999,-9999,-9999,1.39535,-9999,38.5348,-9999,-9999,-9999,-9999,2.61681,-9999,-9999,-9999,27,21,27,21,2.0498,0.916667,0.13559,0.194163,1.97023,0.9375,0.143602,0.199841,2.06351,0.94375,0.0195893,1.89392,1.9086,1.99026,2.04605,2.11775,2.18656,2.28016,0.916667,0.875,0.979167,0.958333,0.895833,0.958333,0.958333,1.94325,1.22007,1.0,0.16863,0.366841,2.01648,1.38009,0.809524,0.205395,0.407446,1.97606,1.17464,1.0,0.175889,0.370234,1.79902,1.48816,0.857143,0.221146,0.415609,1.43836,1.58662,1.85265,1.97064,2.15137,2.23819,2.38267,1.0,1.0,1.0,1.0,1.0,0.962963,0.962963,1.70305,1.7506,1.78777,1.88316,1.95002,2.45438,2.63091,1.0,0.952381,0.952381,0.952381,0.761905,0.857143,0.857143,2.28369,2.25813,2.32788,0.0194251,2.12246,2.16871,2.2337,2.35645,2.38772,2.39824,2.56143,0.213787,0.287897,0.264702,0.020959,0.0647231,0.132197,0.146877,0.236355,0.348804,0.443283,0.46256,3.08053,2.95164,3.1792,0.100162,2.62896,2.72353,2.9158,3.03783,3.18672,3.41406,3.66458,0.390468,0.454633,0.462781,0.0269014,0.28563,0.315636,0.334687,0.44638,0.5126,0.541272,0.724172,-9999,-9999
20121106,15.307,1.0,11.244,3.515,1.0,20.532,6.332,1.0,17.22,14.886,3.899,20.222,5.769,15.307,1.0,11.244,3.515,1.0,20.532,6.332,1.0,226.373,144.8,1.0,154.216,144.8,1.0,342.241,0.0,329.86,329.86,0.0,354.814,1.0,328.894,354.814,1.0,5.799,1.0,8.699,5.799,1.0,101.749,101.841,1.0,0.0,0.0,0.0,1.715,0.72,1.0,0.0901458333333,1.0,-9999,0.0,263.575979167,1.0,-9999,0.0,-9999,0.0,-9999,0.0,418.436,1.0,15.931,0.0,22.332,0.0,-5.63955,0.0,19.6992,-9999,-9999,-9999,-9999,1.46522,-9999,39.6785,-9999,-9999,-9999,-9999,2.73585,-9999,-9999,-9999,27,21,27,21,1.8194,1.0,0.153212,0.277583,1.80476,1.0,0.159663,0.281196,1.94275,0.963021,0.0297751,1.67,1.71084,1.81522,1.96683,2.02905,2.17378,2.248,0.958333,0.979167,1.0,1.0,0.979167,0.958333,0.958333,1.83148,1.21052,1.0,0.168276,0.465926,1.65268,1.70521,1.0,0.258988,0.510099,1.87409,1.15843,1.0,0.178399,0.469677,1.56566,1.68724,1.0,0.266583,0.513997,1.12188,1.27639,1.67846,1.86976,2.05215,2.14534,2.25212,1.0,1.0,1.0,1.0,1.0,0.962963,0.962963,1.41264,1.53872,1.6103,1.74659,2.02207,2.41765,2.79865,0.904762,0.857143,0.952381,0.952381,0.952381,0.904762,0.857143,2.70132,2.6712,2.72687,0.0175538,2.54103,2.55715,2.64587,2.78281,2.81714,2.83481,2.84135,0.856696,0.866438,0.784353,0.0348149,0.523502,0.56561,0.588683,0.726899,0.984957,1.08648,1.11756,3.13992,2.9795,3.19118,0.101591,2.67601,2.73086,2.975,3.08785,3.18956,3.24623,3.61392,0.343507,0.368019,0.397146,0.0283907,0.230853,0.2644,0.300325,0.361626,0.433588,0.455248,0.589059,-9999,-9999
20121107,14.36,1.0,11.541,2.408,1.0,17.983,3.712,1.0,14.376,12.228,2.046,17.137,4.18,14.36,1.0,11.541,2.408,1.0,17.983,3.712,1.0,224.152,149.032,1.0,146.748,149.032,1.0,349.172,0.0,327.956,327.956,0.0,338.833,1.0,326.675,338.833,1.0,4.431,1.0,4.239,4.431,1.0,101.556,101.549,1.0,0.0,0.0,0.0,2.125,1.698,1.0,0.239604166667,1.0,-9999,0.0,271.506958333,1.0,-9999,0.0,-9999,0.0,-9999,0.0,387.529,1.0,15.706,0.0,21.74,0.0,-4.00573,0.0,16.7294,-9999,-9999,-9999,-9999,1.66104,-9999,42.4248,-9999,-9999,-9999,-9999,2.92141,-9999,-9999,-9999,27,21,27,21,2.78132,0.979167,0.13859,0.166774,2.78619,0.979167,0.144218,0.17148,2.84432,0.947396,0.0132551,2.74778,2.78019,2.79091,2.81547,2.89307,2.96573,2.99962,1.0,1.0,1.0,0.979167,0.875,0.958333,0.895833,3.06876,0.362214,1.0,0.156739,0.177602,2.18063,1.66914,0.952381,0.22929,0.334656,3.07711,0.365162,1.0,0.166281,0.186077,2.18063,1.66914,0.952381,0.234949,0.338558,2.93869,3.01009,3.07795,3.13366,3.14887,3.17712,3.19437,0.925926,1.0,1.0,1.0,1.0,1.0,1.0,2.04026,2.06555,2.15946,2.17087,2.39124,2.55308,2.8145,1.0,1.0,0.904762,0.904762,0.904762,0.857143,0.619048,3.03026,2.99951,3.04342,0.0191696,2.86397,2.87394,2.94227,3.03026,3.14457,3.1807,3.19283,0.23231,0.213326,0.19891,0.0155895,0.0455228,0.0737603,0.105143,0.194414,0.2541,0.336699,0.341393,3.41971,2.75222,3.10507,0.121276,2.07378,2.2568,2.80798,3.07132,3.41971,3.45742,3.50869,0.359746,0.136108,0.29067,0.0357682,0.0855731,0.126709,0.152346,0.265648,0.357276,0.369489,0.412204,-9999,-9999
20121108,11.335,1.0,9.96,1.935,1.0,13.103,2.0,1.0,10.112,8.907,1.295,11.662,0.782,11.335,1.0,9.96,1.935,1.0,13.103,2.0,1.0,221.965,108.204,1.0,93.066,108.204,1.0,339.6,0.0,324.152,324.152,0.0,332.506,1.0,322.24,332.506,1.0,4.766,1.0,2.825,4.766,1.0,101.32,101.347,1.0,2.584,2.584,0.0,3.482,3.275,1.0,0.434666666667,1.0,-9999,0.0,205.418625,1.0,-9999,0.0,-9999,0.0,-9999,0.0,365.608,1.0,13.779,0.0,22.773,0.0,-8.98366,0.0,19.0537,-9999,-9999,-9999,-9999,1.58313,-9999,8.83901,-9999,-9999,-9999,-9999,3.19442,-9999,-9999,-9999,27,21,27,21,3.02951,0.979167,0.117497,0.122737,3.03246,0.979167,0.126248,0.131139,3.05441,0.979688,0.00516637,3.0036,3.01632,3.02874,3.06702,3.07753,3.08729,3.0918,0.9375,0.979167,0.979167,1.0,0.979167,0.979167,0.979167,2.92888,0.485803,1.0,0.14093,0.147638,2.90715,0.646367,0.952381,0.184786,0.191592,2.93276,0.486698,1.0,0.150885,0.157168,2.90866,0.646584,0.952381,0.199232,0.20556,2.89883,2.92888,2.92903,2.95709,3.00955,3.01688,3.02528,1.0,1.0,1.0,1.0,1.0,1.0,1.0,2.72816,2.87434,2.89496,2.90785,2.97535,2.97557,2.97557,0.857143,1.0,0.952381,0.952381,0.952381,0.952381,0.952381,3.09469,3.07296,3.10561,0.0217209,2.93471,2.9432,2.97403,3.06409,3.25827,3.2737,3.28656,0.0270157,0.0405002,0.0511989,0.0214862,-0.0940359,-0.0857535,-0.083081,0.0345865,0.154307,0.210442,0.2811,3.86965,2.43763,2.986,0.150685,1.55439,1.72117,2.31619,2.98864,3.66772,3.78814,3.86965,0.415073,0.016866,0.239946,0.0424258,0.0,0.0,0.00707562,0.222184,0.393767,0.425298,0.469333,-9999,-9999
20121109,8.801,1.0,7.216,1.385,1.0,10.837,2.487,1.0,8.203,7.502,1.135,9.103,1.44,8.801,1.0,7.216,1.385,1.0,10.837,2.487,1.0,219.813,141.52,1.0,91.067,141.52,1.0,320.513,0.0,324.962,324.962,0.0,300.616,1.0,323.184,300.616,1.0,3.497,1.0,2.927,3.497,1.0,101.351,101.452,1.0,3.471,3.471,0.0,1.785,1.784,1.0,0.22775,1.0,-9999,0.0,261.017958333,1.0,-9999,0.0,-9999,0.0,-9999,0.0,387.711,1.0,11.669,0.0,34.926,0.0,-5.89416,0.0,23.5198,-9999,-9999,-9999,-9999,1.53437,-9999,34.1859,-9999,-9999,-9999,-9999,2.86767,-9999,-9999,-9999,27,21,27,21,2.90216,1.0,0.113625,0.185661,2.89769,1.0,0.118577,0.188732,2.90637,0.982292,0.0215264,2.73609,2.778,2.78055,2.89221,3.0205,3.07166,3.09661,1.0,1.0,1.0,1.0,0.9375,0.958333,0.979167,2.70688,0.233195,1.0,0.143702,0.29694,2.91208,0.682579,1.0,0.168822,0.172487,2.70688,0.233195,1.0,0.150726,0.300402,2.90225,0.680205,1.0,0.1751,0.178637,2.46717,2.53271,2.53377,2.70688,3.04539,3.05242,3.08651,1.0,1.0,1.0,1.0,1.0,1.0,1.0,2.73028,2.81294,2.81905,2.85795,2.87626,2.88368,2.96712,0.857143,0.904762,0.904762,1.0,1.0,1.0,0.952381,3.07216,3.0648,3.11582,0.0260441,2.91185,2.94963,2.95483,3.05352,3.29438,3.34092,3.36513,0.0711395,0.167103,0.209454,0.00817637,0.151362,0.164534,0.167627,0.217807,0.231506,0.248748,0.279443,4.5231,2.32161,3.10318,0.176013,1.46017,1.64178,2.18095,3.03687,4.0155,4.26734,4.5231,0.725478,0.0501484,0.405241,0.0612294,0.0,0.0,0.0116357,0.429946,0.673297,0.751924,0.872986,-9999,-9999
20121110,8.55,1.0,5.872,1.796,1.0,11.993,3.215,1.0,8.263,6.849,1.516,10.081,1.932,8.55,1.0,5.872,1.796,1.0,11.993,3.215,1.0,217.696,150.087,1.0,117.217,150.087,1.0,318.345,0.0,305.291,305.291,0.0,284.496,1.0,300.256,284.496,1.0,4.672,1.0,3.954,4.672,1.0,101.981,102.032,1.0,0.532,0.532,0.0,2.041,1.355,1.0,0.170541666667,1.0,-9999,-9999,270.896708333,1.0,-9999,-9999,-9999,-9999,-9999,-9999,401.555,1.0,10.353,0.0,40.577,0.0,-10.2043,0.0,17.7695,-9999,-9999,-9999,-9999,1.43309,-9999,39.6188,-9999,-9999,-9999,-9999,2.82788,-9999,-9999,-9999,27,21,27,21,2.95388,0.979167,0.116077,0.382551,2.92877,0.979167,0.12765,0.38622,3.0025,0.986979,0.0504835,2.65736,2.66567,2.70386,2.88363,3.33689,3.3947,3.42321,0.979167,0.979167,0.979167,0.979167,1.0,1.0,1.0,2.94447,0.226422,1.0,0.149523,0.451398,2.72054,0.677533,0.952381,0.168556,0.318698,2.9446,0.22671,1.0,0.160689,0.455219,2.66505,0.675179,0.952381,0.190709,0.330949,2.62306,2.63473,2.68133,2.94383,3.33719,3.48656,3.58593,1.0,1.0,1.0,1.0,1.0,1.0,1.0,2.46602,2.48295,2.48396,2.58859,3.00857,3.0239,3.06083,0.952381,0.952381,0.952381,0.952381,1.0,1.0,1.0,3.24855,3.24499,3.3179,0.0342496,3.03942,3.1169,3.11732,3.23193,3.53007,3.61906,3.64199,0.234337,0.316216,0.315409,0.0181232,0.174004,0.193181,0.203057,0.279319,0.409949,0.418292,0.494164,4.41696,2.55838,3.15497,0.165578,1.60774,1.771,2.29577,3.14696,3.92089,4.15108,4.41696,0.694618,0.11184,0.419978,0.0636346,0.0,0.0,0.0157711,0.45727,0.644717,0.748691,0.872315,-9999,-9999
20121111,6.453,1.0,3.682,2.756,1.0,10.016,4.732,1.0,8.05,6.406,3.183,10.165,4.129,6.453,1.0,3.682,2.756,1.0,10.016,4.732,1.0,215.616,140.358,1.0,145.696,140.358,1.0,316.352,0.0,294.975,294.975,0.0,280.134,1.0,288.232,280.134,1.0,3.453,1.0,4.528,3.453,1.0,102.822,102.864,1.0,0.0,0.0,0.0,1.464,1.101,1.0,0.103166666667,1.0,-9999,0.0,253.787166667,1.0,-9999,0.0,-9999,0.0,-9999,0.0,449.56,1.0,9.079,0.0,45.036,0.0,-6.35152,0.0,15.8653,-9999,-9999,-9999,-9999,1.53526,-9999,36.8831,-9999,-9999,-9999,-9999,2.60772,-9999,-9999,-9999,27,21,27,21,3.18101,0.979167,0.115445,0.284106,3.1887,0.979167,0.126485,0.288768,3.27553,0.982813,0.0354322,3.00923,3.05428,3.08725,3.19691,3.4426,3.57347,3.65659,1.0,1.0,1.0,1.0,0.979167,0.958333,0.958333,3.20016,0.283097,1.0,0.148119,0.444318,2.89208,0.43758,0.952381,0.168501,0.178729,3.20093,0.283684,1.0,0.161681,0.449021,2.90802,0.45204,0.952381,0.185485,0.194824,2.89996,2.96425,3.01162,3.19314,3.5487,3.80205,3.94128,1.0,1.0,1.0,1.0,1.0,1.0,1.0,2.8849,2.90094,2.92797,2.94893,3.01132,3.02013,3.03139,0.809524,1.0,1.0,0.857143,0.952381,0.952381,0.952381,3.18291,3.18884,3.28454,0.0412873,2.95128,3.04647,3.06008,3.16472,3.53672,3.65348,3.67777,-0.0432454,0.000138342,0.00896093,0.0103084,-0.0730915,-0.0432454,-0.03538,0.00496428,0.030082,0.0629591,0.107639,3.23228,2.72332,2.644,0.138333,1.32591,1.4762,2.01784,2.78524,2.98046,3.12637,3.23228,0.351453,0.189814,0.294062,0.0552031,0.0,0.0,0.0132085,0.329515,0.351453,0.397911,0.476265,-9999,-9999
20121112,7.557,1.0,4.57,3.095,1.0,11.398,4.904,1.0,8.899,6.721,2.459,11.699,4.223,7.557,1.0,4.57,3.095,1.0,11.398,4.904,1.0,213.573,133.489,1.0,145.875,133.489,1.0,319.936,0.0,300.037,300.037,0.0,289.966,1.0,294.133,289.966,1.0,4.039,1.0,5.027,4.039,1.0,102.816,102.838,1.0,0.0,0.0,0.0,2.122,1.223,1.0,0.100104166667,1.0,-9999,0.0,258.6770625,1.0,-9999,0.0,-9999,0.0,-9999,0.0,440.09,1.0,9.216,0.0,43.302,0.0,-12.2105,0.0,15.5252,-9999,-9999,-9999,-9999,1.61756,-9999,35.3403,-9999,-9999,-9999,-9999,2.82911,-9999,-9999,-9999,27,21,27,21,3.19819,0.979167,0.115674,0.242687,3.204,0.979167,0.123465,0.246496,3.26876,0.981771,0.0320247,3.01089,3.05772,3.09349,3.18313,3.45166,3.48441,3.5744,1.0,1.0,0.979167,0.979167,0.979167,0.979167,0.958333,3.13334,0.323806,1.0,0.148688,0.419958,3.01583,0.335619,0.952381,0.168434,0.189551,3.13392,0.324324,1.0,0.158159,0.423404,3.02786,0.331307,0.952381,0.180569,0.200411,2.87301,2.94098,2.94883,3.12894,3.50829,3.72649,3.85634,1.0,1.0,1.0,1.0,1.0,1.0,1.0,2.8376,2.92107,2.93976,3.02243,3.08668,3.09495,3.22728,0.904762,0.904762,1.0,0.952381,0.952381,0.952381,0.952381,3.53006,3.53585,3.65248,0.0503364,3.23331,3.37265,3.38585,3.51387,3.93384,4.10187,4.12346,0.277969,0.33185,0.38356,0.0203012,0.23319,0.272516,0.277969,0.330745,0.482183,0.527471,0.609684,2.78438,2.81569,2.626,0.129678,1.54022,1.69232,2.2972,2.67737,2.80568,2.83439,3.11035,0.0948846,0.168792,0.186036,0.0544269,0.0,0.0,0.0110896,0.150288,0.171546,0.18248,0.340797,-9999,-9999
20121113,9.516,1.0,6.284,3.324,1.0,13.672,5.147,1.0,10.452,7.845,3.158,13.803,5.273,9.516,1.0,6.284,3.324,1.0,13.672,5.147,1.0,211.57,129.272,1.0,138.117,129.272,1.0,324.881,0.0,310.446,310.446,0.0,303.885,1.0,306.265,303.885,1.0,4.813,1.0,6.013,4.813,1.0,102.239,102.343,1.0,0.0,0.0,0.0,2.522,0.93,1.0,0.0854375,1.0,-9999,0.0,246.335125,1.0,-9999,0.0,-9999,0.0,-9999,0.0,444.149,1.0,10.229,0.0,42.664,0.0,-15.119,0.0,15.008,-9999,-9999,-9999,-9999,1.82539,-9999,34.2585,-9999,-9999,-9999,-9999,2.82308,-9999,-9999,-9999,27,21,27,21,3.45747,1.0,0.116971,0.169112,3.38418,1.0,0.122367,0.172888,3.52086,0.991667,0.0210338,3.34251,3.35987,3.39663,3.52972,3.58348,3.60414,3.70775,1.0,1.0,1.0,1.0,0.979167,0.958333,0.979167,3.10494,0.323435,1.0,0.148315,0.380091,3.62345,0.627368,1.0,0.173255,0.238111,3.10428,0.321731,1.0,0.157652,0.383831,3.46285,0.415904,1.0,0.177652,0.241329,2.85672,2.91574,2.98555,3.10053,3.40913,3.61566,3.74225,1.0,1.0,1.0,1.0,1.0,1.0,1.0,3.24719,3.48973,3.51747,3.62261,3.70875,3.8164,3.90428,0.904762,0.952381,0.952381,0.952381,1.0,1.0,1.0,4.02151,4.02385,4.16256,0.0609536,3.6373,3.83849,3.84431,4.00916,4.47022,4.70409,4.72013,0.516983,0.639672,0.642373,0.0442211,0.296697,0.328147,0.37065,0.516983,0.874989,1.00167,1.09825,2.95978,2.60476,2.83669,0.12864,1.94773,2.10609,2.61982,2.69326,2.96902,3.02561,3.30797,0.0238726,0.0558984,0.132032,0.0554305,0.0,0.0,0.0093152,0.0418804,0.0481079,0.139714,0.333362,-9999,-9999
20121114,10.286,1.0,7.493,2.246,1.0,13.879,4.47,1.0,12.163,9.616,3.618,15.437,5.183,10.286,1.0,7.493,2.246,1.0,13.879,4.47,1.0,209.605,117.853,1.0,134.204,117.853,1.0,323.412,0.0,316.077,316.077,0.0,319.204,1.0,312.829,319.204,1.0,3.876,1.0,6.714,3.876,1.0,101.873,102.001,1.0,0.0,0.0,0.0,2.16,1.126,1.0,0.104479166667,1.0,-9999,0.0,222.898895833,1.0,-9999,0.0,-9999,0.0,-9999,0.0,438.547,1.0,10.486,0.0,47.394,0.0,-11.5233,0.0,9.9023,-9999,-9999,-9999,-9999,1.90389,-9999,29.8537,-9999,-9999,-9999,-9999,2.94265,-9999,-9999,-9999,27,21,27,21,3.45748,0.979167,0.122152,0.237779,3.38729,0.979167,0.126971,0.24029,3.46226,0.980208,0.0332188,3.19273,3.24437,3.2514,3.41108,3.6108,3.65238,3.79472,1.0,1.0,1.0,1.0,0.958333,0.958333,0.916667,2.92027,0.360721,1.0,0.151601,0.472959,3.8609,0.849303,0.952381,0.185467,0.2003,2.91722,0.348059,1.0,0.162895,0.4767,3.7102,0.718694,0.952381,0.185339,0.200182,2.68963,2.74985,2.75311,2.91586,3.38389,3.64586,3.76193,1.0,1.0,1.0,1.0,1.0,1.0,1.0,3.44437,3.58099,3.60005,3.61836,3.69953,3.73228,3.95484,0.809524,1.0,0.904762,1.0,0.904762,0.952381,1.0,4.35278,4.3564,4.51877,0.070948,3.90144,4.14739,4.15583,4.34218,4.86037,5.14911,5.16222,0.90325,0.969114,1.05774,0.0398385,0.715686,0.750588,0.874388,0.932719,1.2494,1.35438,1.47679,3.08496,2.51668,2.92938,0.131235,2.05496,2.21128,2.68935,2.76701,3.06466,3.17447,3.40779,0.0,0.0,0.108472,0.0550212,0.0,0.0,0.0,0.0,0.00718609,0.126,0.316028,-9999,-9999
20121115,9.337,1.0,6.693,3.228,1.0,12.737,5.386,1.0,12.522,10.244,3.627,15.452,4.941,9.337,1.0,6.693,3.228,1.0,12.737,5.386,1.0,207.681,96.679,1.0,126.038,96.679,1.0,327.642,0.0,327.104,327.104,0.0,330.067,1.0,325.681,330.067,1.0,3.343,1.0,7.93,3.343,1.0,101.586,101.716,1.0,0.0,0.0,0.0,2.493,0.974,1.0,0.08575,1.0,-9999,0.0,188.386020833,1.0,-9999,0.0,-9999,0.0,-9999,0.0,448.84,1.0,9.8,0.0,49.608,0.0,-14.5091,0.0,8.40594,-9999,-9999,-9999,-9999,1.7943,-9999,16.3561,-9999,-9999,-9999,-9999,2.53509,-9999,-9999,-9999,27,21,27,21,3.53321,0.958333,0.117922,0.578147,3.48816,0.979167,0.1287,0.580441,3.66818,0.888021,0.0739348,3.03726,3.18653,3.26546,3.48261,3.95765,4.31852,4.47711,1.0,1.0,1.0,0.979167,0.708333,0.5,0.666667,3.19035,0.619476,1.0,0.151672,0.805496,3.68045,0.624995,0.904762,0.171569,0.321009,3.15652,0.621658,1.0,0.165362,0.808186,3.62471,0.603937,0.952381,0.187501,0.329799,2.82765,2.90484,2.99213,3.15625,3.80807,4.48702,4.73312,1.0,1.0,1.0,1.0,0.666667,0.814815,0.814815,3.0544,3.28393,3.34554,3.57528,3.82111,3.82656,3.90484,1.0,1.0,1.0,1.0,0.761905,0.761905,0.761905,4.42062,4.43063,4.61446,0.0783465,3.93872,4.20291,4.22318,4.40934,4.99229,5.31355,5.32746,0.793176,0.942473,0.946206,0.016152,0.793176,0.832603,0.840834,0.94169,1.03465,1.07727,1.09449,3.07325,2.46785,2.86432,0.129242,1.9147,2.0676,2.64796,2.77633,2.97752,3.10746,3.35178,0.0,0.0,0.0987205,0.0516494,0.0,0.0,0.0,0.0,0.00482974,0.104549,0.273655,-9999,-9999
20121116,11.36,1.0,10.314,2.774,1.0,12.705,2.65,1.0,12.421,11.777,1.669,13.248,1.272,11.36,1.0,10.314,2.774,1.0,12.705,2.65,1.0,205.799,54.36,1.0,46.047,54.36,1.0,348.45,0.0,357.607,357.607,0.0,355.558,1.0,361.235,355.558,1.0,1.855,1.0,3.781,1.855,1.0,101.555,101.56,1.0,7.846,7.846,0.0,4.135,1.834,1.0,0.1565,1.0,-9999,0.0,116.3008125,1.0,-9999,0.0,-9999,0.0,-9999,0.0,440.543,1.0,11.898,0.0,50.763,0.0,-6.61316,0.0,9.67508,-9999,-9999,-9999,-9999,1.3649,-9999,6.55813,-9999,-9999,-9999,-9999,2.10016,-9999,-9999,-9999,27,21,27,21,4.12337,0.916667,0.119681,0.477993,4.09891,0.916667,0.136372,0.482442,4.21499,0.779167,0.0633067,3.63832,3.81029,3.87291,4.09156,4.56757,4.73582,4.82092,0.916667,0.916667,0.916667,0.916667,0.5,0.5,0.541667,4.03247,1.32721,1.0,0.155681,0.831615,3.89762,0.945559,0.809524,0.171543,0.266175,4.00707,1.35384,1.0,0.176469,0.835756,3.8764,0.95893,0.809524,0.196841,0.28314,3.43036,3.66164,3.74958,4.01438,4.67877,5.29547,5.38057,1.0,1.0,1.0,1.0,0.555556,0.740741,0.740741,3.51334,3.60339,3.68479,3.79311,3.91793,4.01044,4.03698,0.190476,0.809524,0.809524,0.809524,0.809524,0.52381,0.428571,4.98389,4.99072,5.20172,0.0913675,4.39764,4.73493,4.74876,4.97702,5.61214,6.01329,6.0201,0.800383,0.891805,0.984861,0.0310569,0.742168,0.774156,0.79705,0.88546,1.18171,1.19309,1.27761,3.30802,2.8358,3.15053,0.133204,2.22057,2.38953,2.91809,3.0577,3.28227,3.4228,3.56763,0.0,0.0,0.0704529,0.0387404,0.0,0.0,0.0,0.0,0.00210982,0.0637626,0.171067,-9999,-9999
20121117,13.963,1.0,13.5,0.662,1.0,14.558,1.316,1.0,13.783,13.256,0.361,14.462,0.3,13.963,1.0,13.5,0.662,1.0,14.558,1.316,1.0,203.959,49.93,1.0,43.994,49.93,1.0,371.391,0.0,376.145,376.145,0.0,371.19,1.0,382.842,371.19,1.0,2.821,1.0,1.556,2.821,1.0,101.353,101.348,1.0,19.157,19.157,0.0,6.009,5.053,1.0,0.425395833333,1.0,-9999,-9999,102.305,1.0,-9999,-9999,-9999,-9999,-9999,-9999,415.497,1.0,14.311,0.0,50.757,0.0,2.86845,0.0,26.5568,-9999,-9999,-9999,-9999,1.90764,-9999,-16.3865,-9999,-9999,-9999,-9999,1.85868,-9999,-9999,-9999,27,21,27,21,5.02946,0.8125,0.132395,0.486787,5.02946,0.8125,0.142336,0.489584,5.07993,0.76875,0.0695944,4.32531,4.57807,4.71381,5.02469,5.46344,5.51494,5.67594,0.8125,0.8125,0.8125,0.8125,0.729167,0.6875,0.708333,5.37726,0.609232,1.0,0.182321,0.803837,4.16438,0.670114,0.571429,0.173464,0.289546,5.37726,0.609232,1.0,0.19392,0.806547,4.16438,0.670114,0.571429,0.19007,0.299789,4.41003,4.75781,4.92473,5.37726,5.98194,6.32359,6.33686,1.0,1.0,1.0,1.0,1.0,1.0,1.0,3.83431,3.88861,3.99995,4.07535,4.34107,4.35228,4.37162,0.571429,0.571429,0.285714,0.571429,0.52381,0.333333,0.333333,5.55703,5.55373,5.70351,0.0851744,4.87711,5.28137,5.28745,5.54895,6.09161,6.41915,6.42058,0.495375,0.524268,0.620566,0.0238217,0.452517,0.457959,0.488493,0.61827,0.698568,0.742074,0.905197,3.41437,3.36285,3.52345,0.13493,2.83723,2.99867,3.14211,3.36448,3.53354,3.78242,4.01785,0.0,0.0,0.0760508,0.0429512,0.0,0.0,0.0,0.0,0.0013736,0.0619635,0.173171,-9999,-9999
20121118,12.486,1.0,11.173,0.949,1.0,14.174,2.66,1.0,12.122,11.921,0.698,12.379,1.429,12.486,1.0,11.173,0.949,1.0,14.174,2.66,1.0,202.163,114.096,1.0,98.631,114.096,1.0,344.073,0.0,344.688,344.688,0.0,323.726,1.0,346.177,323.726,1.0,3.964,1.0,3.63,3.964,1.0,101.997,102.045,1.0,2.542,2.542,0.0,2.537,1.298,1.0,0.09725,1.0,-9999,0.0,219.175,1.0,-9999,0.0,-9999,0.0,-9999,0.0,434.756,1.0,13.865,0.0,51.198,0.0,0.997246,0.0,23.2186,-9999,-9999,-9999,-9999,1.90945,-9999,17.503,-9999,-9999,-9999,-9999,2.39821,-9999,-9999,-9999,27,21,27,21,4.47113,0.916667,0.119874,0.450493,4.34633,0.916667,0.131272,0.453658,4.49299,0.782292,0.0656582,3.93693,4.06379,4.10853,4.32139,4.92172,4.93229,4.97952,0.958333,0.958333,0.958333,0.916667,0.6875,0.604167,0.520833,4.73437,0.896685,1.0,0.156584,0.749548,3.76116,0.7234,0.809524,0.170838,0.190267,4.58119,0.973849,1.0,0.173833,0.753341,3.68321,0.676683,0.809524,0.183441,0.201661,3.98206,4.25615,4.34185,4.58119,5.68083,5.72217,5.74486,1.0,1.0,1.0,1.0,0.814815,0.814815,0.814815,3.36682,3.43894,3.46245,3.52328,3.58176,3.60647,3.62829,0.238095,0.904762,0.904762,0.904762,0.142857,0.333333,0.809524,4.77244,4.75722,4.87531,0.0695938,4.22185,4.50754,4.55092,4.71712,5.08045,5.36526,5.65959,0.0245989,0.410893,0.381404,0.0331188,0.0654378,0.0971084,0.229836,0.406306,0.457692,0.493611,0.734408,3.09126,3.20053,3.28327,0.135049,2.50514,2.63192,2.94535,3.09503,3.32726,3.66444,3.7294,0.0,0.0,0.0965716,0.0519094,0.0,0.0,0.0,0.0,0.00192645,0.0872194,0.296104,-9999,-9999
20121119,13.857,1.0,12.007,1.84,1.0,16.235,3.066,1.0,12.973,11.799,1.201,14.483,2.101,13.857,1.0,12.007,1.84,1.0,16.235,3.066,1.0,200.41,118.815,1.0,112.554,118.815,1.0,343.442,0.0,339.913,339.913,0.0,317.487,1.0,340.611,317.487,1.0,5.015,1.0,4.943,5.015,1.0,102.303,102.325,1.0,0.513,0.513,0.0,2.795,1.853,1.0,0.139229166667,1.0,-9999,0.0,218.524291667,1.0,-9999,0.0,-9999,0.0,-9999,0.0,445.374,1.0,13.56,0.0,46.347,0.0,-6.72732,0.0,21.9615,-9999,-9999,-9999,-9999,2.41818,-9999,19.3164,-9999,-9999,-9999,-9999,2.16807,-9999,-9999,-9999,27,21,27,21,4.49113,0.958333,0.127423,0.339606,4.3512,0.958333,0.135485,0.342712,4.39189,0.755208,0.043143,3.8733,4.04478,4.18803,4.33039,4.61211,4.67437,4.70812,0.979167,0.979167,0.958333,0.958333,0.604167,0.770833,0.416667,4.41584,1.05229,1.0,0.15408,0.64106,4.21475,1.01554,0.904762,0.198815,0.243252,4.26096,1.16074,1.0,0.167606,0.644444,4.10568,1.06688,0.904762,0.206442,0.249524,3.53854,3.8401,4.08308,4.26096,4.98074,5.08464,5.15209,1.0,1.0,1.0,1.0,0.666667,0.666667,0.62963,3.44743,3.72676,3.78235,3.96524,3.99567,4.00707,4.0689,0.0,0.47619,0.52381,0.952381,0.904762,0.904762,0.904762,4.41245,4.31335,4.5182,0.0888837,3.86537,4.04698,4.13392,4.27482,4.55204,5.34284,5.67394,-0.261916,-0.0378547,0.12529,0.0642107,-0.188049,-0.102248,-0.0872278,-0.0477551,0.0141041,0.641731,1.00416,3.43727,3.55466,3.60696,0.131209,2.93191,3.07865,3.27393,3.43727,3.53413,3.90713,4.02527,0.0,0.0,0.0988983,0.0539063,0.0,0.0,0.0,0.0,0.000689525,0.0826029,0.306842,-9999,-9999
20121120,14.315,1.0,13.208,3.429,1.0,15.74,3.315,1.0,13.434,12.895,1.785,14.126,1.183,14.315,1.0,13.208,3.429,1.0,15.74,3.315,1.0,198.703,84.224,1.0,53.591,84.224,1.0,353.01,0.0,363.852,363.852,0.0,353.74,1.0,368.514,353.74,1.0,4.664,1.0,3.355,4.664,1.0,102.027,102.006,1.0,2.747,2.747,0.0,3.94,3.475,1.0,0.288104166667,1.0,-9999,0.0,161.515041667,1.0,-9999,0.0,-9999,0.0,-9999,0.0,416.395,1.0,13.772,0.0,49.966,0.0,-2.56879,0.0,19.3638,-9999,-9999,-9999,-9999,2.02598,-9999,11.7453,-9999,-9999,-9999,-9999,2.02365,-9999,-9999,-9999,27,21,27,21,3.95717,1.0,0.115885,0.229348,3.88418,1.0,0.125936,0.234587,3.8391,0.775,0.0255061,3.56814,3.59823,3.68827,3.86922,3.98243,3.99406,4.00492,1.0,0.291667,0.270833,0.604167,0.729167,0.666667,0.666667,3.59839,0.880726,1.0,0.149791,0.315042,4.08965,1.00589,1.0,0.167518,0.288603,3.47335,0.986856,1.0,0.160481,0.320263,4.08965,1.00589,1.0,0.185395,0.299334,3.06871,3.16199,3.39216,3.63557,3.70159,3.7163,3.73605,1.0,1.0,1.0,1.0,0.518519,0.222222,0.518519,3.27178,3.57603,3.92091,4.01644,4.03822,4.04605,4.06214,0.380952,0.47619,1.0,0.809524,0.857143,1.0,0.857143,3.93156,3.71416,4.01884,0.112822,3.32468,3.39814,3.57558,3.77175,3.9126,5.23557,5.53163,-0.0508759,-0.17002,0.175314,0.121563,-0.277994,-0.238299,-0.203669,-0.186542,-0.0926736,1.38027,1.84382,3.57908,3.6982,3.72468,0.129802,3.09355,3.233,3.38164,3.57908,3.64936,3.9385,4.1493,0.0,0.0,0.0810317,0.0438693,0.0,0.0,0.0,0.0,0.0102869,0.0581523,0.232787,-9999,-9999
20121121,13.383,1.0,11.737,1.893,1.0,15.499,2.386,1.0,13.269,12.683,1.143,14.022,0.68,13.383,1.0,11.737,1.893,1.0,15.499,2.386,1.0,197.04,101.171,1.0,64.703,101.171,1.0,353.581,0.0,358.264,358.264,0.0,342.221,1.0,362.001,342.221,1.0,2.936,1.0,1.953,2.936,1.0,102.132,102.124,1.0,3.904,3.904,0.0,2.857,2.437,0.958333,0.189217391304,0.958333333333,-9999,0.0,189.4886875,1.0,-9999,0.0,-9999,0.0,-9999,0.0,413.427,1.0,13.709,0.0,50.402,0.0,-0.343003,0.0,23.945,-9999,-9999,-9999,-9999,2.14697,-9999,13.3993,-9999,-9999,-9999,-9999,2.20358,-9999,-9999,-9999,27,21,27,21,4.66908,0.9375,0.113982,0.369783,4.60089,0.9375,0.128118,0.374382,4.65312,0.795312,0.0507887,4.12838,4.32745,4.39065,4.57228,4.88574,5.03101,5.1039,0.979167,0.979167,0.958333,0.9375,0.666667,0.645833,0.5625,4.5624,1.10389,1.0,0.146771,0.574205,4.41827,0.678007,0.857143,0.165592,0.233292,4.46909,1.22994,1.0,0.167768,0.579928,4.38805,0.667154,0.857143,0.181953,0.245176,3.87791,4.12647,4.25762,4.46909,5.06526,5.23673,5.31674,1.0,1.0,1.0,1.0,0.703704,0.703704,0.703704,3.87265,4.11151,4.19685,4.25824,4.33374,4.44017,4.50901,0.190476,0.952381,0.904762,0.857143,0.571429,0.857143,0.238095,3.68592,3.39418,3.7239,0.110206,2.99992,3.07414,3.32351,3.51896,3.5924,4.94006,5.19165,-1.03709,-1.20671,-0.93056,0.0821586,-1.43861,-1.33266,-1.28279,-1.09374,-0.942236,-0.156102,0.109585,3.4176,3.51444,3.52536,0.132208,2.7892,2.94506,3.18208,3.42535,3.53377,3.78233,3.90311,0.0,0.0,0.0947246,0.0475868,0.0,0.0,0.0,0.0,0.0402595,0.0576328,0.263602,-9999,-9999
20121122,11.17,1.0,8.53,1.803,1.0,14.868,3.325,1.0,11.393,9.49,1.743,14.057,3.382,11.17,1.0,8.53,1.803,1.0,14.868,3.325,1.0,195.425,130.166,1.0,129.007,130.166,1.0,325.984,0.0,312.483,312.483,0.0,310.239,1.0,308.64,310.239,1.0,4.67,1.0,3.279,4.67,1.0,102.299,102.402,1.0,0.0,0.0,0.0,2.641,1.727,1.0,0.13275,1.0,-9999,0.0,230.274083333,1.0,-9999,0.0,-9999,0.0,-9999,0.0,411.205,1.0,11.575,0.0,49.537,0.0,-7.02749,0.0,23.2418,-9999,-9999,-9999,-9999,2.53175,-9999,21.6717,-9999,-9999,-9999,-9999,2.20576,-9999,-9999,-9999,28,20,28,20,3.49931,0.770833,0.100602,0.569628,3.35353,0.791667,0.122392,0.573877,3.4891,0.684375,0.0695855,2.8457,2.85505,3.18102,3.39269,3.85017,3.9764,4.21373,0.958333,0.979167,0.791667,0.791667,0.5,0.583333,0.645833,3.06236,0.561572,0.678571,0.128726,0.765555,3.80572,0.804664,0.9,0.147163,0.470343,2.84452,0.64354,0.714286,0.155095,0.770427,3.77356,0.781518,0.9,0.181597,0.482227,2.39726,2.43361,2.91076,2.96961,3.57408,3.94292,4.05762,1.0,1.0,0.714286,0.714286,0.428571,0.678571,0.678571,3.10802,3.18908,3.26066,3.65776,3.97501,4.08254,4.13693,0.2,0.9,0.9,0.9,0.6,0.45,0.65,3.39204,3.15344,3.42882,0.0934055,2.81437,2.87474,3.08507,3.24575,3.35232,4.46736,4.66669,-0.153212,-0.200089,-0.0614613,0.0559823,-0.65787,-0.399549,-0.351214,-0.0895836,0.0437748,0.270672,0.479582,3.03079,3.16159,3.13719,0.131399,2.36875,2.52003,2.71403,3.04378,3.17607,3.50834,3.67033,0.0,0.0,0.111816,0.0542141,0.0,0.0,0.0,0.00484481,0.0522835,0.0712627,0.326821,-9999,-9999
20121123,8.818,1.0,6.134,3.055,1.0,12.575,5.578,1.0,10.832,8.209,2.461,14.504,4.695,8.818,1.0,6.134,3.055,1.0,12.575,5.578,1.0,193.857,108.843,1.0,131.106,108.843,1.0,323.123,0.0625,306.337,310.974,0.0625,326.155,1.0,301.476,326.155,1.0,2.189,1.0,4.504,2.189,1.0,102.343,102.461,1.0,0.0,0.0,0.0,2.621,0.875,1.0,0.0810208333333,1.0,-9999,0.0,205.3780625,1.0,-9999,0.0,-9999,0.0,-9999,0.0,437.581,0.666667,9.353,0.0625,50.592,0.0625,-13.8464,0.0625,14.5294,0.583333,19.3774,-9999,-9999,1.74473,-9999,30.3441,1.0,40.4689,-9999,-9999,2.0368,-9999,1.0,2,28,20,28,20,3.83965,0.729167,0.121082,0.585301,3.77617,0.729167,0.129903,0.587189,3.77214,0.780208,0.0749096,3.06898,3.15291,3.42805,3.61029,4.24063,4.29819,4.38701,0.708333,0.708333,0.666667,0.729167,0.916667,0.958333,0.9375,3.31675,0.510723,0.535714,0.152115,0.731223,4.23671,0.625921,1.0,0.181842,0.476379,3.22832,0.552212,0.535714,0.162765,0.733512,4.21371,0.621183,1.0,0.195791,0.481877,2.59212,2.64288,3.01556,3.176,4.01548,4.07334,4.11664,0.642857,0.642857,0.535714,0.535714,1.0,1.0,1.0,3.24473,3.43922,3.65723,3.85631,4.30245,4.31983,4.41888,0.45,0.8,0.8,0.9,0.9,0.9,0.85,3.08766,2.89873,3.12359,0.0776599,2.61243,2.65981,2.8336,2.96159,3.08766,3.9944,4.1454,-0.799024,-0.877441,-0.64983,0.0640142,-1.2407,-1.20171,-1.1606,-0.531173,-0.456541,-0.39491,-0.223285,2.74528,2.86344,2.79533,0.127952,2.08333,2.15926,2.24284,2.73955,2.88964,3.24209,3.4811,0.0,0.0,0.0980786,0.0512537,0.0,0.0,0.0,0.00178376,0.0194195,0.0670235,0.287187,-9999,-9999
20121124,9.477,1.0,6.11,3.181,1.0,14.192,4.988,1.0,10.81,7.959,2.706,14.801,4.543,9.477,1.0,6.11,3.181,1.0,14.192,4.988,1.0,192.337,122.489,1.0,130.504,122.489,1.0,327.96,0.145833,303.697,312.646,0.145833,314.16,1.0,298.399,314.16,1.0,2.923,1.0,4.836,2.923,1.0,102.004,102.094,1.0,0.0,0.0,0.0,2.74,0.768,1.0,0.06975,1.0,-9999,-9999,225.506333333,1.0,-9999,-9999,-9999,-9999,-9999,-9999,443.303,0.6875,10.248,0.145833,50.359,0.145833,-9.17264,0.145833,17.2889,0.666667,23.2063,-9999,-9999,2.27124,-9999,30.0589,1.0,40.0885,-9999,-9999,2.23297,-9999,2.0,2,28,20,28,20,3.76526,0.895833,0.123752,0.507326,3.67035,0.895833,0.134608,0.510082,3.65747,0.867187,0.0626811,2.93691,3.09572,3.43987,3.57003,4.04328,4.07972,4.09835,0.791667,0.791667,0.854167,0.6875,0.958333,0.958333,0.958333,3.2477,0.270147,0.821429,0.156068,0.52125,4.16134,0.726978,1.0,0.184863,0.480459,3.12019,0.398563,0.821429,0.165939,0.52429,4.12034,0.707578,1.0,0.207236,0.489504,2.59525,2.62895,3.07096,3.15497,3.5857,3.62362,3.62362,0.642857,0.714286,0.821429,0.821429,1.0,1.0,1.0,3.12872,3.47578,3.57546,3.82998,4.33112,4.36272,4.41381,0.9,0.45,0.9,0.9,0.9,0.85,0.75,3.14061,2.96944,3.15987,0.0685709,2.69876,2.74144,2.89651,3.01306,3.14061,3.93173,4.05259,-0.762647,-0.700911,-0.498632,0.0611559,-0.993222,-0.970148,-0.91993,-0.496086,-0.261025,-0.212497,0.075753,2.85695,3.06499,2.94455,0.124865,2.33991,2.36459,2.42885,2.83631,3.01828,3.35719,3.5732,0.0382169,0.0,0.11854,0.0529566,0.0,0.0,0.0,0.0,0.112833,0.151731,0.312795,-9999,-9999
20121125,8.936,1.0,6.211,2.95,1.0,12.751,5.034,1.0,10.88,8.664,2.703,13.981,3.322,8.936,1.0,6.211,2.95,1.0,12.751,5.034,1.0,190.866,110.712,1.0,127.916,110.712,1.0,328.283,0.354167,301.5,314.308,0.354167,324.363,1.0,295.838,324.363,1.0,2.28,1.0,4.31,2.28,1.0,101.552,101.638,1.0,0.0,0.0,0.0,2.248,0.871,1.0,0.0865,1.0,-9999,0.0,213.589375,1.0,-9999,0.0,-9999,0.0,-9999,0.0,441.809,0.708333,10.366,0.354167,50.919,0.354167,-7.3056,0.354167,13.0056,0.645833,17.4943,-9999,-9999,2.45854,-9999,29.9096,1.0,40.0609,-9999,-9999,2.04469,-9999,3.0,2,28,20,28,20,3.84857,1.0,0.124236,0.421967,3.76572,1.0,0.139814,0.426813,3.67931,0.939583,0.0517834,3.01248,3.21134,3.551,3.63506,3.98632,4.01786,4.05675,0.916667,0.916667,0.9375,0.9375,0.958333,0.958333,0.979167,3.27922,0.196653,1.0,0.157504,0.410242,4.30989,0.719208,1.0,0.184212,0.51279,3.14352,0.368999,1.0,0.171076,0.415641,4.30826,0.721395,1.0,0.217243,0.52556,2.69761,2.73154,3.10687,3.18016,3.46811,3.48914,3.50464,1.0,1.0,1.0,1.0,1.0,1.0,1.0,3.18955,3.45041,3.80279,3.9545,4.36538,4.40753,4.46203,0.8,0.6,0.75,1.0,0.9,0.9,0.95,3.05191,2.91005,3.06282,0.0577761,2.66838,2.70333,2.83441,2.93187,3.05191,3.71775,3.80348,-0.93937,-0.855667,-0.616707,0.0589215,-0.999621,-0.986131,-0.93937,-0.717957,-0.344753,-0.330678,0.0535741,2.83904,3.05256,2.91622,0.120834,2.35543,2.37807,2.42543,2.81422,2.96259,3.31591,3.5566,0.105981,0.0,0.146713,0.0533807,0.0,0.0,0.0,0.0,0.109067,0.294305,0.423725,-9999,-9999
20121126,8.112,1.0,5.748,2.973,1.0,11.421,5.536,1.0,10.492,8.634,3.264,13.094,4.199,8.112,1.0,5.748,2.973,1.0,11.421,5.536,1.0,189.443,101.034,1.0,128.416,101.034,1.0,324.803,0.604167,300.114,314.59,0.604167,324.305,1.0,294.222,324.305,1.0,1.729,1.0,4.651,1.729,1.0,101.708,101.797,1.0,0.0,0.0,0.0,1.264,0.952,1.0,0.0786666666667,1.0,-9999,0.0,196.814229167,1.0,-9999,0.0,-9999,0.0,-9999,0.0,439.964,0.729167,9.575,0.604167,51.142,0.604167,-10.6756,0.604167,12.3234,0.6875,16.8406,-9999,-9999,2.66549,-9999,27.5529,1.0,36.9833,-9999,-9999,1.91739,-9999,4.0,2,28,20,28,20,3.72259,1.0,0.124889,0.417078,3.67367,1.0,0.143947,0.423176,3.57764,0.978646,0.0496485,2.98436,3.08978,3.40356,3.48128,3.86642,3.88566,3.94054,0.979167,0.979167,0.979167,0.708333,0.958333,1.0,1.0,3.29649,0.184328,1.0,0.15822,0.404322,3.99435,0.439766,1.0,0.185367,0.440346,3.21685,0.282055,1.0,0.17776,0.41236,3.99271,0.442105,1.0,0.221129,0.456555,2.70875,2.74303,3.15633,3.24099,3.47486,3.48718,3.50986,1.0,1.0,1.0,1.0,1.0,1.0,1.0,3.10004,3.30566,3.42869,3.58104,4.10108,4.10452,4.1931,0.95,0.95,0.95,1.0,0.9,1.0,1.0,2.93268,2.82085,2.93651,0.0470759,2.61,2.63678,2.74371,2.82097,2.9484,3.47398,3.52518,-0.903755,-0.852823,-0.64133,0.0415035,-0.966771,-0.954036,-0.903755,-0.659851,-0.432885,-0.370166,-0.305614,2.77398,3.01062,2.84245,0.117363,2.27059,2.29709,2.37137,2.74438,2.83539,3.23359,3.50913,0.162111,0.0,0.151266,0.0526848,0.0,0.0,0.0,0.0,0.166833,0.275407,0.456533,-9999,-9999
20121127,9.925,1.0,8.218,2.167,1.0,12.314,2.443,1.0,9.881,8.181,3.206,12.262,3.048,9.925,1.0,8.218,2.167,1.0,12.314,2.443,1.0,188.072,82.005,1.0,76.558,82.005,1.0,326.763,0.895833,317.73,326.219,0.895833,343.511,1.0,314.755,343.511,1.0,1.334,1.0,3.961,1.334,1.0,101.812,101.898,1.0,0.0,0.0,0.0,3.223,1.173,1.0,0.105208333333,1.0,-9999,0.0,163.340791667,1.0,-9999,0.0,-9999,0.0,-9999,0.0,440.03,0.958333,9.922,0.895833,51.403,0.895833,-12.6523,0.895833,17.8514,0.895833,24.3389,-9999,-9999,2.11051,-9999,17.0989,1.0,22.9807,-9999,-9999,2.17276,-9999,5.0,2,28,20,28,20,3.43265,0.6875,0.125068,0.466949,3.37962,0.729167,0.14425,0.472448,3.44137,0.901042,0.0509893,2.8245,2.87862,3.30025,3.39877,3.76356,3.77839,3.80243,0.916667,0.916667,0.854167,0.875,0.979167,0.979167,0.979167,3.01758,0.516956,0.607143,0.158169,0.519648,3.71425,0.301667,0.8,0.186095,0.395272,2.94674,0.523292,0.678571,0.178298,0.526124,3.6908,0.333742,0.8,0.221337,0.413035,2.44635,2.48373,3.06493,3.10313,3.46051,3.47371,3.49585,1.0,1.0,0.964286,0.964286,1.0,1.0,1.0,3.099,3.17784,3.33203,3.51614,3.87058,3.87529,3.90802,0.8,0.8,0.7,0.75,0.95,0.95,0.95,3.11494,3.01567,3.09607,0.0389351,2.81188,2.83561,2.92578,3.00307,3.1337,3.50792,3.56151,-0.405437,-0.363955,-0.345155,0.0413008,-0.685016,-0.665139,-0.606579,-0.3788,-0.158013,-0.0430067,0.0354945,2.99043,3.36717,3.14128,0.118021,2.64333,2.71245,2.75086,2.94412,3.13768,3.504,3.72326,0.184113,0.0,0.13122,0.0500441,0.0,0.0,0.0,0.0,0.184113,0.2456,0.303382,-9999,-9999
20121128,11.511,1.0,10.744,1.842,1.0,12.584,1.721,1.0,11.819,11.384,1.215,12.427,0.261,11.511,1.0,10.744,1.842,1.0,12.584,1.721,1.0,186.752,37.277,1.0,10.556,37.277,1.0,347.339,1.0,353.506,347.339,1.0,355.818,1.0,356.455,355.818,1.0,1.414,1.0,2.226,1.414,1.0,101.533,101.558,1.0,14.998,14.998,0.0,5.834,3.677,1.0,0.293625,1.0,-9999,0.0,77.9286458333,1.0,-9999,0.0,-9999,0.0,-9999,0.0,434.423,1.0,11.713,1.0,51.371,1.0,-9.86807,1.0,11.6775,1.0,15.5739,15.2491,15.7748,1.93682,1.97564,-8.63861,1.0,-11.521,-11.6697,-11.2808,1.65228,1.67724,5.0,1,28,20,28,20,3.2419,0.666667,0.123485,0.450501,3.19135,0.6875,0.138515,0.45485,3.402,0.915104,0.0590698,2.91656,2.95477,3.09173,3.2419,3.79215,3.82126,3.84277,1.0,1.0,0.854167,0.666667,0.979167,0.979167,0.979167,2.82423,0.697035,0.5,0.155058,0.447642,3.54378,0.823257,0.9,0.185572,0.45579,2.79107,0.665422,0.535714,0.174524,0.454752,3.4733,0.789395,0.9,0.207184,0.465009,2.65394,2.69833,2.87302,2.9281,3.52729,3.53819,3.58537,1.0,1.0,0.5,0.75,1.0,1.0,1.0,2.99033,3.05942,3.08787,3.39285,3.81811,3.89203,3.94916,1.0,1.0,1.0,0.95,0.95,0.95,0.95,3.26968,3.18666,3.22668,0.0297696,2.99466,3.01417,3.08398,3.15938,3.29271,3.49177,3.5618,-0.00344166,-0.00468874,-0.174667,0.0385804,-0.555448,-0.540337,-0.509763,-0.0531183,0.0089318,0.023871,0.0780992,3.28064,3.70277,3.47131,0.117151,2.95307,3.10252,3.16592,3.21596,3.51982,3.78164,3.95502,0.0698381,0.0,0.0671517,0.0322424,0.0,0.0,0.0,0.0,0.0693711,0.0718755,0.123395,-9999,-9999
20121129,13.718,1.0,13.636,2.013,1.0,13.834,1.327,1.0,13.91,13.636,0.873,14.293,0.769,13.718,1.0,13.636,2.013,1.0,13.834,1.327,1.0,185.482,21.376,1.0,33.346,21.376,1.0,368.521,1.0,373.417,368.521,1.0,372.865,1.0,379.663,372.865,1.0,2.597,1.0,2.174,2.597,1.0,101.618,101.664,1.0,9.271,9.271,0.0,7.425,5.015,1.0,0.3914375,1.0,-9999,0.0,49.4759583333,1.0,-9999,0.0,-9999,0.0,-9999,0.0,400.946,1.0,13.349,1.0,51.012,1.0,-3.50718,1.0,22.2461,1.0,30.0516,29.0501,31.8298,2.73869,3.42728,-17.6104,1.0,-23.4864,-25.197,-22.9966,1.64267,2.31497,6.0,1,28,20,28,20,3.52722,1.0,0.123712,0.252236,3.47731,1.0,0.131684,0.25624,3.4686,1.0,0.0320271,3.23491,3.25063,3.26053,3.42239,3.67012,3.69026,3.72136,1.0,1.0,1.0,1.0,1.0,1.0,1.0,3.23362,0.472144,1.0,0.156417,0.297298,3.63052,0.751657,1.0,0.184143,0.255518,3.16298,0.436296,1.0,0.165345,0.302091,3.614,0.757638,1.0,0.19791,0.265611,2.88344,2.90519,2.91368,3.0862,3.37731,3.41084,3.43397,1.0,1.0,1.0,1.0,1.0,1.0,1.0,3.43876,3.44473,3.45854,3.57313,3.75123,3.79903,3.80642,1.0,1.0,1.0,1.0,1.0,1.0,1.0,3.49204,3.42476,3.4176,0.0208171,3.24201,3.25836,3.30536,3.38274,3.51537,3.53578,3.62806,-0.0874963,-0.0525516,-0.0497491,0.0138027,-0.185574,-0.159652,-0.154878,-0.0441308,0.028742,0.0450869,0.0545884,3.78065,4.155,3.98293,0.115869,3.42197,3.59434,3.6253,3.81493,4.10659,4.19132,4.29508,0.0144104,0.0,0.0498806,0.0301521,0.0,0.0,0.0,0.0,0.0144104,0.0148361,0.0862744,-9999,-9999
20121130,14.586,1.0,14.335,0.513,1.0,14.938,0.965,1.0,13.845,13.801,0.706,13.908,0.228,14.586,1.0,14.335,0.513,1.0,14.938,0.965,1.0,184.266,25.406,1.0,4.241,25.406,1.0,372.175,1.0,378.479,372.175,1.0,381.958,1.0,385.564,381.958,1.0,2.076,1.0,1.298,2.076,1.0,101.314,101.359,1.0,46.788,46.788,0.0,5.976,4.138,1.0,0.322458333333,1.0,5.87941666667,1.0,53.0867708333,1.0,3.592125,0.833333333333,4.27236585366,0.854166666667,386.8154375,1.0,413.368,1.0,14.187,1.0,50.686,1.0,-0.206354,1.0,16.4109,1.0,22.169,21.4302,23.9476,2.18508,2.87351,-16.1739,1.0,-21.8488,-23.6018,-21.1207,1.71015,2.51142,7.0,1,28,20,28,20,3.55303,0.979167,0.122948,0.321073,3.49433,0.979167,0.130741,0.324137,3.41079,0.990104,0.0410136,3.09716,3.11267,3.14816,3.38841,3.67641,3.70587,3.70693,1.0,1.0,1.0,1.0,1.0,1.0,1.0,3.33009,0.378251,1.0,0.155652,0.284624,3.55516,0.46391,0.95,0.18267,0.375798,3.27352,0.374409,1.0,0.165978,0.2904,3.49858,0.436511,0.95,0.193477,0.381168,2.91674,2.95506,2.96986,3.22051,3.4239,3.43165,3.45314,1.0,1.0,1.0,1.0,1.0,1.0,1.0,3.0296,3.07953,3.1099,3.30229,3.72568,3.73636,3.76891,1.0,1.0,1.0,1.0,1.0,1.0,1.0,3.57337,3.52336,3.46997,0.01952,3.27448,3.33322,3.36437,3.48742,3.57971,3.59904,3.61083,-0.0355231,0.0290365,0.060327,0.0231442,-0.116428,-0.0979492,-0.095676,0.0990048,0.197991,0.213955,0.25118,4.02778,4.30386,4.17363,0.117867,3.5965,3.72383,3.77917,4.02778,4.28253,4.37726,4.49896,0.0,0.0,0.0430483,0.0256386,0.0,0.0,0.0,0.0,0.0,0.0,0.130463,-9999,-9999
20121201,15.053,1.0,14.112,1.061,1.0,16.371,1.717,1.0,13.815,13.75,0.547,13.906,0.15,15.053,1.0,14.112,1.061,1.0,16.371,1.717,1.0,183.101,67.812,1.0,7.05,67.812,1.0,374.546,1.0,382.879,374.546,1.0,381.596,1.0,390.692,381.596,1.0,2.817,1.0,1.397,2.817,1.0,101.638,101.604,1.0,15.061,15.061,0.0,6.194,5.174,1.0,0.4133125,1.0,42.2745625,1.0,137.780375,1.0,9.30812765957,0.979166666667,7.94316666667,1.0,391.227666667,1.0,399.933,1.0,15.063,1.0,51.024,1.0,4.33573,1.0,35.1223,0.979167,50.2531,46.8413,52.6332,3.41888,5.48843,-2.39131,0.979167,-3.23036,-3.48953,-3.1227,2.08379,2.10146,8.0,1,28,20,28,20,3.91941,0.958333,0.125205,0.193981,3.89749,0.958333,0.132589,0.198827,3.82403,0.960417,0.0215376,3.62382,3.67447,3.69755,3.79319,3.96895,3.9708,4.01972,0.979167,0.979167,0.979167,0.875,0.979167,0.979167,0.958333,3.52778,0.585809,1.0,0.15439,0.205792,4.12575,0.960794,0.9,0.192693,0.277397,3.49646,0.595907,1.0,0.163007,0.212334,4.11889,0.966907,0.9,0.204821,0.285954,3.3014,3.32265,3.33197,3.47995,3.58636,3.59478,3.62369,1.0,1.0,1.0,1.0,1.0,1.0,1.0,3.7459,3.76993,3.84644,3.97219,4.14651,4.16903,4.22345,0.95,0.7,0.95,0.95,0.95,0.9,0.9,3.63231,3.49994,3.45795,0.0288977,3.18272,3.27555,3.29117,3.49523,3.63465,3.63992,3.64183,-0.308285,-0.397552,-0.36554,0.0119918,-0.450519,-0.432146,-0.410099,-0.390642,-0.333886,-0.328188,-0.179583,4.13898,4.29108,4.23004,0.125986,3.56003,3.6765,3.74697,4.13898,4.3523,4.48321,5.30664,0.0,0.0,0.078825,0.0426776,0.0,0.0,0.0,0.0,0.0,0.0,0.474946,-9999,-9999
20121202,13.232,1.0,12.474,2.555,1.0,14.294,1.269,1.0,12.723,12.107,2.438,13.585,1.05,13.232,1.0,12.474,2.555,1.0,14.294,1.269,1.0,181.99,72.527,1.0,28.606,72.527,1.0,342.222,1.0,360.926,342.222,1.0,361.141,1.0,365.104,361.141,1.0,2.955,1.0,1.523,2.955,1.0,101.384,101.43,1.0,34.474,34.474,0.0,6.189,4.598,1.0,0.351895833333,1.0,26.1354583333,1.0,134.400020833,1.0,10.2588444444,0.9375,9.25556521739,0.958333333333,377.9795625,1.0,401.946,1.0,13.017,1.0,51.993,1.0,-10.8891,1.0,30.7787,1.0,41.5781,40.1924,44.9139,2.84677,4.51152,-3.37081,1.0,-4.55353,-4.91886,-4.40178,2.1122,2.1467,9.0,1,28,20,28,20,3.24982,0.8125,0.118505,0.154064,3.21172,0.8125,0.124898,0.159033,3.25528,0.894792,0.022565,3.05241,3.14745,3.16721,3.26838,3.32646,3.34435,3.37517,0.979167,0.979167,0.979167,0.8125,0.770833,0.8125,0.979167,2.83503,1.06364,0.678571,0.146522,0.181983,3.54699,0.432676,1.0,0.18176,0.347574,2.79102,1.02892,0.678571,0.155589,0.189359,3.52049,0.444587,1.0,0.189713,0.351799,2.80533,2.8323,2.83255,2.87731,3.02289,3.04816,3.17681,0.678571,0.678571,0.678571,0.964286,0.964286,0.964286,0.964286,3.03123,3.08774,3.11542,3.35841,3.6707,3.68026,3.74061,1.0,1.0,1.0,1.0,0.9,1.0,1.0,3.35991,3.19496,3.17784,0.0342779,2.87184,2.97036,2.97327,3.19279,3.38728,3.39699,3.40608,0.0915299,-0.0167558,-0.0763795,0.0224475,-0.253386,-0.21828,-0.194278,-0.169178,0.0766232,0.0915299,0.0992371,3.6626,3.79501,3.7358,0.13335,2.99084,3.21083,3.24545,3.52518,3.95367,4.14484,5.04798,0.0,0.0,0.0782608,0.0404511,0.0,0.0,0.0,0.0,1.58037e-05,0.0213629,0.573,-9999,-9999
20121203,10.244,1.0,9.07,2.466,1.0,11.887,3.372,1.0,10.211,9.132,2.378,11.723,2.784,10.244,1.0,9.07,2.466,1.0,11.887,3.372,1.0,180.933,116.277,1.0,106.528,116.277,1.0,318.192,1.0,324.385,318.192,1.0,321.856,1.0,322.512,321.856,1.0,2.398,1.0,2.151,2.398,1.0,102.208,102.242,1.0,0.0,0.0,0.0,1.328,1.14,1.0,0.101708333333,1.0,55.4336666667,1.0,205.6220625,1.0,17.2165416667,1.0,14.2054375,1.0,363.5145,1.0,415.561,0.9375,10.38,1.0,51.324,1.0,-9.5005,1.0,20.1536,0.9375,28.8359,26.3177,30.1428,2.37755,3.70037,25.3808,1.0,36.3149,33.1436,37.9608,2.08696,4.13605,10.0,1,28,20,28,20,2.7317,0.541667,0.103664,0.444516,2.66055,0.583333,0.114138,0.447075,2.70944,0.627083,0.0599744,2.20248,2.40918,2.41894,2.55098,2.8599,3.2737,3.32591,0.645833,0.666667,0.666667,0.645833,0.520833,0.708333,0.708333,2.47163,1.00739,0.5,0.131638,0.548104,2.85748,0.866013,0.6,0.153348,0.312494,2.44009,0.861803,0.535714,0.142135,0.55072,2.73706,0.76563,0.65,0.173452,0.322835,1.93428,2.13264,2.1426,2.31822,2.61812,3.19676,3.2326,0.535714,0.535714,0.535714,0.535714,0.5,0.821429,0.821429,2.38581,2.55122,2.59198,2.85463,2.94933,3.09578,3.21653,0.8,0.85,0.85,0.6,0.55,0.55,0.55,2.88405,2.71396,2.75401,0.0338116,2.46767,2.55755,2.56636,2.70641,2.95871,2.98284,3.00482,0.13667,0.0534142,0.0468576,0.0326163,-0.48953,-0.311512,0.0676211,0.128084,0.141697,0.156797,0.186759,2.84868,3.03591,3.00905,0.141629,2.1966,2.4579,2.52097,2.65211,3.25633,3.56984,4.16455,0.0,0.0,0.107795,0.0538422,0.0,0.0,0.0,0.0,7.0068e-05,0.0750153,0.709782,-9999,-9999
20121204,12.202,1.0,11.519,1.801,1.0,13.158,1.841,1.0,11.973,11.301,1.359,12.914,1.204,12.202,1.0,11.519,1.801,1.0,13.158,1.841,1.0,179.93,48.673,1.0,41.344,48.673,1.0,357.225,1.0,359.85,357.225,1.0,362.001,1.0,363.85,362.001,1.0,1.95,1.0,2.479,1.95,1.0,102.382,102.333,1.0,1.203,1.203,0.0,2.203,1.319,1.0,0.123291666667,1.0,24.6922916667,1.0,98.1021666667,1.0,6.79991666667,1.0,5.00970833333,1.0,375.7126875,1.0,444.379,1.0,12.424,1.0,50.643,1.0,0.254562,1.0,7.50178,1.0,10.7336,9.79622,11.2419,2.2475,2.48994,6.98585,1.0,9.99539,9.1225,10.4688,1.6197,1.90248,11.0,1,28,20,28,20,2.82943,0.625,0.101591,0.167496,2.85304,0.75,0.105712,0.170027,2.83354,0.775521,0.0249056,2.42156,2.69015,2.74938,2.84941,2.92145,2.95649,2.98979,0.520833,0.520833,0.541667,0.604167,0.979167,0.979167,0.979167,2.45407,0.977105,0.535714,0.123574,0.283659,3.10807,0.998705,0.75,0.158976,0.300453,2.48563,0.859697,0.678571,0.128075,0.285649,3.11849,0.919805,0.85,0.166201,0.304338,2.05929,2.30806,2.34153,2.45407,2.78371,2.81871,2.85326,0.5,0.5,0.5,0.535714,1.0,1.0,1.0,2.71746,2.79632,2.85939,2.92009,3.11143,3.30622,3.34689,0.55,0.95,0.95,0.95,0.75,0.75,0.75,2.93925,2.71381,2.79741,0.0381542,2.49728,2.58024,2.58481,2.70428,3.03198,3.0403,3.0839,0.101833,-0.139228,-0.0364685,0.0551167,-0.426814,-0.379479,-0.348083,-0.223836,0.166163,0.295162,0.488106,2.84651,2.98668,3.20274,0.152414,2.34263,2.54191,2.61062,2.84651,3.30533,3.79057,4.71906,0.0,0.0,0.0877207,0.0439029,0.0,0.0,0.0,0.0,4.91622e-05,0.107304,0.638437,-9999,-9999
20121205,12.982,1.0,12.824,0.411,1.0,13.203,0.488,1.0,13.432,13.191,0.647,13.769,0.371,12.982,1.0,12.824,0.411,1.0,13.203,0.488,1.0,178.982,19.465,1.0,9.28,19.465,1.0,380.446,1.0,383.962,380.446,1.0,371.535,1.0,391.954,371.535,1.0,1.169,1.0,1.513,1.169,1.0,102.136,102.162,1.0,8.87,8.87,0.0,2.46,2.038,1.0,0.1763125,1.0,16.2169583333,1.0,47.1531041667,1.0,1.21697560976,0.854166666667,1.66831818182,0.916666666667,381.401895833,1.0,412.247,1.0,13.645,1.0,51.647,1.0,0.729292,1.0,12.357,1.0,17.6805,16.1364,18.5179,1.29135,2.18722,-0.496823,1.0,-0.671145,-0.743073,-0.630688,1.71071,1.71274,12.0,1,28,20,28,20,3.52737,1.0,0.106161,0.471846,3.41569,1.0,0.113561,0.473566,3.26485,0.999479,0.0694369,2.72634,2.80028,2.80044,3.22449,3.69664,3.71977,3.72008,1.0,1.0,1.0,1.0,1.0,1.0,1.0,3.25949,0.155184,1.0,0.129104,0.473204,3.59465,0.273214,1.0,0.16617,0.466526,3.09214,0.441567,1.0,0.13868,0.475906,3.57065,0.294783,1.0,0.176872,0.470444,2.467,2.5161,2.52987,2.92992,3.40544,3.4266,3.52844,1.0,1.0,1.0,1.0,1.0,1.0,1.0,2.85155,2.93453,2.95419,3.35555,3.77334,3.80639,3.83531,1.0,1.0,1.0,1.0,1.0,1.0,1.0,2.8648,2.59265,2.71695,0.0429956,2.40751,2.46078,2.4791,2.57635,2.97185,2.98295,3.04809,-0.700011,-0.823036,-0.545111,0.0297795,-0.750413,-0.739319,-0.733253,-0.648131,-0.349855,-0.316865,-0.309531,2.71944,2.76195,3.21615,0.162851,2.27773,2.39897,2.61593,2.82479,3.4054,3.87203,4.94513,0.0,0.0,0.0608541,0.0302164,0.0,0.0,0.0,0.0,2.7651e-05,0.050254,0.508828,-9999,-9999
20121206,12.577,1.0,11.497,1.409,1.0,14.088,0.88,1.0,11.784,11.28,1.049,12.489,1.568,12.577,1.0,11.497,1.409,1.0,14.088,0.88,1.0,178.089,48.244,1.0,79.662,48.244,1.0,354.346,1.0,346.008,354.346,1.0,363.208,1.0,347.715,363.208,1.0,2.425,1.0,2.029,2.425,1.0,101.941,102.04,1.0,0.22,0.22,0.0,2.615,1.634,1.0,0.108125,1.0,21.2461875,1.0,97.9123541667,1.0,5.90377083333,1.0,4.86110416667,1.0,375.531583333,1.0,415.818,1.0,12.591,1.0,50.906,1.0,-8.00677,1.0,14.9678,1.0,20.2196,19.0307,22.3866,2.27506,3.37114,5.47727,1.0,7.3991,6.96403,8.19208,1.60489,1.8451,13.0,1,28,20,28,20,3.05893,0.916667,0.0979253,0.366321,2.98918,0.916667,0.101511,0.367295,2.80685,0.86875,0.0536519,2.34968,2.44751,2.50382,2.67285,3.14937,3.15349,3.17668,1.0,1.0,1.0,0.979167,0.729167,0.75,0.729167,2.71092,0.581082,1.0,0.117066,0.289693,3.27925,0.496249,0.8,0.156305,0.471665,2.60264,0.553113,1.0,0.118982,0.290473,3.26955,0.44755,0.8,0.165438,0.47477,2.14045,2.21281,2.25792,2.42369,2.73848,2.74278,2.77224,1.0,1.0,1.0,1.0,0.714286,0.714286,1.0,2.42167,2.56079,2.63174,2.78847,3.44877,3.45081,3.52907,1.0,1.0,1.0,0.95,0.8,0.8,0.75,2.67378,2.36708,2.53146,0.0470347,2.18123,2.23914,2.27022,2.34054,2.8057,2.82162,2.90313,-0.4261,-0.622104,-0.273577,0.0191138,-0.4261,-0.370981,-0.359854,-0.286162,-0.235227,-0.163106,-0.101195,2.4158,2.39538,3.02687,0.170971,2.02213,2.12062,2.31539,2.55016,3.35368,3.78255,4.83163,0.0,0.0,0.0974805,0.044608,0.0,0.0,0.0,0.0,0.0344172,0.107488,0.648581,-9999,-9999
20121207,9.762,1.0,7.534,1.688,1.0,12.882,2.984,1.0,9.355,7.755,1.714,11.595,3.124,9.762,1.0,7.534,1.688,1.0,12.882,2.984,1.0,177.253,122.707,1.0,120.81,122.707,1.0,301.776,1.0,294.474,301.776,1.0,295.032,1.0,287.648,295.032,1.0,3.272,1.0,2.694,3.272,1.0,101.912,102.03,1.0,0.0,0.0,0.0,2.793,1.336,1.0,0.0982083333333,1.0,51.1598541667,1.0,214.375708333,1.0,17.1149583333,1.0,14.9714791667,1.0,356.386145833,1.0,407.797,1.0,8.787,1.0,50.446,1.0,-18.4739,1.0,22.8034,1.0,32.6271,28.9931,34.1724,2.30859,4.48001,24.9154,1.0,35.649,31.6784,37.3374,1.84877,4.5843,14.0,1,28,20,28,20,1.86329,0.604167,0.0955914,0.302938,1.8515,0.604167,0.0992112,0.3041,1.94857,0.649479,0.0436835,1.6031,1.67861,1.80214,1.81369,2.02364,2.25353,2.48556,0.875,0.875,0.625,0.854167,0.354167,0.479167,0.583333,1.35467,0.585108,0.428571,0.113103,0.24267,2.4128,0.7693,0.85,0.154283,0.338314,1.36337,0.52413,0.428571,0.115306,0.243704,2.37335,0.741649,0.85,0.16306,0.342406,1.08379,1.20852,1.29743,1.31789,1.4284,1.63792,2.04519,0.821429,0.821429,0.428571,0.785714,0.0714286,0.214286,0.428571,2.14181,2.19028,2.33566,2.37916,2.68043,2.79245,2.98458,0.95,0.95,0.95,0.95,0.75,0.65,0.85,2.28174,1.97301,2.16627,0.0481922,1.78091,1.8656,1.901,1.93314,2.452,2.466,2.55866,0.407859,0.121511,0.218014,0.0234448,0.018549,0.0593325,0.0971476,0.143172,0.390307,0.407859,0.420318,1.86107,1.83294,2.48114,0.169347,1.47535,1.63244,1.80976,2.20993,2.9932,3.17445,4.03754,0.0,0.0,0.141324,0.0560657,0.0,0.0,0.0,0.0,0.154582,0.19997,0.732939,-9999,-9999
20121208,7.786,1.0,6.427,1.859,1.0,9.688,2.939,1.0,8.296,6.411,2.898,10.935,3.468,7.786,1.0,6.427,1.859,1.0,9.688,2.939,1.0,176.472,76.381,1.0,110.964,76.381,1.0,323.36,1.0,298.634,323.36,1.0,322.804,1.0,292.497,322.804,1.0,1.856,1.0,3.496,1.856,1.0,101.815,101.946,1.0,0.0,0.0,0.0,3.031,1.327,1.0,0.1105625,1.0,37.6170833333,1.0,150.393333333,1.0,10.2875833333,1.0,8.7888125,1.0,352.190395833,1.0,408.695,1.0,8.796,1.0,50.229,1.0,-10.0764,1.0,15.6357,1.0,22.3716,19.8798,23.4312,1.49659,3.02823,16.1903,1.0,23.1652,20.5851,24.2624,1.59235,3.15696,14.0,1,28,20,28,20,1.3968,0.395833,0.0899738,0.654917,1.38875,0.416667,0.0916422,0.655148,1.653,0.472396,0.0825666,1.21277,1.24802,1.25356,1.317,1.82241,2.54544,2.66374,0.625,0.5625,0.5625,0.458333,0.291667,0.479167,0.416667,1.10317,0.424169,0.357143,0.111524,0.755448,1.68603,0.549255,0.45,0.137559,0.507421,1.14098,0.363454,0.357143,0.113812,0.75579,1.61446,0.458266,0.5,0.139759,0.508021,0.944224,1.01217,1.07122,1.08868,1.56024,2.50651,2.61616,0.5,0.5,0.5,0.5,0.25,0.5,0.5,1.38576,1.39088,1.45023,1.53771,2.03793,2.36772,2.49348,0.65,0.65,0.65,0.6,0.3,0.45,0.3,1.98428,1.66769,1.88705,0.0497391,1.52161,1.56508,1.615,1.64292,2.18222,2.19868,2.29937,0.593962,0.27894,0.233791,0.043912,-0.425673,-0.214767,0.251515,0.341626,0.362373,0.399164,0.421759,1.37584,1.40114,2.04149,0.173787,1.05428,1.24323,1.30533,1.67786,2.71338,2.86791,3.69042,0.0,0.0,0.117704,0.0468561,0.0,0.0,0.0,0.0,0.119702,0.143877,0.651711,-9999,-9999
20121209,9.935,1.0,8.063,1.539,1.0,12.555,3.183,1.0,10.524,8.99,2.413,12.672,3.363,9.935,1.0,8.063,1.539,1.0,12.555,3.183,1.0,175.747,108.79,1.0,115.4,108.79,1.0,299.481,1.0,304.149,299.481,1.0,310.437,1.0,298.925,310.437,1.0,4.427,1.0,6.159,4.427,1.0,102.104,102.182,1.0,0.0,0.0,0.0,3.913,1.386,1.0,0.118645833333,1.0,38.7165,1.0,197.410729167,1.0,15.9601041667,1.0,13.1791041667,1.0,354.699479167,1.0,411.481,1.0,8.12,1.0,50.04,1.0,-13.458,1.0,18.9877,1.0,27.1676,24.635,28.4544,2.17487,3.57018,22.1127,1.0,31.6389,28.6894,33.1374,1.88653,3.7988,14.0,1,28,20,28,20,1.86371,0.875,0.090991,0.322846,1.74155,0.895833,0.0997385,0.32542,1.70695,0.810417,0.0447257,1.35936,1.40782,1.43635,1.59085,1.96342,2.02734,2.06207,0.979167,0.979167,0.979167,0.916667,0.416667,0.8125,0.8125,1.48205,0.063629,1.0,0.111203,0.197381,2.23544,1.14594,0.7,0.141588,0.53205,1.46969,0.0558413,1.0,0.113543,0.198708,1.97022,1.05002,0.75,0.167155,0.539417,1.20268,1.2683,1.30365,1.33443,1.48205,1.59445,1.59445,1.0,1.0,1.0,1.0,1.0,1.0,1.0,1.45767,1.46627,1.47106,1.90361,2.4622,2.49199,2.59423,0.95,0.95,0.95,0.8,0.55,0.6,0.55,2.01589,1.63259,1.92026,0.0542582,1.49947,1.56048,1.62033,1.69345,2.22231,2.24455,2.37209,0.142941,-0.108967,0.213937,0.0227704,-0.0738585,0.12357,0.168721,0.213955,0.241472,0.275191,0.533484,1.17316,1.26648,2.13321,0.202892,1.04386,1.10129,1.16567,1.42978,3.00493,3.18836,4.07722,0.0,0.0,0.130113,0.0545008,0.0,0.0,0.0,0.0,0.0499195,0.18378,0.711038,-9999,-9999
20121210,8.386,1.0,6.606,2.154,1.0,10.877,4.835,1.0,9.665,7.544,2.289,12.633,3.81,8.386,1.0,6.606,2.154,1.0,10.877,4.835,1.0,175.08,93.121,1.0,117.36,93.121,1.0,318.205,1.0,300.725,318.205,1.0,323.224,1.0,294.934,323.224,1.0,2.006,1.0,4.162,2.006,1.0,102.26,102.311,1.0,0.0,0.0,0.0,3.022,0.957,1.0,0.0843541666667,1.0,45.6818333333,1.0,171.836770833,1.0,13.0406666667,1.0,10.7557083333,1.0,353.510354167,1.0,417.738,1.0,7.999,1.0,49.898,1.0,-10.0144,1.0,14.8645,1.0,21.691,19.2855,23.4362,1.61627,3.47559,22.3743,1.0,32.6498,29.0289,35.2767,1.70222,4.93435,14.0,1,28,20,28,20,1.61444,0.625,0.0907414,0.330223,1.61159,0.625,0.0917996,0.330516,1.60365,0.694271,0.0435142,1.25806,1.29603,1.36066,1.42178,1.88941,1.93105,1.97397,0.75,0.791667,0.729167,0.645833,0.708333,0.708333,0.645833,1.19442,0.400239,0.714286,0.110896,0.21014,2.0616,1.26486,0.5,0.141203,0.515412,1.23354,0.336381,0.714286,0.111996,0.210723,2.00025,1.11105,0.5,0.143146,0.515947,0.819244,1.06284,1.09272,1.116,1.34692,1.41983,1.43691,0.321429,0.75,0.714286,0.714286,0.821429,0.821429,0.678571,1.44592,1.50228,1.58447,1.75285,2.47828,2.49367,2.55363,0.8,0.85,0.75,0.55,0.55,0.55,0.6,1.76863,1.41431,1.73726,0.0486305,1.31522,1.44015,1.46952,1.55606,1.99545,2.01671,2.15617,0.120144,-0.197281,0.133158,0.0269023,-0.110723,0.0214857,0.0471074,0.0979657,0.1983,0.219944,0.298044,1.08883,1.22053,1.94038,0.190582,1.01499,1.02298,1.05419,1.40173,2.75223,2.90301,3.74023,0.0,0.0,0.120247,0.0522999,0.0,0.0,0.0,0.0,0.000321976,0.16274,0.690734,-9999,-9999
20121211,8.814,1.0,7.944,2.573,1.0,10.032,3.476,1.0,9.603,8.096,1.93,11.714,3.525,8.814,1.0,7.944,2.573,1.0,10.032,3.476,1.0,174.47,87.741,1.0,116.785,87.741,1.0,327.455,1.0,311.314,327.455,1.0,327.567,1.0,307.276,327.567,1.0,1.861,1.0,2.743,1.861,1.0,101.56,101.593,1.0,0.812,0.812,0.0,2.638,2.333,1.0,0.184145833333,1.0,46.1677708333,1.0,167.9231875,1.0,11.9274583333,1.0,10.2700625,1.0,357.485979167,1.0,411.838,1.0,8.595,1.0,49.812,1.0,-5.02169,1.0,16.1529,1.0,23.5712,20.5375,25.4677,1.4327,3.92549,16.0122,1.0,23.3659,20.3586,25.2458,1.7311,4.0152,14.0,1,28,20,28,20,1.37704,0.875,0.0910127,0.138205,1.3915,0.875,0.0914427,0.138489,1.34728,0.884896,0.0160527,1.2351,1.2494,1.25682,1.27956,1.45034,1.45741,1.50626,0.770833,0.895833,0.979167,0.895833,0.916667,0.9375,0.8125,1.25697,0.404749,0.857143,0.1111,0.123385,1.42498,0.589864,0.9,0.141821,0.283671,1.28031,0.369892,0.857143,0.112025,0.124218,1.42577,0.586835,0.9,0.141875,0.283698,0.691691,1.20177,1.25168,1.28518,1.30781,1.30911,1.33027,1.0,0.857143,0.857143,0.857143,0.928571,0.857143,1.0,1.09331,1.09704,1.10022,1.22448,1.5322,1.58839,2.22786,0.95,0.95,0.95,0.85,0.85,0.75,0.55,1.6645,1.4278,1.69431,0.0442844,1.33317,1.4414,1.45453,1.53623,1.90765,1.93804,2.09168,0.31759,0.0362992,0.346859,0.0343569,0.0420107,0.190952,0.204464,0.256836,0.453923,0.488055,0.702824,1.53588,1.5935,2.15197,0.171955,1.39533,1.4911,1.5023,1.6443,2.72681,2.93887,3.78371,0.0,0.0,0.114679,0.0492028,0.0,0.0,0.0,0.0,0.000338212,0.149046,0.659167,-9999,-9999
20121212,9.377,1.0,8.081,1.954,1.0,11.191,1.551,1.0,8.804,8.333,0.943,9.463,0.623,9.377,1.0,8.081,1.954,1.0,11.191,1.551,1.0,173.917,110.947,1.0,79.875,110.947,1.0,311.949,1.0,324.663,311.949,1.0,312.377,1.0,322.836,312.377,1.0,3.218,1.0,2.48,3.218,1.0,101.116,101.196,1.0,4.573,4.573,0.0,2.603,2.853,1.0,0.2370625,1.0,49.4149166667,1.0,201.7716875,1.0,15.9554791667,1.0,13.9281875,1.0,358.124604167,1.0,393.731,1.0,9.295,1.0,50.733,1.0,-11.2266,1.0,30.777,1.0,44.0359,39.0696,46.1215,1.84035,5.54202,22.086,1.0,31.6007,28.0368,33.0974,2.16355,4.33053,14.0,1,28,20,28,20,1.61645,0.979167,0.0934714,0.100481,1.61925,0.979167,0.0933778,0.100394,1.57324,0.965625,0.0116659,1.37291,1.53806,1.57105,1.59272,1.60943,1.61181,1.62219,0.8125,0.9375,0.875,0.979167,0.979167,0.979167,0.875,1.23309,0.167314,0.964286,0.109751,0.135789,2.01214,0.618448,1.0,0.152063,0.159603,1.25448,0.125066,0.964286,0.110772,0.136616,1.98864,0.640023,1.0,0.150295,0.157919,0.84246,1.12417,1.19461,1.23309,1.24484,1.28408,1.30792,0.892857,1.0,0.892857,0.964286,0.964286,0.892857,0.964286,1.88436,1.8988,1.93336,1.96953,1.98493,1.99575,2.10657,1.0,1.0,1.0,1.0,1.0,0.7,0.85,1.62265,1.45594,1.66269,0.0400569,1.34976,1.43837,1.45333,1.52419,1.83146,1.85723,2.03671,0.00620012,-0.16331,0.0893824,0.0465718,-0.228917,-0.136606,-0.117086,-0.0853512,0.232246,0.260009,0.519077,1.80287,1.8512,2.29588,0.164503,1.60812,1.7276,1.77935,1.80008,2.72086,2.97171,3.89597,0.0,0.0,0.124757,0.0537757,0.0,0.0,0.0,0.0,0.00047277,0.18213,0.688923,-9999,-9999
20121213,5.914,1.0,4.256,1.641,1.0,8.235,3.247,1.0,5.798,4.315,1.599,7.875,2.494,5.914,1.0,4.256,1.641,1.0,8.235,3.247,1.0,173.423,111.239,1.0,107.167,111.239,1.0,281.018,1.0,291.178,281.018,1.0,287.324,1.0,283.807,287.324,1.0,2.162,1.0,2.213,2.162,1.0,101.192,101.307,1.0,0.256,0.256,0.0,2.612,1.914,1.0,0.1253125,1.0,38.8062708333,1.0,202.9738125,1.0,16.0247916667,1.0,14.0139791667,1.0,337.385354167,1.0,399.111,1.0,5.507,1.0,50.397,1.0,-21.1175,1.0,18.2552,1.0,26.1197,23.1739,27.3568,1.40952,3.40602,28.8753,1.0,41.315,36.6555,43.2717,1.83865,5.23785,14.0,1,28,20,28,20,1.24684,0.8125,0.0884204,0.229668,1.29429,0.8125,0.0889804,0.229884,1.30491,0.925521,0.027404,1.04953,1.10861,1.17826,1.23104,1.46715,1.53255,1.54218,1.0,1.0,1.0,0.791667,0.895833,0.9375,0.833333,0.943976,0.292737,0.678571,0.108827,0.289842,1.56206,0.59227,1.0,0.136401,0.191566,1.02766,0.238538,0.678571,0.109768,0.290197,1.55465,0.592061,1.0,0.136869,0.1919,0.601278,0.774408,0.895025,0.936327,1.19074,1.31168,1.326,1.0,1.0,1.0,0.642857,0.892857,0.964286,0.964286,1.45192,1.45792,1.4739,1.5306,1.70189,1.72694,1.93225,1.0,1.0,1.0,1.0,0.9,0.9,0.45,1.36719,1.27034,1.39839,0.0323203,1.16708,1.21569,1.24907,1.29284,1.51341,1.54302,1.71339,0.127065,-0.0239533,0.0928203,0.0286948,-0.0615275,-0.0328007,-0.00677288,0.0602305,0.113412,0.131696,0.265467,1.54639,1.71694,1.85739,0.149532,1.11525,1.16537,1.30639,1.50212,1.94484,2.51183,3.27519,0.0,0.0,0.119315,0.0540207,0.0,0.0,0.0,0.0,0.000519273,0.126558,0.700043,-9999,-9999
20121214,5.222,1.0,3.538,1.446,1.0,7.579,2.436,1.0,6.127,5.166,1.973,7.472,1.658,5.222,1.0,3.538,1.446,1.0,7.579,2.436,1.0,172.986,56.472,1.0,42.223,56.472,1.0,300.408,1.0,319.298,300.408,1.0,305.076,1.0,316.582,305.076,1.0,1.552,1.0,2.584,1.552,1.0,101.263,101.381,1.0,0.109,0.109,0.0,1.247,1.087,1.0,0.0889166666667,1.0,14.9175416667,1.0,116.323416667,1.0,7.331125,1.0,5.7449375,1.0,334.465020833,1.0,408.697,1.0,4.451,1.0,50.15,1.0,-15.4715,1.0,9.50422,1.0,12.6997,12.065,14.2428,1.34488,2.10112,9.77012,1.0,13.055,12.4026,14.6412,1.61495,2.31558,13.0,1,28,20,28,20,1.07449,0.729167,0.0860481,0.291308,1.1119,0.8125,0.0868981,0.291561,1.06259,0.896354,0.0355938,0.724244,0.767033,0.90189,0.958319,1.31664,1.32365,1.34039,0.958333,0.958333,0.958333,0.770833,0.895833,0.895833,0.916667,0.783702,0.252736,0.678571,0.107967,0.328907,1.38785,0.351181,0.8,0.129447,0.258628,0.835417,0.178159,0.785714,0.109431,0.32939,1.40197,0.312234,0.85,0.130075,0.258942,0.528963,0.615399,0.748849,0.767995,1.20233,1.23676,1.27004,1.0,1.0,1.0,1.0,0.964286,0.964286,0.964286,0.901035,0.913791,1.01138,1.25799,1.33673,1.36159,1.43343,0.9,0.9,0.9,0.8,0.75,0.75,0.85,1.2837,1.23199,1.3018,0.0283393,1.12745,1.1451,1.18348,1.21779,1.37257,1.40577,1.58468,0.212249,0.120088,0.23749,0.027869,-0.0106589,0.0377632,0.0568145,0.273168,0.323734,0.393438,0.447997,1.36143,1.58468,1.69619,0.149972,0.919418,1.01918,1.13032,1.32839,2.01279,2.41858,2.91703,0.0,0.0,0.104121,0.0473822,0.0,0.0,0.0,0.0,0.000287104,0.120787,0.66645,-9999,-9999
20121215,4.15,1.0,3.848,3.179,1.0,4.573,2.237,1.0,5.304,4.916,2.614,5.846,1.992,4.15,1.0,3.848,3.179,1.0,4.573,2.237,1.0,172.607,24.115,1.0,33.372,24.115,1.0,322.192,1.0,325.755,322.192,1.0,300.568,1.0,324.109,300.568,1.0,0.886,1.0,2.161,0.886,1.0,101.759,101.875,1.0,3.177,3.177,0.0,2.892,2.14,1.0,0.175916666667,1.0,10.2216458333,1.0,55.8434375,1.0,2.54476190476,0.875,2.38942222222,0.9375,332.491229167,1.0,408.835,1.0,3.995,1.0,50.722,1.0,-11.459,1.0,6.07162,1.0,8.11299,7.70756,9.09875,1.08253,1.49512,-4.62857,1.0,-6.18477,-6.93625,-5.8757,1.72823,1.89864,13.0,1,28,20,28,20,1.12962,0.895833,0.0861818,0.271278,1.14862,0.9375,0.0866682,0.271433,1.20082,0.950521,0.0403762,0.859239,0.909416,1.02766,1.09755,1.36874,1.42387,1.45197,1.0,1.0,0.979167,1.0,0.958333,1.0,0.770833,1.11932,0.289989,0.928571,0.110094,0.294068,1.04549,0.339684,0.85,0.126376,0.221877,1.1501,0.241099,1.0,0.110699,0.294295,1.04632,0.338331,0.85,0.127117,0.2223,0.756061,0.828774,0.975409,1.06429,1.36217,1.37414,1.40236,1.0,1.0,1.0,1.0,0.928571,1.0,0.928571,0.923761,0.942969,1.00831,1.03329,1.24565,1.30771,1.48439,1.0,1.0,0.95,0.85,0.95,1.0,0.45,1.18132,1.17389,1.18173,0.0255016,1.01605,1.06871,1.09205,1.11504,1.21596,1.2512,1.43622,0.049699,0.0252696,-0.0197588,0.0205261,-0.205753,-0.170759,-0.162028,0.0111109,0.086458,0.105881,0.14965,0.982961,1.16376,1.42473,0.154349,0.658491,0.815239,0.850964,0.971753,1.90446,2.24665,2.6245,0.0,0.0,0.0841149,0.0344712,0.0,0.0,0.0,0.0,0.000131942,0.093752,0.538681,-9999,-9999
20121216,8.259,1.0,7.857,2.584,1.0,8.822,2.428,1.0,9.09,8.944,1.521,9.293,0.95,8.259,1.0,7.857,2.584,1.0,8.822,2.428,1.0,172.287,71.476,1.0,20.337,71.476,1.0,335.891,1.0,361.804,335.891,1.0,323.71,1.0,366.127,323.71,1.0,2.383,1.0,3.968,2.383,1.0,101.869,101.929,1.0,1.745,1.745,0.0,3.788,3.389,1.0,0.267625,1.0,44.4979583333,1.0,146.10475,1.0,9.65933333333,1.0,7.63820833333,1.0,354.6200625,1.0,411.379,1.0,8.152,1.0,50.872,1.0,0.547125,1.0,20.3781,1.0,26.4389,23.3767,30.4785,1.85996,5.58341,13.4975,1.0,17.5119,15.4836,20.1875,2.18663,4.11585,13.0,1,28,20,28,20,1.24359,1.0,0.0800705,0.161237,1.27046,1.0,0.0800834,0.161243,1.28358,0.951042,0.0186386,1.15293,1.17935,1.19534,1.23535,1.34425,1.45925,1.48564,1.0,1.0,1.0,0.895833,0.895833,0.895833,0.854167,1.08852,0.38454,1.0,0.100183,0.178691,1.35218,0.593348,1.0,0.120917,0.15609,1.12784,0.346673,1.0,0.100279,0.178745,1.35929,0.584424,1.0,0.120807,0.156004,1.0332,1.07659,1.0917,1.09614,1.26604,1.37252,1.38496,1.0,1.0,1.0,1.0,0.928571,1.0,0.964286,1.217,1.22032,1.22542,1.2335,1.35192,1.41774,1.45336,0.85,1.0,1.0,1.0,0.85,1.0,0.75,1.33105,1.34132,1.32799,0.0278062,1.12715,1.19841,1.25158,1.25905,1.35735,1.39284,1.57929,0.0910297,0.070858,0.0438609,0.0164698,-0.0637843,-0.0563348,-0.0039336,0.0326876,0.0566723,0.0744308,0.12004,1.22172,1.36738,1.80247,0.176362,1.04916,1.08539,1.17082,1.34842,2.26642,2.80229,3.59387,0.0,0.0,0.118199,0.0498161,0.0,0.0,0.0,0.0,0.000420711,0.22219,0.679918,-9999,-9999
20121217,10.609,1.0,9.662,1.053,1.0,11.936,1.501,1.0,10.804,9.951,1.39,12.0,0.39,10.609,1.0,9.662,1.053,1.0,11.936,1.501,1.0,172.026,45.813,1.0,56.9,45.813,1.0,339.998,1.0,348.172,339.998,1.0,346.771,1.0,350.238,346.771,1.0,2.194,1.0,1.367,2.194,1.0,101.663,101.676,1.0,10.759,10.759,0.0,3.897,3.904,1.0,0.317333333333,1.0,14.6625416667,1.0,100.605791667,1.0,5.1185,1.0,4.47191666667,1.0,365.324041667,1.0,402.546,1.0,10.174,1.0,51.005,1.0,-1.09865,1.0,17.1635,1.0,22.9341,19.6891,25.6706,2.06323,4.89057,-8.29246,1.0,-11.0805,-12.4026,-9.51267,1.93905,2.88952,13.0,1,28,20,28,20,1.3414,0.979167,0.0802804,0.156963,1.3531,0.979167,0.079446,0.156538,1.28617,0.951042,0.0221898,1.09874,1.12739,1.15459,1.32498,1.38185,1.39715,1.45694,0.979167,0.979167,0.979167,0.979167,0.958333,0.958333,0.916667,1.29694,0.282282,1.0,0.10216,0.135647,1.28661,0.584676,0.95,0.118393,0.213016,1.31413,0.288303,1.0,0.100716,0.134562,1.2896,0.580389,0.95,0.117806,0.212691,1.14637,1.19585,1.22287,1.27409,1.36196,1.37432,1.42042,1.0,1.0,1.0,1.0,1.0,1.0,1.0,0.933186,0.938188,0.958261,1.26972,1.28673,1.29236,1.38094,0.95,0.95,0.95,0.95,0.9,0.9,0.8,1.36669,1.38057,1.40706,0.0309378,1.1482,1.23277,1.29494,1.32564,1.48527,1.53369,1.64223,0.0243651,0.027473,0.120887,0.0143981,0.00538015,0.0349862,0.0684851,0.111577,0.140523,0.144733,0.267655,1.57754,1.67806,2.0932,0.183907,1.40661,1.41123,1.41244,1.68078,2.02668,3.05083,4.23521,0.0,0.0,0.0873216,0.0422457,0.0,0.0,0.0,0.0,0.000289136,0.101633,0.624123,-9999,-9999
20121218,6.816,1.0,5.269,1.871,1.0,8.982,2.627,1.0,6.659,5.982,1.219,7.605,1.52,6.816,1.0,5.269,1.871,1.0,8.982,2.627,1.0,171.824,116.223,1.0,111.15,116.223,1.0,276.035,1.0,287.656,276.035,1.0,277.932,1.0,279.702,277.932,1.0,4.041,1.0,3.426,4.041,1.0,101.794,101.842,1.0,0.183,0.183,0.0,4.259,3.065,1.0,0.235208333333,1.0,32.0765,1.0,207.7189375,1.0,17.410625,1.0,15.4830833333,1.0,342.745666667,1.0,393.046,1.0,6.353,1.0,50.655,1.0,-20.1674,1.0,28.4728,1.0,38.0457,32.6624,44.8919,1.63757,9.21227,18.9067,1.0,25.2634,21.6887,29.8094,2.05698,6.36151,12.0,1,28,20,28,20,1.19647,0.979167,0.0859389,0.201247,1.24087,0.979167,0.0864496,0.201465,1.29358,0.898438,0.0238681,1.16251,1.16868,1.19647,1.20755,1.33561,1.53263,1.59483,1.0,1.0,0.979167,1.0,0.708333,0.895833,0.916667,0.847809,0.335512,1.0,0.102204,0.19671,1.5802,0.75773,0.95,0.137949,0.165398,0.917586,0.286979,1.0,0.103474,0.197373,1.5852,0.748643,0.95,0.137801,0.165274,0.822304,0.833952,0.870267,0.889249,0.991946,1.1701,1.36186,1.0,1.0,1.0,1.0,0.571429,0.714286,0.857143,1.52798,1.53738,1.54171,1.56744,1.69587,1.71988,1.91518,1.0,1.0,1.0,1.0,0.9,0.95,0.6,1.1623,1.16007,1.20207,0.0308756,0.929076,1.00696,1.06906,1.11694,1.32888,1.38622,1.44887,-0.0316833,-0.0807976,-0.0928286,0.0131034,-0.235688,-0.162966,-0.138948,-0.116468,-0.00673075,0.00696434,0.0171948,1.25839,1.37729,1.6121,0.165583,0.98593,1.04262,1.07647,1.12855,1.60481,2.51665,3.22617,0.0,0.0,0.104262,0.0540245,0.0,0.0,0.0,0.0,0.0,0.00154359,0.706169,-9999,-9999
20121219,4.768,1.0,2.981,1.777,1.0,7.269,2.905,1.0,3.907,2.133,1.84,6.39,3.043,4.768,1.0,2.981,1.777,1.0,7.269,2.905,1.0,171.681,114.445,1.0,117.536,114.445,1.0,269.868,1.0,268.782,269.868,1.0,262.073,1.0,257.702,262.073,1.0,3.425,1.0,3.477,3.425,1.0,102.498,102.569,1.0,0.0,0.0,0.0,2.399,1.657,1.0,0.110791666667,1.0,28.8631041667,1.0,205.793791667,1.0,17.3690208333,1.0,14.8472916667,1.0,328.901,1.0,399.306,1.0,3.131,1.0,50.383,1.0,-19.6298,1.0,18.7578,1.0,24.3367,21.5179,27.0763,1.447,4.36705,26.0133,1.0,33.7501,29.841,37.5494,1.88773,6.01784,12.0,1,28,20,28,20,1.08749,0.895833,0.080176,0.296299,1.13437,0.916667,0.0804951,0.296386,1.15868,0.895312,0.0357419,0.82222,0.892201,1.00674,1.08749,1.3066,1.46269,1.51956,1.0,1.0,0.979167,0.895833,0.770833,0.875,0.916667,0.836217,0.294241,0.892857,0.0987923,0.335831,1.3444,0.438834,0.9,0.123506,0.234026,0.912781,0.235145,0.928571,0.0990654,0.335911,1.34563,0.437913,0.9,0.124186,0.234385,0.491486,0.606599,0.770046,0.843195,1.00515,1.24854,1.34076,1.0,1.0,1.0,0.964286,0.607143,0.857143,1.0,1.21295,1.2142,1.25217,1.33153,1.59525,1.61177,1.66099,1.0,1.0,0.95,0.95,1.0,0.95,0.85,1.05896,1.05934,1.10269,0.0298104,0.838029,0.908495,0.966384,1.01621,1.25008,1.32281,1.34773,-0.0866006,-0.0750359,-0.0573633,0.00827524,-0.14028,-0.126252,-0.075663,-0.055603,-0.04379,-0.0325815,0.0162938,1.08235,1.16468,1.38503,0.155671,0.787398,0.802403,0.85072,0.951474,1.4988,2.13273,2.73793,0.0,0.0,0.104517,0.054168,0.0,0.0,0.0,0.0,0.0,0.00161241,0.712776,-9999,-9999
20121220,5.784,1.0,4.427,2.745,1.0,7.685,3.637,1.0,7.367,6.154,3.214,9.066,2.671,5.784,1.0,4.427,2.745,1.0,7.685,3.637,1.0,171.597,111.264,1.0,101.779,111.264,1.0,274.307,1.0,294.314,274.307,1.0,271.794,1.0,287.461,271.794,1.0,3.324,1.0,5.497,3.324,1.0,102.13,102.114,1.0,0.0,0.0,0.0,4.686,3.186,1.0,0.255395833333,1.0,32.0576666667,1.0,203.398625,1.0,17.1241875,1.0,15.0387916667,1.0,336.504416667,1.0,404.361,1.0,4.322,1.0,50.302,1.0,-11.0014,1.0,17.6949,1.0,23.6442,20.9209,26.0328,1.72182,4.16224,14.5298,1.0,19.4149,17.1788,21.3763,2.34943,3.89895,12.0,1,28,20,28,20,1.15202,0.958333,0.0839631,0.301326,1.17852,0.979167,0.0837113,0.301256,1.2237,0.940625,0.0361221,0.87357,0.933509,1.07981,1.15663,1.38346,1.51229,1.59261,1.0,1.0,0.979167,0.958333,0.875,0.895833,0.979167,0.849674,0.427852,0.928571,0.108377,0.404431,1.4748,0.556072,1.0,0.121189,0.151714,0.893303,0.404549,0.964286,0.108313,0.404414,1.47501,0.555966,1.0,0.120367,0.151058,0.469034,0.570266,0.778746,0.828338,1.18098,1.34955,1.45168,1.0,1.0,1.0,0.964286,0.785714,0.892857,1.0,1.35965,1.3637,1.4071,1.4933,1.53353,1.54625,1.65095,1.0,1.0,0.95,1.0,1.0,1.0,0.95,1.10143,1.10066,1.15057,0.0310099,0.879624,0.94575,0.999676,1.05711,1.31616,1.40833,1.42559,-0.0685591,-0.0778594,-0.0737469,0.00747882,-0.157215,-0.112647,-0.103882,-0.0787308,-0.0581608,-0.0331806,0.012241,1.19654,1.23295,1.50552,0.159174,0.884157,0.932137,1.00581,1.08428,1.53599,2.33275,2.99212,0.0,0.0,0.102781,0.0532894,0.0,0.0,0.0,0.0,0.0,0.00165651,0.706339,-9999,-9999
20121221,7.276,1.0,7.092,2.377,1.0,7.535,1.937,1.0,9.077,8.971,0.954,9.225,0.6,7.276,1.0,7.092,2.377,1.0,7.535,1.937,1.0,171.572,20.659,1.0,13.253,20.659,1.0,335.424,1.0,348.108,335.424,1.0,312.301,1.0,350.163,312.301,1.0,3.045,1.0,2.576,3.045,1.0,101.466,101.487,1.0,19.923,19.923,0.0,7.328,4.108,1.0,0.3320625,1.0,5.7476875,1.0,48.0208125,1.0,2.42374418605,0.895833333333,2.761,0.958333333333,346.158291667,1.0,404.41,1.0,6.108,1.0,50.559,1.0,-2.84158,1.0,19.8172,1.0,26.4801,21.8519,29.1552,1.89592,5.73626,-20.6989,1.0,-27.6582,-30.4523,-22.8241,1.91089,5.9689,11.0,1,28,20,28,20,0.972409,0.979167,0.0783509,0.171559,1.01555,0.979167,0.0782216,0.1715,1.03711,0.9,0.0274007,0.851682,0.88277,0.894964,0.932004,1.17557,1.18801,1.26632,1.0,1.0,1.0,1.0,0.8125,0.958333,0.833333,0.953411,0.294847,1.0,0.098933,0.147981,0.914166,0.33763,0.95,0.116841,0.250653,1.01892,0.245755,1.0,0.0987851,0.147882,0.922214,0.334413,0.95,0.116622,0.250551,0.869564,0.917546,0.941078,0.953411,1.10098,1.13764,1.20378,1.0,1.0,1.0,1.0,0.785714,0.785714,0.714286,0.751194,0.752515,0.755427,0.805035,1.16009,1.19603,1.24341,1.0,1.0,1.0,1.0,1.0,0.4,1.0,1.16386,1.15956,1.21861,0.0333078,0.934674,0.997705,1.04881,1.11624,1.4068,1.49499,1.53408,0.201212,0.144015,0.180653,0.0145943,0.0341314,0.09775,0.135393,0.153857,0.203662,0.234384,0.382443,1.32482,1.34012,1.66082,0.166005,0.976575,1.08862,1.20119,1.25593,1.5674,2.59536,3.32647,0.0,0.0,0.0554882,0.0300707,0.0,0.0,0.0,0.0,0.0,0.000325845,0.50797,-9999,-9999
20121222,9.182,1.0,8.892,0.354,1.0,9.59,1.342,1.0,9.966,9.657,0.755,10.4,0.395,9.182,1.0,8.892,0.354,1.0,9.59,1.342,1.0,171.606,47.886,1.0,61.934,47.886,1.0,334.703,1.0,349.771,334.703,1.0,334.417,1.0,352.102,334.417,1.0,1.761,1.0,1.461,1.761,1.0,101.496,101.552,1.0,21.383,21.383,0.0,5.527,5.148,1.0,0.408354166667,1.0,17.4699375,1.0,95.8832916667,1.0,5.43004444444,0.9375,5.5749375,1.0,358.536770833,1.0,398.53,1.0,8.887,1.0,53.084,1.0,0.317625,1.0,23.2221,1.0,30.1288,25.6063,33.5204,2.09006,6.22781,-11.2003,1.0,-14.5314,-16.1672,-12.3502,2.08894,3.5171,11.0,1,28,20,28,20,1.24299,1.0,0.0830683,0.141629,1.24198,1.0,0.0825482,0.141324,1.27056,0.989583,0.0166606,1.1446,1.16618,1.18099,1.22004,1.35111,1.3956,1.43282,1.0,1.0,1.0,1.0,1.0,1.0,0.979167,1.29731,0.316123,1.0,0.108665,0.136919,1.0585,0.283954,1.0,0.117324,0.165046,1.29954,0.315354,1.0,0.10771,0.136163,1.05303,0.284365,1.0,0.117086,0.164877,1.215,1.23556,1.25224,1.27516,1.37752,1.40216,1.44838,1.0,1.0,1.0,1.0,1.0,1.0,1.0,0.94715,0.967303,0.978194,1.03715,1.18453,1.19947,1.28601,1.0,1.0,1.0,1.0,1.0,1.0,0.95,1.22421,1.21558,1.29485,0.0370487,0.99891,1.0523,1.09767,1.16622,1.52089,1.56655,1.65351,-0.0244861,-0.0264046,0.0243666,0.0213408,-0.145685,-0.113875,-0.0867304,-0.0494288,0.123869,0.169774,0.260605,1.46535,1.47669,1.85375,0.176877,1.14914,1.30268,1.4111,1.41972,1.57082,2.91635,3.81825,0.0,0.0,0.0681037,0.0360237,0.0,0.0,0.0,0.0,0.0,0.000792411,0.533554,-9999,-9999
20121223,9.331,1.0,8.946,0.32,1.0,9.869,0.537,1.0,10.01,9.615,0.736,10.564,0.739,9.331,1.0,8.946,0.32,1.0,9.869,0.537,1.0,171.7,24.889,1.0,0.687,24.889,1.0,344.469,1.0,366.07,344.469,1.0,337.168,1.0,371.1,337.168,1.0,1.595,1.0,1.119,1.595,1.0,101.506,101.57,1.0,37.068,37.068,0.0,6.464,7.26,1.0,0.5488125,1.0,6.45789583333,1.0,56.688625,1.0,2.57844186047,0.895833333333,2.83972727273,0.916666666667,359.028291667,1.0,400.71,1.0,8.984,1.0,53.639,1.0,-2.01623,1.0,26.8402,1.0,35.8643,31.7335,39.4874,2.32325,6.19966,-18.5061,1.0,-24.0101,-26.713,-20.4061,2.1655,5.15238,12.0,1,28,20,28,20,1.19172,1.0,0.0828943,0.130597,1.19548,1.0,0.0814392,0.129679,1.19372,0.976562,0.0149684,1.06325,1.08359,1.10031,1.16857,1.26187,1.28543,1.36109,1.0,1.0,1.0,1.0,0.979167,1.0,0.729167,1.22745,0.369003,1.0,0.108984,0.147265,1.03773,0.332195,1.0,0.11608,0.155087,1.23327,0.3665,1.0,0.107432,0.14612,1.03826,0.332366,1.0,0.113375,0.153073,1.10155,1.12397,1.14422,1.21134,1.29923,1.32206,1.40985,1.0,1.0,1.0,1.0,1.0,1.0,1.0,0.91945,0.932517,0.942841,1.0134,1.11198,1.13821,1.16576,1.0,1.0,1.0,1.0,1.0,1.0,1.0,1.19287,1.18604,1.25578,0.0339494,0.998538,1.03532,1.07096,1.12651,1.44778,1.48881,1.6063,-0.0043101,-0.0094327,0.0620637,0.0196464,-0.0647159,-0.0551279,-0.0497596,-0.0292219,0.180902,0.207711,0.24693,1.33536,1.34783,1.77652,0.183513,1.1096,1.27574,1.28933,1.29834,1.47257,2.93504,3.85709,0.0,0.0,0.0575181,0.0309866,0.0,0.0,0.0,0.0,0.0,0.000431737,0.509392,-9999,-9999
20121224,7.154,1.0,6.663,1.208,1.0,7.842,1.546,1.0,8.122,7.288,1.137,9.289,1.891,7.154,1.0,6.663,1.208,1.0,7.842,1.546,1.0,171.853,74.673,1.0,104.178,74.673,1.0,296.081,1.0,307.991,296.081,1.0,318.726,1.0,303.404,318.726,1.0,1.295,1.0,2.276,1.295,1.0,102.076,102.174,1.0,0.209,0.209,0.0,2.484,2.644,0.958333,0.19097826087,0.958333333333,14.0211458333,1.0,143.659791667,1.0,9.75629166667,1.0,8.81320833333,1.0,345.891729167,1.0,396.487,1.0,6.99,1.0,54.141,1.0,-11.518,1.0,14.708,1.0,19.653,17.3894,21.6385,2.10352,3.78758,2.98488,1.0,3.98844,3.52906,4.39137,2.35619,2.44136,12.0,1,28,20,28,20,0.762381,1.0,0.0796945,0.170623,0.77308,1.0,0.0762161,0.169026,0.847639,0.980729,0.0364691,0.66605,0.685675,0.690793,0.699856,0.932295,0.98741,1.14179,1.0,1.0,1.0,1.0,1.0,1.0,0.958333,0.694083,0.428582,1.0,0.1041,0.156259,0.791482,0.259334,1.0,0.112833,0.216971,0.714424,0.423597,1.0,0.102576,0.155247,0.78775,0.24121,1.0,0.102216,0.211644,0.646199,0.655612,0.659745,0.665478,0.869627,0.888678,1.06356,1.0,1.0,1.0,1.0,1.0,1.0,1.0,0.619812,0.667715,0.674668,0.691912,0.953099,1.03836,1.20235,1.0,1.0,1.0,1.0,0.75,0.85,0.9,1.05943,1.05822,1.09814,0.0269679,0.914436,0.932023,0.956617,0.99236,1.22108,1.2625,1.36626,0.297311,0.285144,0.250376,0.0148685,-0.10123,0.239114,0.248369,0.26338,0.282866,0.298795,0.308853,0.990883,0.994853,1.43953,0.177766,0.820332,0.847768,0.902872,0.987461,1.30028,2.55955,3.28123,0.0,0.0,0.0932093,0.0490265,0.0,0.0,0.0,0.0,0.0,0.00135572,0.678191,-9999,-9999
20121225,5.992,1.0,6.033,2.091,1.0,5.934,1.155,1.0,6.917,6.673,1.187,7.258,0.25,5.992,1.0,6.033,2.091,1.0,5.934,1.155,1.0,172.065,16.302,1.0,13.697,16.302,1.0,328.776,1.0,344.568,328.776,1.0,315.025,1.0,346.037,315.025,1.0,0.931,1.0,2.002,0.931,1.0,101.625,101.686,1.0,16.937,16.937,0.0,3.916,3.214,1.0,0.2538125,1.0,0.881416666667,1.0,39.836625,1.0,0.560236842105,0.791666666667,1.64863414634,0.854166666667,341.094854167,1.0,406.89,1.0,5.592,1.0,54.621,1.0,-8.02873,1.0,7.46354,1.0,9.97289,8.82423,10.7734,1.68752,2.22159,-6.939,1.0,-8.68102,-9.90033,-7.65142,2.29334,2.83525,12.0,1,28,20,28,20,0.691708,1.0,0.0755038,0.257149,0.702214,1.0,0.0738206,0.25666,0.776883,0.947396,0.0411711,0.605857,0.618097,0.632531,0.650398,0.751265,1.10973,1.20123,1.0,1.0,1.0,1.0,1.0,0.75,0.75,0.700981,0.241562,1.0,0.0955755,0.258273,0.618377,0.121522,1.0,0.112199,0.242527,0.716413,0.225344,1.0,0.0933107,0.257444,0.621069,0.117098,1.0,0.109922,0.241482,0.646239,0.659148,0.683344,0.694294,0.798718,1.13902,1.21116,1.0,1.0,1.0,1.0,1.0,1.0,1.0,0.454151,0.499314,0.507229,0.520793,0.686146,0.929341,1.16215,1.0,1.0,1.0,1.0,1.0,0.4,0.45,0.930157,0.945818,0.979633,0.0234505,0.855202,0.856754,0.86846,0.889203,1.05004,1.09569,1.18635,0.242076,0.243604,0.202461,0.0227421,-0.0925603,0.00776866,0.211673,0.233624,0.254281,0.320739,0.372746,0.776814,0.778304,1.2457,0.176126,0.637158,0.670844,0.68116,0.789266,1.1655,2.33363,2.99406,0.0,0.0,0.0538225,0.0293889,0.0,0.0,0.0,0.0,0.0,0.000309674,0.505624,-9999,-9999
20121226,8.302,1.0,6.771,1.568,1.0,10.444,1.735,1.0,8.4,7.667,0.51,9.425,0.675,8.302,1.0,6.771,1.568,1.0,10.444,1.735,1.0,172.336,75.751,1.0,62.465,75.751,1.0,307.79,1.0,336.949,307.79,1.0,322.545,1.0,337.156,322.545,1.0,2.277,1.0,1.54,2.277,1.0,101.437,101.541,1.0,5.828,5.828,0.0,3.351,2.712,1.0,0.218479166667,1.0,23.2504583333,1.0,143.7954375,1.0,10.52775,1.0,8.968,1.0,349.901354167,1.0,393.009,1.0,7.135,1.0,55.166,1.0,-8.48581,1.0,26.0142,1.0,35.3929,31.0259,38.2721,2.95306,6.12979,0.828381,1.0,1.12703,0.987972,1.21872,2.52316,2.52895,12.0,1,28,20,28,20,0.867188,0.979167,0.0737953,0.173682,0.8732,0.979167,0.0825236,0.177567,0.928403,0.963021,0.0304069,0.768733,0.783632,0.818303,0.851051,0.943997,1.09808,1.15105,1.0,1.0,1.0,1.0,0.9375,0.9375,0.916667,0.755122,0.226426,1.0,0.0942578,0.209349,0.948419,0.514192,0.95,0.108234,0.147825,0.765055,0.213815,1.0,0.0928003,0.208697,0.948419,0.514192,0.95,0.139811,0.172292,0.650306,0.675634,0.729335,0.73296,0.870962,1.04949,1.1061,1.0,1.0,1.0,1.0,1.0,1.0,1.0,0.866682,0.868936,0.869112,0.941286,0.963883,1.07031,1.13207,1.0,1.0,1.0,1.0,0.85,0.85,0.9,0.916402,0.929701,0.969632,0.0265614,0.841215,0.846315,0.853958,0.875844,1.01653,1.07999,1.1589,0.052331,0.056501,0.0410501,0.00953495,-0.124321,0.00524343,0.0103139,0.0454907,0.0726386,0.0954456,0.110008,0.889183,0.896417,1.43462,0.192753,0.813094,0.850048,0.889183,0.902507,1.13395,2.80725,3.60266,0.0,0.0,0.0917399,0.0478382,0.0,0.0,0.0,0.0,0.0,0.0087982,0.669055,-9999,-9999
20121227,5.7,1.0,4.275,1.206,1.0,7.696,2.186,1.0,6.976,6.072,0.998,8.242,1.434,5.7,1.0,4.275,1.206,1.0,7.696,2.186,1.0,172.666,96.192,1.0,95.708,96.192,1.0,304.426,1.0,312.887,304.426,1.0,294.516,1.0,309.11,294.516,1.0,1.27,1.0,2.17,1.27,1.0,102.098,102.135,1.0,0.118,0.118,0.0,2.74,1.3,1.0,0.100291666667,1.0,46.0824375,1.0,177.499291667,1.0,14.5557916667,1.0,12.0392708333,1.0,341.1145,1.0,401.849,1.0,5.583,1.0,55.203,1.0,-11.503,1.0,21.1394,1.0,30.161,26.4465,31.1004,2.12704,4.05294,18.0022,1.0,25.685,22.5217,26.485,2.51108,3.86485,12.0,1,28,20,28,20,0.670551,0.958333,0.0729315,0.15153,0.669063,0.958333,0.0720581,0.151112,0.81589,0.916667,0.027465,0.670551,0.71638,0.724746,0.740241,0.815967,0.982029,1.14917,0.958333,1.0,1.0,1.0,0.958333,0.729167,0.583333,0.48822,0.118162,1.0,0.0919856,0.188515,0.867312,0.422302,0.9,0.108932,0.134958,0.516725,0.110665,1.0,0.0917669,0.188408,0.823962,0.378329,0.9,0.106149,0.132722,0.480383,0.490691,0.494777,0.509487,0.572841,0.81979,1.06172,1.0,1.0,1.0,1.0,1.0,0.642857,0.5,0.867312,0.966374,0.986239,0.993448,1.0971,1.12572,1.18391,0.9,0.95,1.0,1.0,1.0,0.85,0.85,0.72425,0.736802,0.779485,0.0270373,0.661298,0.668723,0.676685,0.687568,0.807873,0.869394,0.935453,0.0605932,0.0677393,-0.0367974,0.0143851,-0.33816,-0.0799119,-0.0654944,-0.0574878,0.0445293,0.0534272,0.0740032,0.692672,0.686306,1.17208,0.176743,0.545914,0.613683,0.669984,0.709503,0.968255,2.28871,2.93669,0.0,0.0,0.103589,0.0527983,0.0,0.0,0.0,0.0,0.0,0.0287072,0.704205,-9999,-9999
20121228,4.409,1.0,3.986,1.315,1.0,5.002,1.733,1.0,5.309,4.144,1.646,6.94,2.009,4.409,1.0,3.986,1.315,1.0,5.002,1.733,1.0,173.056,30.688,1.0,49.558,30.688,1.0,317.609,1.0,314.527,317.609,1.0,303.057,1.0,311.022,303.057,1.0,0.689,1.0,2.848,0.689,1.0,102.125,102.169,1.0,0.113,0.113,0.0,2.187,1.829,1.0,0.131395833333,1.0,9.2818125,1.0,66.8340625,1.0,3.7502826087,0.958333333333,3.15770833333,1.0,334.8086875,1.0,411.743,1.0,4.192,1.0,55.263,1.0,-9.38273,1.0,7.64265,1.0,10.9043,9.56133,11.2439,1.73343,2.13552,-0.29435,1.0,-0.414084,-0.428885,-0.351057,2.34971,2.35042,12.0,1,28,20,28,20,0.46915,1.0,0.0704168,0.321253,0.485519,1.0,0.0692976,0.321009,0.590142,0.932292,0.0568716,0.181334,0.32921,0.340763,0.351767,0.738296,0.956091,1.07617,1.0,1.0,1.0,1.0,0.9375,0.833333,0.916667,0.492276,0.147221,1.0,0.0867113,0.229572,0.395841,0.160978,1.0,0.10856,0.42451,0.519818,0.168205,1.0,0.0843179,0.228678,0.39514,0.159081,1.0,0.108403,0.42447,0.429642,0.443293,0.444435,0.46638,0.536788,0.868425,0.984871,1.0,1.0,1.0,1.0,1.0,1.0,0.964286,-0.249658,0.154364,0.163317,0.18752,0.94064,0.975152,1.20267,1.0,1.0,1.0,1.0,0.85,0.85,0.8,0.590574,0.601779,0.64682,0.0284168,0.53365,0.54218,0.552101,0.559087,0.657122,0.721763,0.775625,0.113286,0.11626,0.0564253,0.0331374,-0.326778,-0.296368,-0.056054,0.122789,0.210326,0.213784,0.362235,0.576122,0.575157,1.03329,0.169669,0.41882,0.492729,0.54434,0.593797,0.888192,2.03719,2.64481,0.0,0.0,0.0727933,0.0389952,0.0,0.0,0.0,0.0,0.0,0.00906653,0.604181,-9999,-9999
20121229,6.109,1.0,4.678,0.902,1.0,8.113,2.375,1.0,7.067,6.113,1.987,8.404,2.356,6.109,1.0,4.678,0.902,1.0,8.113,2.375,1.0,173.504,73.457,1.0,95.263,73.457,1.0,302.388,1.0,305.162,302.388,1.0,306.567,1.0,300.106,306.567,1.0,2.017,1.0,3.754,2.017,1.0,101.832,101.865,1.0,0.047,0.047,0.0,2.045,2.893,1.0,0.211395833333,1.0,24.2364166667,1.0,133.338083333,1.0,11.4516041667,1.0,9.52722916667,1.0,340.8256875,1.0,399.268,1.0,5.774,1.0,55.193,1.0,-9.4066,1.0,18.9696,1.0,27.0652,23.7319,27.6399,1.95423,3.49447,9.23892,1.0,13.1818,11.5583,13.4617,2.43407,2.81343,13.0,1,28,20,28,20,0.542105,1.0,0.0690526,0.17832,0.544227,1.0,0.0687148,0.178189,0.666269,0.896875,0.0309291,0.521188,0.527988,0.532136,0.541291,0.775979,0.856802,0.938798,1.0,1.0,1.0,1.0,0.854167,0.791667,0.5625,0.450507,0.232441,1.0,0.0850373,0.15688,0.623044,0.36995,1.0,0.106448,0.243628,0.454612,0.232163,1.0,0.0846926,0.156693,0.622205,0.368293,1.0,0.105816,0.243353,0.438154,0.445933,0.450111,0.460894,0.548017,0.709599,0.809734,1.0,1.0,1.0,1.0,1.0,0.892857,0.5,0.560719,0.589768,0.590134,0.622342,0.988133,1.02805,1.09743,1.0,1.0,1.0,1.0,0.65,0.65,0.6,0.537683,0.546847,0.596755,0.0328811,0.4763,0.488597,0.500376,0.50819,0.595988,0.66497,0.706595,-0.00929081,0.00262023,-0.0695454,0.0156681,-0.345267,-0.158626,-0.113385,-0.0435346,-0.0324402,-0.0259726,0.00486902,0.643084,0.655925,1.15582,0.182439,0.513655,0.591233,0.636973,0.651919,0.851568,2.36712,3.03638,0.0,0.0,0.09095,0.0477724,0.0,0.0,0.0,0.0,0.0,0.00677692,0.660256,-9999,-9999
20121230,6.052,1.0,4.503,2.735,1.0,8.219,3.063,1.0,5.709,4.441,1.857,7.483,3.352,6.052,1.0,4.503,2.735,1.0,8.219,3.063,1.0,174.011,115.923,1.0,117.294,115.923,1.0,280.856,1.0,284.992,280.856,1.0,264.726,1.0,276.597,264.726,1.0,3.316,1.0,2.961,3.316,1.0,101.928,101.978,1.0,0.0,0.0,0.0,2.215,3.808,1.0,0.278083333333,1.0,39.6702291667,1.0,193.854145833,1.0,18.2606041667,1.0,15.4921666667,1.0,339.599375,1.0,398.985,1.0,4.968,1.0,55.238,1.0,-12.559,1.0,40.0159,1.0,57.7547,50.0618,58.8715,2.46767,6.98122,-4.86865,1.0,-6.84909,-7.09391,-5.80661,2.6637,2.82947,12.0,1,28,20,28,20,0.687539,0.875,0.0658108,0.145956,0.69448,0.875,0.0793505,0.152541,0.740796,0.91875,0.0211263,0.604682,0.62833,0.64578,0.680186,0.774385,0.888884,1.03133,1.0,0.979167,0.979167,0.895833,0.9375,0.9375,0.895833,0.381593,0.232944,0.821429,0.0790804,0.139106,1.05588,0.63514,0.95,0.104445,0.147857,0.391987,0.222628,0.821429,0.0793149,0.13924,1.05738,0.633515,0.95,0.146112,0.179727,0.332406,0.363603,0.365574,0.387923,0.539377,0.592486,0.802134,1.0,0.964286,0.964286,0.821429,1.0,1.0,0.0,0.887935,0.976422,0.976837,1.01951,1.05588,1.18573,1.23552,1.0,0.95,1.0,1.0,0.95,0.85,0.8,0.464484,0.463971,0.512615,0.0348434,0.406393,0.413536,0.432148,0.446453,0.489817,0.539252,0.582633,-0.204626,-0.230509,-0.228356,0.0254889,-0.443823,-0.367325,-0.264346,-0.231711,-0.211565,-0.209829,-0.183505,0.629512,0.64678,1.14969,0.182809,0.508958,0.588832,0.61249,0.653596,0.823065,2.38062,3.05303,0.0,0.0,0.104321,0.0544863,0.0,0.0,0.0,0.0,0.0,0.0,0.714803,-9999,-9999
20121231,5.196,1.0,4.103,1.471,1.0,6.725,2.953,1.0,3.989,2.903,2.745,5.51,3.154,5.196,1.0,4.103,1.471,1.0,6.725,2.953,1.0,174.576,108.445,1.0,112.664,108.445,1.0,274.008,1.0,274.356,274.008,1.0,253.203,1.0,264.2,253.203,1.0,3.251,1.0,3.331,3.251,1.0,102.515,102.541,1.0,0.0,0.0,0.0,2.047,2.028,1.0,0.160354166667,1.0,26.0931666667,1.0,183.030770833,1.0,17.1334583333,1.0,14.389375,1.0,334.793875,1.0,398.46,1.0,4.559,1.0,55.2,1.0,-15.0536,1.0,20.7743,1.0,29.9834,28.2523,30.5632,2.02078,2.64916,12.1156,1.0,17.4864,16.4768,17.8245,2.41933,2.61749,12.0,1,28,20,28,20,0.6595,0.9375,0.0674199,0.130725,0.561561,0.9375,0.0673576,0.130693,0.643485,0.851042,0.0207875,0.488486,0.529942,0.541019,0.574739,0.730923,0.753938,0.828191,0.979167,0.979167,0.979167,0.958333,0.895833,0.5,0.729167,0.359333,0.13206,0.964286,0.0832479,0.111298,1.02219,0.644092,0.9,0.103584,0.216877,0.367044,0.133483,0.964286,0.083347,0.111372,0.78489,0.892725,0.9,0.10321,0.216699,0.278926,0.296122,0.312495,0.343468,0.41965,0.443865,0.483996,1.0,1.0,1.0,0.964286,0.464286,0.892857,0.571429,0.739664,0.775079,0.813749,0.938093,1.08195,1.15616,1.23608,0.95,0.95,0.95,0.9,0.9,0.55,0.4,0.441786,0.428365,0.469705,0.0344958,0.371724,0.37173,0.401022,0.410036,0.441786,0.47694,0.523157,-0.229986,-0.133197,-0.173774,0.0240515,-0.343915,-0.288194,-0.264278,-0.190932,-0.138053,-0.121151,-0.115747,0.557895,0.585347,1.06272,0.177435,0.445012,0.511731,0.542971,0.574081,0.716708,2.19749,2.82063,0.0,0.0,0.102026,0.0534319,0.0,0.0,0.0,0.0,0.0,0.0,0.711799,-9999,-9999
20130101,4.245,1.0,2.347,2.113,1.0,6.902,3.469,1.0,4.144,2.271,2.128,6.766,3.73,4.245,1.0,2.347,2.113,1.0,6.902,3.469,1.0,174.576,110.872,1.0,119.35,110.872,1.0,276.195,1.0,279.703,276.195,1.0,253.399,1.0,270.432,253.399,1.0,2.243,1.0,2.915,2.243,1.0,102.55,102.562,1.0,0.0,0.0,0.0,2.203,1.964,1.0,0.153041666667,1.0,39.9466041667,1.0,187.662979167,1.0,17.4291041667,1.0,14.8166875,1.0,330.431604167,1.0,407.664,1.0,3.578,1.0,55.198,1.0,-14.5069,1.0,20.3046,1.0,29.2373,27.6135,29.8721,1.97714,2.59083,19.7193,1.0,28.3946,26.8175,29.0111,1.99769,2.57581,12.0,1,28,20,28,20,0.525481,0.666667,0.0640802,0.126094,0.519679,0.666667,0.0711277,0.129818,0.560364,0.698958,0.0185282,0.37364,0.452185,0.457887,0.532374,0.652888,0.66938,0.724108,0.979167,0.791667,0.791667,0.666667,0.520833,0.625,0.416667,0.273018,0.130835,0.535714,0.080761,0.101514,0.833082,0.430245,0.85,0.0958121,0.203717,0.281723,0.134497,0.535714,0.0776068,0.0990231,0.807477,0.404406,0.85,0.123514,0.21812,0.14898,0.223851,0.235885,0.269618,0.336637,0.346859,0.435708,0.964286,0.714286,0.714286,0.464286,0.5,0.5,1.0,0.655972,0.70295,0.724576,0.861847,1.05192,1.06251,1.14819,1.0,0.9,0.9,0.9,0.8,0.8,0.7,0.58205,0.573263,0.502123,0.063907,0.0352146,0.0352264,0.0353334,0.573511,0.846741,0.979518,1.03777,0.0496754,0.053584,-0.058233,0.0484585,-0.47287,-0.422777,-0.416827,0.0438146,0.228063,0.248474,0.340516,2.56711,0.525093,0.954975,0.114137,0.112753,0.252683,0.54919,0.698325,1.17551,1.34305,2.56711,0.687722,0.0,0.725297,0.0796521,0.0,0.0,0.4878,0.810521,0.890819,1.11057,1.69438,-9999,-9999
20130102,4.367,1.0,1.84,2.741,1.0,7.905,4.239,1.0,4.18,1.931,3.397,7.328,4.237,4.367,1.0,1.84,2.741,1.0,7.905,4.239,1.0,175.2,116.821,1.0,122.689,116.821,1.0,282.502,1.0,274.96,282.502,1.0,251.438,1.0,264.903,251.438,1.0,2.425,1.0,3.112,2.425,1.0,102.376,102.422,1.0,0.0,0.0,0.0,2.191,1.022,1.0,0.083125,1.0,51.3509375,1.0,204.749916667,1.0,18.8749583333,1.0,15.467625,1.0,330.370270833,1.0,410.745,1.0,2.861,1.0,54.976,1.0,-14.7783,1.0,13.4215,1.0,18.8811,18.2528,19.556,2.37976,2.56836,24.9396,1.0,35.0845,33.917,36.3386,2.06202,2.73388,13.0,1,28,20,28,20,0.597539,0.708333,0.0632021,0.202919,0.504164,0.708333,0.0600756,0.201967,0.543899,0.675,0.0324819,0.245922,0.338236,0.362559,0.512503,0.676903,0.723885,0.799697,0.854167,0.979167,0.75,0.729167,0.625,0.416667,0.479167,0.261985,0.179736,0.571429,0.0794448,0.117664,1.01518,0.394014,0.9,0.0948441,0.39349,0.2691,0.182728,0.571429,0.0758006,0.115235,0.789267,0.51503,0.9,0.0896812,0.392278,0.135603,0.16661,0.169531,0.258121,0.306767,0.340199,0.428947,0.714286,0.607143,0.607143,0.571429,0.535714,0.464286,0.5,0.311751,0.436026,0.605255,0.847971,1.13765,1.1998,1.27477,0.9,0.95,0.95,0.95,0.7,0.5,0.5,0.590954,0.580687,0.512576,0.0652929,0.0357251,0.0357308,0.0357868,0.581305,0.871548,0.995876,1.05306,-0.0316681,0.0765229,-0.0313973,0.0400114,-0.42369,-0.340724,-0.326717,0.0132588,0.201976,0.210097,0.283975,2.79444,0.571592,1.03872,0.124386,0.112852,0.27242,0.597823,0.760165,1.27961,1.46199,2.79444,0.715015,0.0,0.75283,0.0825506,0.0,0.0,0.507608,0.840665,0.925501,1.15289,1.75248,-9999,-9999
20130103,3.842,1.0,1.824,2.9,1.0,6.668,4.854,1.0,4.345,2.103,2.697,7.485,4.204,3.842,1.0,1.824,2.9,1.0,6.668,4.854,1.0,175.882,110.999,1.0,122.616,110.999,1.0,288.398,1.0,278.958,288.398,1.0,254.216,1.0,269.563,254.216,1.0,1.764,1.0,2.747,1.764,1.0,102.395,102.494,1.0,0.0,0.0,0.0,2.29,1.023,1.0,0.0918958333333,1.0,48.7243125,1.0,178.335354167,1.0,25.577625,1.0,19.4796458333,1.0,329.191541667,1.0,417.701,0.958333,2.929,1.0,54.83,1.0,-12.2482,1.0,13.2943,0.958333,18.7021,18.0798,19.3706,2.15457,2.35749,26.9237,1.0,37.8757,36.6154,39.2295,2.18872,2.92332,13.0,1,28,20,28,20,0.699061,0.8125,0.0629689,0.321556,0.61536,0.8125,0.0599711,0.320983,0.606516,0.728646,0.0481972,0.152281,0.254397,0.288707,0.621773,0.771423,0.885058,1.1037,0.854167,0.8125,0.708333,0.833333,0.6875,0.5,0.583333,0.343924,0.257849,0.714286,0.0789883,0.158909,1.13526,0.535123,0.95,0.0947616,0.530229,0.34764,0.258337,0.714286,0.0754206,0.157166,0.936479,0.631373,0.95,0.0899344,0.529388,0.22929,0.258507,0.259784,0.343944,0.416613,0.534282,0.820178,0.714286,0.535714,0.535714,0.714286,1.0,0.5,0.714286,-0.0678786,0.267352,0.305799,0.982247,1.19661,1.31074,1.40434,1.0,0.95,0.95,1.0,0.7,0.55,0.4,0.570566,0.562101,0.492516,0.0626831,0.0345221,0.0345342,0.0346459,0.562291,0.831167,0.960131,1.01734,-0.130257,-0.0532588,-0.114026,0.0331942,-0.548381,-0.341932,-0.253958,-0.0674572,0.0572324,0.0835813,0.11474,2.57942,0.527609,0.972373,0.112539,0.205921,0.343303,0.551822,0.701672,1.18115,1.34949,2.57942,0.670584,0.0,0.712518,0.0760147,0.0,0.0,0.476334,0.787783,0.867662,1.08051,1.64506,-9999,-9999
20130104,4.762,1.0,2.504,2.671,1.0,7.924,4.416,1.0,6.344,4.784,3.58,8.527,4.15,4.762,1.0,2.504,2.671,1.0,7.924,4.416,1.0,176.622,111.873,1.0,118.468,111.873,1.0,291.321,1.0,288.435,291.321,1.0,257.259,1.0,280.609,257.259,1.0,2.132,1.0,3.452,2.132,1.0,102.5,102.559,1.0,0.0,0.0,0.0,1.303,0.893,1.0,0.08425,1.0,48.60275,1.0,185.064354167,1.0,27.2913958333,1.0,20.18275,1.0,333.062291667,1.0,413.632,1.0,3.432,1.0,54.795,1.0,-11.1858,1.0,14.7786,1.0,20.3207,18.4887,21.3298,2.35828,3.16183,27.7218,1.0,38.1179,34.6814,40.0108,2.27897,4.56087,13.0,1,28,20,28,20,0.695709,0.75,0.0622699,0.211024,0.631656,0.833333,0.0594721,0.210215,0.654997,0.713542,0.0321868,0.374854,0.448466,0.482471,0.625101,0.83514,0.85172,0.953126,0.895833,0.791667,0.833333,0.833333,0.625,0.583333,0.416667,0.3433,0.202064,0.642857,0.0781521,0.154689,1.12838,0.524312,0.9,0.0936435,0.357542,0.377805,0.198917,0.75,0.0748866,0.153065,0.931936,0.860025,0.95,0.0890323,0.356362,0.270553,0.300745,0.303666,0.362129,0.452906,0.567736,0.664945,0.857143,0.678571,0.678571,0.75,0.571429,0.5,0.464286,0.484633,0.574968,0.662734,0.938723,1.2432,1.26509,1.32761,0.9,0.9,0.95,0.95,0.85,0.35,0.6,0.60555,0.594119,0.526626,0.0671189,0.036589,0.0365909,0.0366117,0.59501,0.899138,1.02133,1.07868,-0.0937992,-0.0375366,-0.128392,0.0385415,-0.472196,-0.45132,-0.440512,-0.0931508,0.0880186,0.108209,0.178401,2.92413,0.598118,1.12642,0.125313,0.231945,0.444787,0.685938,0.888458,1.33899,1.52983,2.92413,0.66783,0.0,0.721454,0.0734928,0.0,0.0,0.474764,0.78291,0.863532,1.07461,1.63212,-9999,-9999
20130105,4.357,1.0,3.765,2.577,1.0,5.187,2.247,1.0,6.108,4.901,2.9,7.798,2.471,4.357,1.0,3.765,2.577,1.0,5.187,2.247,1.0,177.42,48.673,1.0,48.041,48.673,1.0,318.931,1.0,327.819,318.931,1.0,270.963,1.0,326.514,270.963,1.0,0.699,1.0,1.994,0.699,1.0,102.389,102.348,1.0,7.541,7.541,0.0,2.457,1.823,1.0,0.143333333333,1.0,22.5948958333,1.0,95.3183541667,1.0,10.5508541667,1.0,8.04122916667,1.0,336.2311875,1.0,416.831,1.0,4.311,1.0,54.868,1.0,-1.96017,1.0,8.16895,1.0,11.2324,10.2197,11.7902,1.53761,1.92861,8.84424,1.0,12.1609,11.0646,12.7649,2.41557,2.72463,14.0,1,28,20,28,20,0.574761,0.791667,0.0611285,0.187752,0.552061,0.8125,0.0590349,0.187081,0.589111,0.727604,0.0274971,0.408213,0.412748,0.414492,0.492498,0.737361,0.767792,0.868391,0.958333,0.958333,0.9375,0.958333,0.333333,0.5625,0.333333,0.36372,0.216616,0.964286,0.0762346,0.152497,0.820073,0.801817,0.55,0.0927143,0.322779,0.387042,0.191751,1.0,0.0736392,0.151216,0.734922,0.799058,0.55,0.0895139,0.321874,0.315007,0.319828,0.337284,0.384058,0.49132,0.583977,0.628042,1.0,1.0,1.0,0.964286,0.5,0.5,0.5,0.464488,0.477324,0.500187,0.662682,0.999424,1.09568,1.11834,0.85,0.85,0.85,0.85,0.65,0.6,0.6,0.583307,0.574961,0.501976,0.063868,0.0353006,0.0353145,0.0354392,0.575089,0.84334,0.981123,1.04022,-0.00927745,0.0228996,-0.0875068,0.0393379,-0.400163,-0.379024,-0.374767,-0.00927745,0.09282,0.143178,0.286244,2.36008,0.504067,0.982349,0.0996067,0.199143,0.381886,0.585457,0.75283,1.22363,1.26336,2.36008,0.431792,0.0,0.457025,0.0461761,0.0,0.0,0.288216,0.500716,0.570178,0.621751,1.03925,-9999,-9999
20130106,6.557,1.0,5.727,0.465,1.0,7.72,1.372,1.0,7.668,6.519,1.316,9.277,1.503,6.557,1.0,5.727,0.465,1.0,7.72,1.372,1.0,178.274,28.642,1.0,82.916,28.642,1.0,323.136,1.0,330.35,323.136,1.0,304.389,1.0,329.465,304.389,1.0,1.012,1.0,1.938,1.012,1.0,102.175,102.164,1.0,2.647,2.647,0.0,2.485,2.945,1.0,0.198208333333,1.0,3.03160416667,1.0,58.4917291667,1.0,4.62555813953,0.895833333333,4.13093478261,0.958333333333,343.580020833,1.0,403.646,1.0,6.081,1.0,55.348,1.0,-3.90754,1.0,11.7446,1.0,16.149,15.3299,16.951,2.01617,2.34713,-3.71844,1.0,-5.05903,-5.36681,-4.85356,2.94253,2.96702,14.0,1,28,20,28,20,1.22783,0.916667,0.0706689,0.125461,1.12445,0.9375,0.0828097,0.132679,0.948184,0.873438,0.0182633,0.802925,0.862934,0.875901,0.910534,0.97963,1.07026,1.22783,0.729167,0.666667,1.0,1.0,0.770833,0.645833,0.916667,0.433759,0.262008,1.0,0.0723878,0.242201,2.2324,1.3874,0.8,0.128227,0.422344,0.432156,0.261096,1.0,0.0715485,0.241951,1.99557,1.76755,0.85,0.163235,0.434256,0.37825,0.405089,0.410907,0.432832,0.708355,0.86735,0.941794,1.0,1.0,1.0,1.0,1.0,1.0,1.0,0.54181,0.72939,1.28016,1.48643,1.52856,1.53421,1.84672,0.15,0.2,0.4,1.0,1.0,1.0,0.95,0.669243,0.65339,0.591114,0.0739662,0.0521007,0.0528612,0.0542625,0.655302,1.01168,1.119,1.19081,-0.607421,-0.471065,-0.35707,0.0727333,-0.860006,-0.857673,-0.843039,-0.522601,0.0375137,0.0608288,0.30024,2.93412,0.674597,1.32359,0.125638,0.262557,0.50349,0.783522,1.00752,1.82097,1.89273,2.93412,0.35027,0.0,0.326354,0.0324096,0.0,0.0,0.18408,0.35027,0.48655,0.492342,0.659111,-9999,-9999
20130107,6.189,1.0,5.061,1.254,1.0,7.768,2.287,1.0,6.878,5.428,2.706,8.91,3.998,6.189,1.0,5.061,1.254,1.0,7.768,2.287,1.0,179.186,94.597,1.0,106.886,94.597,1.0,300.39,1.0,302.981,300.39,1.0,275.688,1.0,297.564,275.688,1.0,1.196,1.0,2.491,1.196,1.0,102.341,102.352,1.0,0.0,0.0,0.0,3.069,1.412,1.0,0.103729166667,1.0,37.7882708333,1.0,156.182416667,1.0,20.0020416667,1.0,14.551625,1.0,341.182770833,1.0,405.886,1.0,5.766,1.0,55.152,1.0,-5.20815,1.0,17.9299,1.0,24.3941,22.4312,25.818,2.12412,3.28862,13.6859,1.0,18.62,17.1217,19.7069,2.66007,3.27847,14.0,1,28,20,28,20,0.657475,0.833333,0.0551696,0.2632,0.600996,0.833333,0.0538227,0.262921,0.580385,0.838542,0.0362305,0.317419,0.327905,0.342951,0.535399,0.781747,0.842612,0.869027,0.979167,0.979167,0.979167,0.875,0.729167,0.625,0.625,0.434674,0.219491,1.0,0.0697628,0.149527,0.912034,0.540166,0.6,0.0821042,0.415535,0.43827,0.212936,1.0,0.0685055,0.148945,0.776378,0.509887,0.6,0.0793513,0.414999,0.408804,0.414769,0.41492,0.437004,0.608481,0.67928,0.757153,1.0,1.0,1.0,1.0,1.0,1.0,1.0,0.162921,0.179555,0.216819,0.628346,0.948995,0.99424,1.13066,0.95,0.95,0.95,0.7,0.35,0.15,0.5,0.655539,0.640746,0.625941,0.0639905,0.163086,0.170188,0.184741,0.642409,0.986384,1.09985,1.16673,0.0109879,0.0397498,0.0454414,0.0312794,-0.231429,-0.179865,-0.176345,0.0385641,0.235052,0.262119,0.324123,2.13345,0.654353,1.11877,0.0958023,0.2547,0.488423,0.760009,0.977284,1.52409,1.53802,2.13345,0.667704,0.0,0.578451,0.04926,0.0,0.0,0.441433,0.687042,0.764941,0.812873,0.959184,-9999,-9999
20130108,5.709,1.0,4.019,2.486,1.0,8.076,4.215,1.0,8.808,7.374,3.459,10.814,4.524,5.709,1.0,4.019,2.486,1.0,8.076,4.215,1.0,180.154,110.775,1.0,122.099,110.775,1.0,304.497,1.0,300.995,304.497,1.0,272.524,1.0,295.249,272.524,1.0,1.536,1.0,3.016,1.536,1.0,102.239,102.37,1.0,0.0,0.0,0.0,2.49,0.942,1.0,0.0794166666667,1.0,54.4913125,1.0,184.9559375,1.0,25.8825416667,1.0,19.1120625,1.0,340.411041667,1.0,405.498,1.0,5.475,1.0,55.085,1.0,-9.0244,1.0,20.7311,1.0,28.5056,27.0597,29.8516,2.04026,2.90619,23.3788,1.0,32.1462,30.5157,33.6641,2.50765,3.42571,14.0,1,28,20,28,20,0.6931,0.854167,0.0551921,0.269187,0.605712,0.895833,0.054346,0.269015,0.622912,0.844271,0.0362047,0.34525,0.369812,0.385624,0.539906,0.830209,0.896748,0.915781,1.0,1.0,1.0,0.9375,0.645833,0.645833,0.645833,0.411767,0.299306,1.0,0.0693916,0.125333,1.02649,0.599051,0.65,0.0827986,0.42935,0.417588,0.293762,1.0,0.0684796,0.124831,0.816238,0.774189,0.75,0.0812797,0.429059,0.36231,0.37901,0.382607,0.408474,0.537421,0.587751,0.662623,1.0,1.0,1.0,1.0,1.0,1.0,1.0,0.267969,0.328379,0.35253,0.677587,1.09722,1.17096,1.43415,1.0,1.0,1.0,0.85,0.15,0.15,0.35,0.640941,0.626673,0.670068,0.0530052,0.291409,0.305846,0.335601,0.628231,0.965928,1.07693,1.14081,-0.213598,0.0209618,0.0469736,0.0232461,-0.140521,-0.0994505,-0.0930105,0.021502,0.188402,0.215895,0.273873,0.932521,0.659468,0.756493,0.0704082,0.255078,0.444314,0.642618,0.715004,0.797808,0.913075,0.986514,0.25126,0.0,0.400844,0.0524274,0.0,0.0,0.174542,0.279937,0.569602,0.835224,1.07285,-9999,-9999
20130109,6.051,1.0,5.223,2.373,1.0,7.21,3.143,1.0,7.41,5.96,1.568,9.44,2.202,6.051,1.0,5.223,2.373,1.0,7.21,3.143,1.0,181.178,44.003,1.0,68.64,44.003,1.0,316.83,1.0,319.388,316.83,1.0,280.57,1.0,316.688,280.57,1.0,1.519,1.0,2.031,1.519,1.0,101.902,101.893,1.0,1.348,1.348,0.0,3.333,2.749,1.0,0.2305,1.0,10.1271458333,1.0,91.8431041667,1.0,9.178875,1.0,6.47720833333,1.0,342.865479167,1.0,403.411,1.0,5.719,1.0,55.019,1.0,-4.58127,1.0,16.3157,1.0,22.4343,21.2964,23.4936,1.65712,2.32358,-5.61876,1.0,-7.6972,-8.09067,-7.33398,2.3912,2.45611,14.0,1,28,20,28,20,0.73204,0.75,0.0552787,0.131179,0.600698,0.770833,0.0679449,0.136999,0.713119,0.841146,0.0285504,0.480106,0.57803,0.590785,0.604662,0.792668,0.815956,1.16191,0.979167,1.0,1.0,0.979167,0.6875,0.6875,0.6875,0.661816,0.552076,1.0,0.0693802,0.0823818,0.766485,0.64618,0.4,0.0831257,0.245719,0.670117,0.545471,1.0,0.0676498,0.0809298,0.451102,1.24058,0.45,0.125391,0.263042,0.645972,0.651639,0.652192,0.662643,0.702849,0.740479,0.794284,1.0,1.0,1.0,1.0,1.0,1.0,1.0,0.188123,0.435284,0.457891,0.479033,0.761399,0.897747,1.73088,0.95,1.0,1.0,0.95,0.25,0.3,0.25,0.651561,0.63686,0.737779,0.0447898,0.427151,0.449262,0.475348,0.638508,0.980599,1.09229,1.1579,-0.160717,0.0361616,0.0246603,0.0329446,-0.235263,-0.160717,-0.150539,-0.0787012,0.225918,0.232575,0.365227,0.450154,0.638094,0.620955,0.0743016,0.255543,0.332835,0.377653,0.460116,0.765677,0.796026,0.982723,0.0,0.0,0.150203,0.0346427,0.0,0.0,0.0,0.0,0.304455,0.470195,0.547589,-9999,-9999
20130110,5.61,1.0,4.094,1.291,1.0,7.733,2.473,1.0,4.952,4.203,1.559,6.0,1.796,5.61,1.0,4.094,1.291,1.0,7.733,2.473,1.0,182.258,122.607,1.0,103.527,122.607,1.0,269.068,1.0,288.146,269.068,1.0,253.255,1.0,280.273,253.255,1.0,3.171,1.0,2.863,3.171,1.0,102.047,102.017,1.0,0.002,0.002,0.0,4.1,2.782,1.0,0.216020833333,1.0,29.4572291667,1.0,199.417229167,1.0,29.6149583333,1.0,22.692,1.0,337.265708333,1.0,390.675,1.0,5.421,1.0,54.95,1.0,-15.0573,1.0,27.8734,1.0,38.3262,36.3822,40.136,2.45796,3.71275,8.45446,1.0,11.625,11.0353,12.1739,2.65394,2.78492,14.0,1,28,20,28,20,0.855561,0.916667,0.0870375,0.0987729,0.825881,0.916667,0.0833862,0.0955711,0.804474,0.865625,0.0137316,0.664583,0.733592,0.748165,0.806619,0.825044,0.826985,1.01396,0.645833,0.604167,0.770833,0.979167,1.0,1.0,0.875,0.350108,0.150707,1.0,0.0679042,0.0933569,1.48855,1.41015,0.8,0.177434,0.274124,0.365685,0.14622,1.0,0.0670959,0.0927707,1.3981,1.45387,0.8,0.168428,0.268383,0.344752,0.3527,0.357625,0.360186,0.432412,0.480834,0.564815,1.0,1.0,1.0,1.0,1.0,1.0,1.0,0.86385,0.99111,1.02019,1.35305,1.40872,1.40901,1.81091,0.15,0.4,0.05,0.8,1.0,1.0,0.7,0.628794,0.615783,0.722717,0.0329999,0.489622,0.514027,0.529057,0.614278,0.889378,0.992219,1.05285,-0.27633,-0.210098,-0.0824487,0.0393303,-0.333425,-0.311982,-0.295987,-0.209937,0.150772,0.215437,0.341932,0.466193,0.561651,0.613812,0.0666307,0.238477,0.397398,0.433134,0.513042,0.70957,0.739083,0.912425,0.0,0.0,0.295717,0.0679229,0.0,0.0,0.0,0.0,0.609376,0.889549,1.15073,-9999,-9999
20130111,4.594,1.0,2.842,1.594,1.0,6.845,2.84,1.0,4.428,2.97,1.521,6.303,2.754,4.594,1.0,2.842,1.594,1.0,6.845,2.84,1.0,183.394,92.613,1.0,106.044,92.613,1.0,276.612,1.0,286.474,276.612,1.0,257.521,1.0,278.324,257.521,1.0,2.762,1.0,2.904,2.762,1.0,102.324,102.293,1.0,0.195,0.195,0.0,3.269,2.235,1.0,0.157479166667,1.0,20.6364375,1.0,164.9225,1.0,21.0876458333,1.0,16.02225,1.0,330.576395833,1.0,395.642,1.0,3.627,1.0,54.97,1.0,-12.2339,1.0,21.392,1.0,29.4143,27.9223,30.8032,2.29119,3.13213,9.08561,1.0,12.4928,11.8592,13.0827,2.49237,2.65228,14.0,1,27,21,27,21,0.508637,0.916667,0.0576909,0.127303,0.434057,0.9375,0.056569,0.126798,0.483685,0.88125,0.0180589,0.341947,0.378771,0.389335,0.431893,0.574682,0.605732,0.613627,0.979167,1.0,1.0,0.979167,0.833333,0.854167,0.833333,0.273743,0.124067,1.0,0.0706784,0.106638,0.76838,0.790788,0.809524,0.0888221,0.19427,0.289646,0.11773,1.0,0.068749,0.105369,0.583661,1.04567,0.857143,0.0878187,0.193814,0.21815,0.233571,0.247431,0.275905,0.3669,0.393273,0.481633,1.0,1.0,1.0,1.0,1.0,1.0,1.0,0.470268,0.520464,0.539433,0.563587,0.76838,0.866016,0.885013,0.952381,0.904762,1.0,0.0952381,0.809524,0.619048,0.666667,0.573696,0.561321,0.626846,0.0239345,0.441357,0.473441,0.488304,0.552056,0.739268,0.818301,0.883992,0.0466101,0.127264,0.139555,0.014487,-0.0359914,0.0899827,0.0964148,0.119838,0.203463,0.207832,0.309343,0.462573,0.501278,0.553789,0.0451104,0.210252,0.398329,0.441752,0.515102,0.626019,0.647474,0.799331,0.0,0.0,0.254884,0.0587418,0.0,0.0,0.0,0.0,0.533573,0.794948,0.99243,-9999,-9999
20130112,3.965,1.0,2.666,1.466,1.0,5.636,2.522,1.0,2.722,0.789,1.577,5.208,3.232,3.965,1.0,2.666,1.466,1.0,5.636,2.522,1.0,184.583,124.236,1.0,131.107,124.236,1.0,264.594,1.0,266.316,264.594,1.0,249.372,1.0,254.828,249.372,1.0,3.546,1.0,2.931,3.546,1.0,102.344,102.363,1.0,0.0,0.0,0.0,2.676,2.704,1.0,0.186395833333,1.0,33.5023541667,1.0,205.7983125,1.0,30.7328541667,1.0,23.8102083333,1.0,329.666583333,1.0,394.285,1.0,3.955,1.0,54.437,1.0,-13.7811,1.0,27.4789,1.0,37.6437,35.8674,39.568,2.32609,3.59667,8.61961,1.0,11.8081,11.2509,12.4117,2.78869,2.91844,13.0,1,27,21,27,21,0.637362,0.9375,0.0725626,0.199029,0.578886,0.958333,0.0720411,0.198839,0.563562,0.879687,0.0288084,0.356012,0.357393,0.41014,0.529267,0.698994,0.728053,0.923407,0.979167,0.979167,0.979167,0.625,0.8125,0.833333,0.875,0.190428,0.261088,1.0,0.0737676,0.147703,1.15903,1.0077,0.857143,0.128645,0.290298,0.196865,0.260673,1.0,0.073132,0.147387,1.02195,1.22512,0.904762,0.12782,0.289933,0.10442,0.113247,0.116001,0.187346,0.348168,0.369173,0.451985,1.0,1.0,1.0,1.0,1.0,1.0,1.0,0.635358,0.638556,0.710012,0.776397,1.09198,1.15903,1.64434,0.952381,0.952381,0.142857,1.0,0.571429,0.857143,0.714286,0.468355,0.457767,0.500714,0.0183322,0.349547,0.390831,0.399615,0.440672,0.571558,0.644305,0.715634,-0.22192,-0.12112,-0.0631911,0.0211042,-0.408067,-0.170982,-0.130953,-0.0261032,0.0372911,0.0434473,0.102221,0.461997,0.483444,0.487665,0.0234321,0.188125,0.360756,0.442093,0.48917,0.555185,0.587826,0.708887,0.0,0.0,0.282871,0.0671948,0.0,0.0,0.0,0.0,0.610685,0.898784,1.16249,-9999,-9999
20130113,2.268,1.0,0.95,2.081,1.0,3.963,2.728,1.0,2.307,0.404,3.101,4.754,3.56,2.268,1.0,0.95,2.081,1.0,3.963,2.728,1.0,185.828,116.647,1.0,132.672,116.647,1.0,249.651,1.0,257.816,249.651,1.0,230.766,1.0,244.921,230.766,1.0,3.122,1.0,3.757,3.122,1.0,102.417,102.445,1.0,0.0,0.0,0.0,3.167,3.01,1.0,0.207395833333,1.0,23.1404791667,1.0,189.149729167,1.0,28.0074375,1.0,21.797375,1.0,318.9775625,1.0,397.172,1.0,1.693,1.0,53.756,1.0,-15.7256,1.0,29.6913,1.0,40.6744,38.7551,42.7536,2.16408,3.67003,0.0850208,1.0,0.116471,0.110975,0.122425,2.23702,2.23704,13.0,1,27,21,27,21,0.65743,0.9375,0.0608678,0.181518,0.538363,0.979167,0.0649928,0.182943,0.5338,0.895833,0.0237903,0.337381,0.383284,0.385242,0.516706,0.628969,0.725301,0.774036,1.0,1.0,1.0,0.645833,0.604167,0.875,0.916667,0.302893,0.207406,1.0,0.0696762,0.165173,1.05863,0.942568,0.857143,0.0997456,0.246814,0.304942,0.205519,1.0,0.0701407,0.165369,0.793741,1.34691,0.952381,0.111178,0.251652,0.0948607,0.131477,0.13375,0.264041,0.407343,0.430992,0.517666,1.0,1.0,1.0,1.0,1.0,1.0,1.0,0.583975,0.622316,0.670712,0.682044,0.867165,1.07384,1.23596,0.190476,1.0,1.0,1.0,0.952381,0.714286,0.809524,0.323634,0.321856,0.326441,0.00976242,0.231411,0.279702,0.282012,0.295306,0.345937,0.37801,0.471287,-0.390441,-0.216507,-0.207955,0.0196937,-0.456699,-0.390441,-0.270728,-0.157811,-0.10554,-0.103044,-0.0904449,0.369631,0.446288,0.368587,0.0167604,0.147712,0.264968,0.33586,0.355265,0.4197,0.462775,0.535434,0.0,0.0,0.275524,0.0664504,0.0,0.0,0.0,0.0,0.603448,0.893141,1.14417,-9999,-9999
20130114,3.687,1.0,2.248,1.555,1.0,5.536,3.215,1.0,2.886,1.189,2.497,5.069,3.575,3.687,1.0,2.248,1.555,1.0,5.536,3.215,1.0,187.126,126.666,1.0,131.184,126.666,1.0,260.74,1.0,269.217,260.74,1.0,242.676,1.0,258.209,242.676,1.0,4.12,1.0,4.133,4.12,1.0,102.947,102.902,1.0,0.0,0.0,0.0,2.999,2.923,1.0,0.222854166667,1.0,35.8949791667,1.0,206.539395833,1.0,31.421125,1.0,23.4395208333,1.0,326.220395833,1.0,393.984,1.0,2.925,1.0,53.636,1.0,-10.7001,1.0,28.88,1.0,39.563,37.6961,41.5854,2.30566,3.69166,8.70454,1.0,11.9244,11.3618,12.534,2.65054,2.78936,13.0,1,27,21,27,21,0.746427,0.958333,0.0586901,0.13439,0.603091,1.0,0.0594789,0.134737,0.604666,0.894271,0.0205823,0.478674,0.496058,0.500902,0.545422,0.678405,0.737853,0.919919,0.979167,1.0,1.0,0.604167,0.604167,0.875,0.916667,0.290053,0.207937,1.0,0.0716602,0.0953141,1.27117,0.625045,0.904762,0.0906781,0.220597,0.295363,0.204681,1.0,0.070926,0.0947633,0.948628,1.18834,1.0,0.0940627,0.22201,0.223394,0.229568,0.232628,0.261815,0.337212,0.355259,0.471487,1.0,1.0,1.0,1.0,1.0,1.0,1.0,0.739134,0.789457,0.793353,0.819692,0.977802,1.19165,1.60837,0.190476,1.0,1.0,1.0,0.666667,0.714286,0.809524,0.32225,0.319614,0.315433,0.00742138,0.236028,0.283198,0.284465,0.288833,0.333107,0.333925,0.424834,-0.479483,-0.283476,-0.289661,0.0181878,-0.606474,-0.419207,-0.307325,-0.250459,-0.215618,-0.211193,-0.195059,0.451282,0.687329,0.433175,0.0218734,0.184075,0.281346,0.350198,0.435653,0.5101,0.569595,0.643356,0.0,0.0,0.28608,0.0677217,0.0,0.0,0.0,0.0,0.617001,0.907274,1.1732,-9999,-9999
20130115,2.827,1.0,0.599,2.318,1.0,5.691,4.238,1.0,4.569,2.386,2.656,7.376,4.076,2.827,1.0,0.599,2.318,1.0,5.691,4.238,1.0,188.476,119.59,1.0,131.757,119.59,1.0,268.614,1.0,281.746,268.614,1.0,243.053,1.0,272.813,243.053,1.0,2.374,1.0,3.355,2.374,1.0,103.268,103.227,1.0,0.0,0.0,0.0,2.078,0.931,1.0,0.0810208333333,1.0,42.4041666667,1.0,193.772833333,1.0,28.9590625,1.0,21.8509791667,1.0,322.375666667,1.0,428.78,1.0,2.425,1.0,53.566,1.0,-9.39769,1.0,12.9835,1.0,17.8525,16.947,21.0241,2.18116,3.72721,23.863,1.0,32.8119,31.1476,38.6412,2.28687,6.00724,13.0,1,27,21,27,21,0.691896,0.958333,0.0604609,0.196729,0.563583,0.958333,0.0601301,0.196628,0.519416,0.872917,0.0281859,0.317151,0.333005,0.335684,0.507247,0.691896,0.707421,0.801852,0.979167,1.0,1.0,0.979167,0.958333,0.791667,0.833333,0.313142,0.199332,1.0,0.0779142,0.139455,1.12137,0.511912,0.904762,0.0877486,0.298054,0.315755,0.194187,1.0,0.0776293,0.139296,0.835389,0.621672,0.904762,0.0870606,0.297852,0.141809,0.203347,0.207997,0.294804,0.405812,0.434666,0.556239,0.962963,1.0,1.0,1.0,1.0,1.0,1.0,0.454332,0.471961,0.473211,0.570712,1.01365,1.04165,1.26977,1.0,1.0,1.0,1.0,0.571429,0.52381,0.619048,0.329222,0.327068,0.322527,0.00678655,0.251857,0.294783,0.295627,0.299155,0.332085,0.344038,0.425195,-0.391965,-0.236515,-0.197449,0.0257077,-0.557833,-0.378084,-0.363058,-0.166899,-0.0458653,-0.0396407,-0.0366723,0.425319,0.711762,0.38971,0.0226462,0.174357,0.21391,0.26777,0.401052,0.486055,0.554187,0.611399,0.0,0.0163382,0.284725,0.0644862,0.0,0.0,0.00929293,0.0221042,0.595837,0.87882,1.13425,-9999,-9999
20130116,4.185,1.0,1.377,2.776,1.0,7.796,5.031,1.0,5.692,3.288,2.41,8.782,4.052,4.185,1.0,1.377,2.776,1.0,7.796,5.031,1.0,189.881,126.05,1.0,134.494,126.05,1.0,281.909,1.0,280.824,281.909,1.0,261.01,1.0,271.739,261.01,1.0,2.67,1.0,3.459,2.67,1.0,103.0,102.967,1.0,0.0,0.0,0.0,2.223,1.062,1.0,0.085,1.0,53.8656458333,1.0,205.459375,1.0,29.8829166667,1.0,23.0335,1.0,329.586125,1.0,424.333,1.0,3.188,1.0,53.518,1.0,-7.46598,1.0,16.6954,1.0,22.9564,21.792,27.4014,2.14897,4.68068,28.0751,1.0,38.6036,36.6455,46.0783,2.23984,7.34243,12.0,1,27,21,27,21,0.610191,0.833333,0.061645,0.172935,0.358138,0.895833,0.0651908,0.17423,0.519876,0.804688,0.0243677,0.341827,0.357487,0.360513,0.452123,0.663055,0.680636,0.732322,0.9375,0.958333,0.958333,0.9375,0.645833,0.645833,0.604167,0.349747,0.279781,1.0,0.0793667,0.19386,0.894345,0.671082,0.619048,0.0895745,0.177879,0.350882,0.275578,1.0,0.0801458,0.19418,0.337709,1.15677,0.761905,0.1,0.18335,0.169407,0.189891,0.194232,0.330639,0.496463,0.543629,0.642118,1.0,1.0,1.0,1.0,1.0,1.0,1.0,0.327809,0.529738,0.544346,0.640386,0.782414,0.837096,1.05849,0.857143,0.952381,0.904762,0.0952381,0.190476,0.190476,0.285714,0.388631,0.382699,0.384352,0.00754662,0.305087,0.350033,0.351463,0.3538,0.403306,0.413945,0.492263,-0.225579,0.0245601,-0.135742,0.0187099,-0.33642,-0.266109,-0.239738,-0.171767,-0.0129261,-0.00682312,0.00144118,0.568133,0.915428,0.481651,0.0324346,0.201419,0.232807,0.275396,0.414069,0.655796,0.701992,0.803416,0.0,0.0504134,0.312001,0.0659855,0.0,0.0,0.028563,0.0682898,0.622404,0.916569,1.18569,-9999,-9999
20130117,4.568,1.0,1.782,3.605,1.0,8.15,6.467,1.0,5.922,2.84,3.113,9.884,5.244,4.568,1.0,1.782,3.605,1.0,8.15,6.467,1.0,191.336,125.512,1.0,138.393,125.512,1.0,292.603,1.0,278.359,292.603,1.0,272.543,1.0,268.865,272.543,1.0,2.696,1.0,3.615,2.696,1.0,102.448,102.51,1.0,0.0,0.0,0.0,2.949,0.833,1.0,0.0685625,1.0,63.7835625,1.0,198.870375,1.0,28.1275625,1.0,21.1187291667,1.0,331.6670625,1.0,420.452,1.0,3.496,1.0,53.461,1.0,-6.72448,1.0,16.8723,1.0,23.1136,20.9173,27.6917,1.79956,5.33451,26.6702,1.0,36.5357,33.0641,43.7725,2.33536,8.27442,11.0,1,27,21,27,21,0.474762,0.645833,0.0616235,0.182376,0.38057,0.6875,0.0642878,0.183294,0.404068,0.680208,0.0253697,0.0826041,0.23452,0.284399,0.335991,0.537732,0.57782,0.58923,0.791667,0.833333,0.833333,0.854167,0.520833,0.520833,0.541667,0.246484,0.265189,0.851852,0.0793667,0.111189,0.728814,0.701037,0.380952,0.0895028,0.296958,0.251523,0.263739,0.851852,0.0812987,0.112576,0.514865,1.01629,0.47619,0.0955257,0.298828,0.177031,0.198999,0.203724,0.224925,0.32208,0.354741,0.496736,0.851852,0.851852,0.851852,0.851852,0.851852,0.851852,0.814815,-0.107243,0.258873,0.361736,0.471639,0.772535,0.825169,0.915267,0.714286,0.809524,0.809524,0.0952381,0.0952381,0.0952381,0.142857,0.427674,0.419401,0.425204,0.00776849,0.344401,0.388619,0.390022,0.39371,0.447223,0.461328,0.532832,-0.10318,0.0388307,0.0209244,0.0202616,-0.156603,-0.111881,-0.0904093,0.0343819,0.106314,0.109162,0.252544,0.654042,1.0004,0.531336,0.0379894,0.192691,0.249543,0.303359,0.466329,0.760972,0.795136,0.910016,0.0,0.0827963,0.323302,0.0636929,0.0,0.0,0.0469115,0.112182,0.613811,0.903301,1.16833,-9999,-9999
20130118,5.528,1.0,2.321,2.857,1.0,9.652,5.434,1.0,6.302,3.08,3.142,10.444,5.352,5.528,1.0,2.321,2.857,1.0,9.652,5.434,1.0,192.843,133.364,1.0,138.074,133.364,1.0,291.017,1.0,282.212,291.017,1.0,262.214,1.0,273.356,262.214,1.0,3.163,1.0,3.648,3.163,1.0,102.332,102.379,1.0,0.0,0.0,0.0,2.519,1.121,1.0,0.0781666666667,1.0,67.8559375,1.0,217.078125,1.0,21.9375416667,1.0,18.5191458333,1.0,336.336791667,1.0,427.969,1.0,3.811,1.0,53.4,1.0,-6.56013,1.0,21.5303,1.0,30.2691,28.1028,35.3367,2.06528,5.74636,23.8107,1.0,33.475,31.0793,39.0794,2.75892,6.54069,10.0,1,27,21,27,21,0.486238,0.666667,0.0710382,0.150363,0.331009,0.708333,0.0732721,0.151431,0.397387,0.689583,0.0183871,0.20371,0.245716,0.287276,0.403288,0.470136,0.510764,0.581578,0.833333,0.854167,0.854167,0.875,0.5,0.541667,0.479167,0.266164,0.264254,0.814815,0.0793667,0.121451,0.728788,0.905882,0.47619,0.118618,0.22384,0.265581,0.263319,0.814815,0.0812261,0.122675,0.387625,1.36858,0.571429,0.123047,0.226219,0.176708,0.198159,0.203168,0.242356,0.352676,0.382022,0.489665,0.851852,0.851852,0.851852,0.814815,0.814815,0.814815,0.814815,0.14054,0.281026,0.367205,0.540223,0.602035,0.66068,0.697058,0.666667,0.857143,0.857143,0.0952381,0.904762,0.047619,0.190476,0.47933,0.468389,0.478217,0.00816788,0.394374,0.437926,0.440665,0.445513,0.50233,0.5225,0.588596,-0.0543236,0.13738,0.0805723,0.0126739,-0.013768,-0.00392575,0.0290322,0.0556299,0.149599,0.158044,0.238658,0.732078,1.06097,0.58426,0.041143,0.19763,0.276179,0.339292,0.529612,0.782399,0.876399,1.00302,0.0,0.12207,0.360026,0.0661064,0.0,0.0,0.0687076,0.164443,0.651951,0.957984,1.23845,-9999,-9999
20130119,5.173,1.0,1.983,3.579,1.0,9.274,6.325,1.0,6.493,3.209,3.262,10.714,5.49,5.173,1.0,1.983,3.579,1.0,9.274,6.325,1.0,194.401,136.419,1.0,139.998,136.419,1.0,298.081,1.0,282.428,298.081,1.0,264.913,1.0,273.607,264.913,1.0,2.844,1.0,3.824,2.844,1.0,102.386,102.449,1.0,0.0,0.0,0.0,2.523,1.244,1.0,0.0826458333333,1.0,77.9594375,1.0,220.404229167,1.0,22.3995625,1.0,18.6906458333,1.0,336.123583333,1.0,416.563,1.0,3.973,1.0,53.617,1.0,-6.40333,1.0,21.9423,1.0,30.8482,28.7409,36.0128,2.54535,5.96132,22.6833,1.0,31.8901,29.7116,37.2291,2.51303,6.11308,10.0,1,27,21,27,21,0.496765,0.770833,0.0616111,0.158937,0.377723,0.791667,0.062939,0.159457,0.427836,0.774479,0.0215166,0.230734,0.269594,0.312714,0.354409,0.557266,0.562614,0.601331,0.916667,0.916667,0.916667,0.916667,0.625,0.625,0.645833,0.310826,0.26374,0.851852,0.0793573,0.131483,0.694552,0.767947,0.666667,0.0894752,0.259858,0.310513,0.263287,0.851852,0.0812845,0.132655,0.432749,0.715062,0.714286,0.0910847,0.260417,0.127198,0.184246,0.22079,0.244587,0.36127,0.393914,0.482081,0.962963,0.962963,0.925926,0.925926,0.851852,0.851852,0.851852,0.197765,0.283244,0.406829,0.532324,0.707087,0.77118,0.9099,0.904762,0.904762,0.904762,0.857143,0.285714,0.333333,0.47619,0.498428,0.486997,0.497917,0.00783164,0.420387,0.458416,0.462016,0.467816,0.517106,0.546745,0.604319,-0.0968797,0.109274,0.0701091,0.0163048,-0.108274,-0.0455087,-0.0244912,0.0761762,0.148659,0.154001,0.228756,0.743637,1.0272,0.582162,0.0405793,0.219836,0.275287,0.337735,0.527902,0.764027,0.882311,1.00296,0.0256223,0.159647,0.38878,0.0655402,0.0203884,0.0267257,0.0896816,0.198684,0.664593,0.976013,1.26155,-9999,-9999
20130120,6.107,1.0,2.731,3.278,1.0,10.447,5.562,1.0,6.441,3.258,2.996,10.533,5.472,6.107,1.0,2.731,3.278,1.0,10.447,5.562,1.0,196.008,136.049,1.0,142.462,136.049,1.0,293.744,1.0,279.296,293.744,1.0,260.523,1.0,269.957,260.523,1.0,3.409,1.0,3.949,3.409,1.0,102.323,102.4,1.0,0.0,0.0,0.0,2.581,1.186,0.916667,0.0933863636364,0.916666666667,70.8556875,1.0,218.714041667,1.0,22.6720625,1.0,19.0721458333,1.0,338.144604167,1.0,421.6,1.0,4.216,1.0,53.771,1.0,-6.86038,1.0,20.1129,1.0,31.8328,27.5529,33.0104,2.47177,4.74093,26.5974,1.0,42.0958,36.4361,43.6531,2.70224,5.99362,10.0,1,27,21,27,21,0.58126,0.916667,0.0617986,0.212557,0.33516,0.916667,0.07708,0.217492,0.361834,0.85625,0.0306445,0.0933949,0.155069,0.170932,0.266508,0.550539,0.561819,0.614303,0.854167,0.791667,0.791667,0.916667,0.916667,0.854167,0.854167,0.424391,0.223592,1.0,0.0795177,0.110959,0.734651,0.491202,0.809524,0.0898664,0.385026,0.429107,0.222949,1.0,0.0833547,0.113741,0.186521,1.32339,0.809524,0.131678,0.396873,0.230704,0.300492,0.301666,0.382641,0.424391,0.455269,0.541479,0.962963,0.851852,0.851852,1.0,1.0,0.962963,0.962963,-0.108381,-0.0462972,-0.0161759,0.095049,0.564782,0.702487,0.818644,0.714286,0.714286,0.714286,0.809524,0.666667,0.666667,0.666667,0.554509,0.539864,0.555761,0.00828775,0.475743,0.510749,0.51715,0.524275,0.578062,0.613873,0.664199,-0.102212,0.204705,0.193924,0.0247071,-0.0434217,0.011612,0.0729486,0.167583,0.348106,0.363183,0.368247,0.831933,1.06579,0.635692,0.0449018,0.24508,0.298228,0.380301,0.579824,0.831933,0.995335,1.10525,0.0773106,0.195652,0.414247,0.0629857,0.0616984,0.0812146,0.110442,0.230555,0.664639,0.976682,1.26171,-9999,-9999
20130121,5.621,1.0,2.332,3.157,1.0,9.849,5.171,1.0,6.933,3.678,3.732,11.118,5.789,5.621,1.0,2.332,3.157,1.0,9.849,5.171,1.0,197.665,135.708,1.0,143.59,135.708,1.0,298.71,1.0,280.149,298.71,1.0,271.179,1.0,270.952,271.179,1.0,2.609,1.0,4.5,2.609,1.0,102.091,102.245,1.0,0.0,0.0,0.0,1.984,1.924,0.416667,-9999,-9999,74.9363333333,1.0,218.4790625,1.0,22.5935,1.0,18.745875,1.0,339.018291667,1.0,424.304,0.979167,4.258,1.0,53.732,1.0,-6.29121,1.0,13.6592,0.958333,22.1183,18.881,22.4189,3.12589,4.08034,27.1993,1.0,44.0437,37.5974,44.6423,2.11998,5.63621,10.0,1,27,21,27,21,0.70288,0.791667,0.0619557,0.257643,0.574655,0.791667,0.0649935,0.25839,0.453107,0.777604,0.0359549,0.176588,0.178682,0.195737,0.441734,0.672112,0.678847,0.685731,0.770833,0.770833,0.8125,0.895833,0.75,0.729167,0.75,0.52306,0.287729,0.888889,0.0797798,0.13119,0.875674,0.429872,0.666667,0.090007,0.452494,0.525609,0.287523,0.888889,0.0840995,0.133861,0.589964,0.508455,0.666667,0.0938189,0.453267,0.326333,0.335224,0.337764,0.493506,0.513816,0.543512,0.638573,0.777778,0.777778,0.777778,0.703704,0.703704,0.703704,0.703704,-0.0453124,-0.0416979,0.00440553,0.290673,0.811488,0.845205,0.887213,0.761905,0.761905,0.857143,0.761905,0.761905,0.714286,0.714286,0.564737,0.551108,0.565069,0.00768979,0.49548,0.524505,0.532532,0.538572,0.582154,0.626447,0.669811,-0.160917,-0.0235471,0.112595,0.0304104,-0.132746,-0.101817,-0.0832825,0.000938924,0.320669,0.343033,0.35959,0.77479,0.983341,0.585631,0.0408841,0.243254,0.321015,0.353485,0.523168,0.77479,0.922215,1.014,0.12772,0.229206,0.437462,0.0604573,0.101708,0.128866,0.133595,0.261885,0.660295,0.969697,1.2534,-9999,-9999
20130122,6.676,1.0,4.123,2.745,1.0,9.958,4.634,1.0,8.073,5.394,3.978,11.518,5.222,6.676,1.0,4.123,2.745,1.0,9.958,4.634,1.0,199.37,116.246,1.0,115.837,116.246,1.0,303.277,1.0,302.525,303.277,1.0,284.995,1.0,297.032,284.995,1.0,2.68,1.0,4.39,2.68,1.0,101.876,102.012,1.0,0.0,0.0,0.0,2.868,1.345,0.6875,0.109242424242,0.6875,58.1436666667,1.0,201.925354167,1.0,20.0205416667,1.0,16.3362708333,1.0,343.8373125,1.0,434.474,1.0,5.202,1.0,53.688,1.0,-1.53633,1.0,12.1088,0.958333,19.8736,17.0235,20.1464,2.54993,3.44401,23.6649,1.0,38.8402,33.2701,39.3734,2.29033,5.07098,10.0,1,27,21,27,21,0.486728,0.625,0.0629597,0.0841461,0.413791,0.666667,0.0678802,0.0878884,0.490622,0.696875,0.0107064,0.344016,0.447504,0.450993,0.486728,0.526742,0.559157,0.605951,0.833333,0.791667,0.8125,0.625,0.8125,0.541667,0.583333,0.458435,0.264905,0.481481,0.0810968,0.0879919,0.48266,0.472861,0.809524,0.09143,0.167389,0.483994,0.262942,0.518519,0.0878235,0.0942277,0.289146,0.555391,0.857143,0.0980029,0.171068,0.473568,0.505609,0.515405,0.5394,0.56274,0.573899,0.600353,0.481481,0.481481,0.481481,0.740741,0.740741,0.666667,0.481481,0.0295944,0.243682,0.299854,0.450419,0.496376,0.524107,0.577753,0.857143,0.857143,0.904762,0.761905,0.619048,0.619048,0.714286,0.627056,0.610043,0.628882,0.0081483,0.557444,0.582979,0.593288,0.601523,0.648869,0.700828,0.736176,0.105025,0.196252,0.13843,0.0054029,0.0646877,0.116463,0.123325,0.138326,0.148418,0.15354,0.212225,0.84882,0.999171,0.634747,0.0431226,0.262697,0.363913,0.401281,0.545119,0.84882,0.995544,1.09462,0.16341,0.243189,0.418527,0.0523585,0.130938,0.139449,0.159369,0.273245,0.595366,0.880305,1.13015,-9999,-9999
20130123,7.337,1.0,6.824,1.415,1.0,7.996,1.41,1.0,10.491,8.999,1.082,12.41,1.678,7.337,1.0,6.824,1.415,1.0,7.996,1.41,1.0,201.123,21.082,1.0,42.102,21.082,1.0,341.807,1.0,353.928,341.807,1.0,324.383,1.0,356.946,324.383,1.0,1.148,1.0,5.161,1.148,1.0,101.814,101.863,1.0,0.0,0.0,0.0,2.558,1.53,1.0,0.140166666667,1.0,10.5338333333,1.0,51.0622291667,1.0,3.53779545455,0.916666666667,2.47711363636,0.916666666667,349.250354167,1.0,429.954,1.0,6.716,1.0,53.87,1.0,2.63208,1.0,3.21078,1.0,5.26971,4.88392,5.34205,0.841035,0.907013,-2.0377,1.0,-3.29963,-3.39029,-3.09954,1.7074,1.72095,10.0,1,27,21,27,21,0.815132,0.6875,0.0680861,0.144386,0.815739,0.6875,0.0782448,0.149445,0.808461,0.714063,0.0220368,0.551017,0.67667,0.696709,0.815132,0.927578,0.931319,1.02293,0.75,0.666667,0.666667,0.6875,0.75,0.75,0.729167,0.714089,0.017615,1.0,0.0849657,0.101232,0.877313,1.09498,0.285714,0.102746,0.272834,0.714891,0.016815,1.0,0.0970515,0.11157,0.877618,1.09492,0.285714,0.118879,0.27931,0.679346,0.688035,0.704044,0.727969,0.755047,0.798104,0.833488,1.0,1.0,1.0,1.0,1.0,1.0,1.0,0.340236,0.586463,0.610823,0.80465,1.09173,1.09196,1.26974,0.428571,0.238095,0.238095,0.380952,0.428571,0.428571,0.380952,0.673093,0.655047,0.674209,0.00816823,0.607728,0.628895,0.641861,0.649809,0.694419,0.752768,0.783556,-0.324886,-0.160692,-0.134403,0.0180422,-0.329713,-0.254567,-0.250841,-0.127724,-0.0514192,-0.03873,0.014197,0.822122,0.975991,0.614803,0.0403789,0.291848,0.358053,0.432001,0.513134,0.836081,0.950795,1.04542,0.0675779,0.0940234,0.131652,0.0136883,0.050264,0.055671,0.0649398,0.106264,0.171398,0.261365,0.281559,-9999,-9999
20130124,9.29,1.0,8.735,0.72,1.0,10.003,0.773,1.0,11.903,11.05,1.322,12.999,1.701,9.29,1.0,8.735,0.72,1.0,10.003,0.773,1.0,202.923,32.142,1.0,50.571,32.142,1.0,358.322,1.0,369.983,358.322,1.0,340.403,1.0,375.66,340.403,1.0,1.01,1.0,4.322,1.01,1.0,102.174,102.179,1.0,0.0,0.0,0.0,1.504,1.373,1.0,0.1193125,1.0,26.4510625,1.0,69.6721666667,1.0,3.68284782609,0.958333333333,3.0121875,1.0,360.8055,1.0,420.746,1.0,9.001,1.0,53.906,1.0,6.23123,1.0,6.32459,1.0,10.3803,10.0099,10.5228,0.905072,0.98167,0.416925,1.0,0.68428,0.659868,0.693674,1.75772,1.7579,9.0,1,27,21,27,21,0.746148,0.770833,0.0787077,0.402245,0.746173,0.770833,0.0832025,0.403148,0.496636,0.803125,0.0599447,0.0235525,0.0364775,0.0528151,0.755385,0.804209,0.825415,0.855685,0.916667,0.916667,0.916667,0.770833,0.708333,0.708333,0.6875,0.727952,0.0129487,1.0,0.100536,0.118882,0.707542,0.627464,0.47619,0.115526,0.814262,0.727952,0.0129487,1.0,0.105413,0.123034,0.707597,0.627455,0.47619,0.123357,0.815409,0.686203,0.689356,0.70736,0.733671,0.766124,0.816249,0.864254,1.0,1.0,1.0,1.0,1.0,1.0,1.0,-0.833465,-0.829116,-0.826959,0.751002,0.773567,0.782933,0.783261,0.809524,0.809524,0.809524,0.285714,0.285714,0.380952,0.380952,0.78588,0.758442,0.793023,0.00974813,0.711736,0.73376,0.74725,0.760287,0.82275,0.870741,0.905754,0.0167811,0.0122696,0.296318,0.0528175,-0.0144887,0.0167811,0.0236474,0.0410729,0.696186,0.705639,0.70835,1.0753,1.01617,0.791045,0.0520952,0.370895,0.46945,0.562107,0.663872,1.0753,1.22626,1.34831,0.120591,0.15181,0.201969,0.0196741,0.0841028,0.0989907,0.102094,0.160945,0.252585,0.382732,0.42105,-9999,-9999
20130125,11.613,1.0,9.927,1.176,1.0,13.78,3.147,1.0,13.389,12.158,1.242,14.972,1.903,11.613,1.0,9.927,1.176,1.0,13.78,3.147,1.0,204.769,85.869,1.0,87.066,85.869,1.0,359.209,1.0,370.503,359.209,1.0,354.108,1.0,376.266,354.108,1.0,1.656,1.0,3.104,1.656,1.0,102.109,102.107,1.0,0.176,0.176,0.0,1.652,1.17,1.0,0.0931875,1.0,61.10675,1.0,155.3554375,1.0,12.8180851064,0.979166666667,9.67258333333,1.0,373.768208333,1.0,418.58,1.0,11.412,1.0,53.711,1.0,8.67979,1.0,12.8773,1.0,21.1355,20.3809,21.7346,2.18942,2.40845,14.1255,1.0,23.1842,22.3565,23.8414,1.74826,2.06595,8.0,1,27,21,27,21,0.429618,0.75,0.0852394,0.207207,0.428208,0.75,0.0917289,0.20996,0.348992,0.715625,0.0261228,0.133189,0.145274,0.186953,0.373353,0.489077,0.522998,0.547826,0.875,0.791667,0.75,0.75,0.6875,0.520833,0.583333,0.685495,0.0749306,0.925926,0.102216,0.152306,0.0649338,0.888638,0.52381,0.134085,0.314388,0.685495,0.0749306,0.925926,0.110949,0.158299,0.061829,0.888954,0.52381,0.143084,0.31833,0.565233,0.567727,0.634491,0.649266,0.737743,0.793549,0.869015,1.0,1.0,0.962963,0.962963,0.592593,0.592593,1.0,-0.502111,-0.423792,-0.422984,-0.0194014,0.131689,0.144929,0.152647,0.47619,0.714286,0.47619,0.428571,0.428571,0.47619,0.47619,0.930948,0.889135,0.948857,0.0129143,0.842582,0.867243,0.883541,0.901648,1.01392,1.04854,1.07364,0.532908,0.460927,0.599857,0.0151874,0.496541,0.509418,0.51952,0.545072,0.698578,0.713815,0.733595,1.42992,1.05787,1.06276,0.0724812,0.442921,0.618571,0.712076,0.915658,1.42992,1.70658,1.87643,0.21664,0.271844,0.379997,0.0386216,0.168594,0.172106,0.194269,0.24606,0.49573,0.71999,0.902121,-9999,-9999
20130126,10.525,1.0,8.959,0.95,1.0,12.538,1.323,1.0,10.24,9.455,1.281,11.25,0.86,10.525,1.0,8.959,0.95,1.0,12.538,1.323,1.0,206.66,136.06,1.0,92.21,136.06,1.0,323.406,1.0,335.625,323.406,1.0,311.815,1.0,335.614,311.815,1.0,3.355,1.0,2.282,3.355,1.0,101.688,101.672,1.0,0.981,0.981,0.0,3.076,4.356,1.0,0.367479166667,1.0,74.6424791667,1.0,226.975083333,1.0,21.8267083333,1.0,18.8500625,1.0,364.303666667,1.0,394.28,1.0,9.788,1.0,53.617,1.0,-1.85946,1.0,41.0934,1.0,67.4465,62.5071,69.3584,3.25761,6.03378,14.251,1.0,23.3901,21.6772,24.0532,2.21704,2.83152,7.0,1,27,21,27,21,0.68813,0.979167,0.0802996,0.110131,0.68813,0.979167,0.112995,0.135825,0.669632,0.971875,0.00965181,0.59193,0.592256,0.623451,0.662243,0.702012,0.742997,0.764874,1.0,1.0,1.0,0.979167,0.979167,0.958333,0.875,0.74343,0.154618,1.0,0.0951865,0.123196,0.559851,0.75174,0.952381,0.127693,0.142639,0.74343,0.154618,1.0,0.108418,0.133684,0.559851,0.75174,0.952381,0.206186,0.215761,0.655845,0.656404,0.700965,0.707506,0.765879,0.812824,0.853246,1.0,1.0,1.0,1.0,1.0,1.0,0.888889,0.460568,0.460568,0.463577,0.557385,0.561565,0.587697,0.596518,1.0,1.0,1.0,0.952381,0.952381,0.857143,0.904762,0.912959,0.875996,0.9266,0.0110803,0.835815,0.855972,0.871177,0.890132,0.964403,1.00404,1.04376,0.224829,0.187866,0.256968,0.00387725,0.202783,0.224829,0.243903,0.262019,0.272075,0.278885,0.291073,1.10787,1.05105,0.87938,0.0601361,0.404848,0.527578,0.571562,0.78296,1.10787,1.40388,1.60895,0.245879,0.339271,0.505684,0.0544264,0.17237,0.229371,0.230199,0.408896,0.661974,0.972525,1.2572,-9999,-9999
20130127,7.754,1.0,6.005,1.195,1.0,10.003,2.727,1.0,7.229,6.072,0.978,8.717,2.238,7.754,1.0,6.005,1.195,1.0,10.003,2.727,1.0,208.596,144.777,1.0,133.683,144.777,1.0,298.384,1.0,299.467,298.384,1.0,277.165,1.0,293.468,277.165,1.0,3.973,1.0,3.891,3.973,1.0,102.046,102.054,1.0,0.051,0.051,0.0,3.475,3.561,1.0,0.268083333333,1.0,70.5308958333,1.0,247.799395833,1.0,23.3927083333,1.0,20.3665416667,1.0,350.3034375,1.0,388.677,1.0,7.864,1.0,53.558,1.0,-6.90958,1.0,37.165,1.0,60.9989,58.821,62.728,3.2843,4.37889,11.7644,1.0,19.3089,18.6195,19.8562,2.28293,2.46014,8.0,1,27,21,27,21,0.619055,0.958333,0.103251,0.105322,0.624863,0.958333,0.123312,0.125051,0.622696,0.896354,0.00339427,0.581685,0.602303,0.614183,0.619055,0.638091,0.643869,0.651103,0.854167,0.75,0.833333,0.958333,0.979167,0.979167,0.9375,0.682863,0.163883,1.0,0.103032,0.110555,0.485578,0.535309,0.904762,0.184858,0.189258,0.687256,0.164028,1.0,0.128163,0.134286,0.492722,0.536136,0.904762,0.215914,0.219692,0.668846,0.678983,0.682863,0.73627,0.759155,0.759155,0.769055,0.925926,0.925926,1.0,1.0,1.0,1.0,1.0,0.351239,0.399085,0.407313,0.429416,0.456467,0.480223,0.493762,0.666667,0.952381,0.666667,0.952381,0.952381,0.714286,0.904762,0.786506,0.767374,0.808251,0.00791146,0.755079,0.762599,0.77661,0.794846,0.803789,0.865101,0.910049,0.135403,0.142511,0.185511,0.00857704,0.129947,0.139198,0.141632,0.157424,0.226524,0.25407,0.28474,0.760921,0.926223,0.610519,0.041963,0.318606,0.365809,0.403312,0.547757,0.706704,1.00482,1.1516,0.248848,0.336463,0.529457,0.0559201,0.13433,0.248848,0.263122,0.391241,0.687059,1.00643,1.29999,-9999,-9999
20130128,8.209,1.0,5.989,1.783,1.0,11.063,3.273,1.0,7.191,5.654,2.551,9.166,3.357,8.209,1.0,5.989,1.783,1.0,11.063,3.273,1.0,210.575,141.429,1.0,140.979,141.429,1.0,304.658,1.0,289.604,304.658,1.0,286.061,1.0,281.972,286.061,1.0,3.866,1.0,4.45,3.866,1.0,102.39,102.339,1.0,0.0,0.0,0.0,3.752,2.804,1.0,0.219666666667,1.0,77.8972888889,0.9375,266.001666667,0.9375,24.6319111111,0.9375,20.6540222222,0.9375,355.2728,0.9375,389.246,1.0,8.298,1.0,53.593,1.0,-2.10927,1.0,30.6635,1.0,50.328,48.5312,51.7547,3.15263,3.9559,11.6796,1.0,19.1698,18.4854,19.7132,2.31941,2.49161,8.0,1,27,21,27,21,0.410964,0.958333,0.127953,0.147728,0.393804,0.958333,0.145054,0.162764,0.421095,0.909896,0.0140093,0.346365,0.353938,0.365875,0.396389,0.440184,0.501607,0.62112,0.979167,0.979167,0.979167,0.895833,0.9375,0.75,0.770833,0.686292,0.12185,1.0,0.114246,0.122763,0.0228223,0.506332,0.904762,0.240528,0.263773,0.690795,0.120902,1.0,0.144983,0.151785,-0.0207637,0.560512,0.904762,0.259484,0.281166,0.642229,0.652845,0.658997,0.67047,0.682485,0.742704,0.787521,1.0,0.888889,1.0,1.0,1.0,0.814815,0.851852,-0.0879186,-0.0561477,-0.0557522,-0.0120856,0.0570591,0.160394,0.36631,1.0,0.952381,0.952381,0.904762,0.809524,0.714286,0.666667,0.763095,0.747417,0.827778,0.00990874,0.744867,0.761485,0.768235,0.827288,0.846659,0.90111,0.945326,0.322911,0.353613,0.407124,0.00812228,0.289419,0.345219,0.375467,0.424284,0.437537,0.45528,0.464371,0.863927,0.811593,0.637353,0.0474426,0.316263,0.353431,0.424748,0.574085,0.610715,1.10029,1.26102,0.279025,0.323903,0.543016,0.0528579,0.231904,0.27929,0.296346,0.431213,0.676933,0.992637,1.28254,-9999,-9999
20130129,8.853,1.0,7.067,1.582,1.0,11.15,3.076,1.0,9.059,7.891,3.113,10.56,3.861,8.853,1.0,7.067,1.582,1.0,11.15,3.076,1.0,212.596,118.513,1.0,148.78,118.513,1.0,311.379,1.0,297.2,311.379,1.0,314.437,1.0,290.826,314.437,1.0,3.746,1.0,4.822,3.746,1.0,102.725,102.662,1.0,0.0,0.0,0.0,3.953,2.57,1.0,0.204520833333,1.0,59.6029791667,1.0,211.275520833,1.0,18.6023958333,1.0,15.6928541667,1.0,352.987458333,1.0,393.346,1.0,7.845,1.0,53.583,1.0,-3.58471,1.0,27.4201,1.0,44.7799,43.3978,45.4883,2.71499,3.1261,10.0172,1.0,16.3591,15.8542,16.6179,2.18418,2.25636,9.0,1,27,21,27,21,0.378391,0.958333,0.121655,0.148864,0.381134,0.958333,0.135531,0.160404,0.393064,0.936979,0.0139732,0.251038,0.287815,0.325863,0.387622,0.446023,0.459405,0.525382,1.0,1.0,0.979167,0.958333,0.916667,0.895833,0.854167,0.724939,0.0418641,1.0,0.120977,0.139034,-0.0986116,0.536841,0.904762,0.218194,0.251462,0.725734,0.0412295,1.0,0.152238,0.166947,-0.0935921,0.540355,0.904762,0.225398,0.257738,0.634144,0.657998,0.704609,0.724452,0.738267,0.795038,0.844423,1.0,1.0,1.0,1.0,1.0,1.0,0.962963,-0.262386,-0.204958,-0.188011,-0.0796772,0.0350307,0.0450375,0.088671,1.0,0.952381,0.952381,0.904762,0.809524,0.809524,0.666667,0.741449,0.729384,0.847165,0.0129449,0.713476,0.749657,0.777364,0.848314,0.886602,0.943344,0.986786,0.312469,0.34825,0.453951,0.0108152,0.329033,0.362035,0.417961,0.457148,0.516362,0.519886,0.53849,0.906522,0.741664,0.625461,0.0543156,0.312474,0.331181,0.444258,0.469095,0.705968,1.17256,1.34384,0.280241,0.339453,0.514693,0.0445042,0.277156,0.282753,0.288924,0.439768,0.607244,0.898542,1.152,-9999,-9999
20130130,8.601,1.0,6.271,2.602,1.0,11.596,4.616,1.0,9.971,8.386,3.023,12.01,4.462,8.601,1.0,6.271,2.602,1.0,11.596,4.616,1.0,214.659,149.913,1.0,151.686,149.913,1.0,299.863,1.0,299.21,299.863,1.0,288.724,1.0,293.169,288.724,1.0,3.364,1.0,4.359,3.364,1.0,102.716,102.704,1.0,0.0,0.0,0.0,2.019,1.203,0.895833,0.101720930233,0.895833333333,74.5777083333,1.0,259.246395833,1.0,23.8222916667,1.0,20.1613541667,1.0,353.4474375,1.0,406.028,1.0,7.854,1.0,53.597,1.0,-3.67331,1.0,19.5694,1.0,31.9588,30.9725,33.0297,3.03418,3.39587,31.8743,1.0,52.054,50.4475,53.7983,2.33088,3.4063,9.0,1,27,21,27,21,0.269278,1.0,0.110955,0.131272,0.270428,1.0,0.131276,0.148845,0.386125,1.0,0.0107934,0.269278,0.317637,0.336664,0.361169,0.427116,0.457942,0.505232,1.0,1.0,1.0,1.0,1.0,1.0,1.0,0.750005,0.0877103,1.0,0.120977,0.126217,-0.371174,0.505557,1.0,0.188505,0.227288,0.748038,0.0839754,1.0,0.152238,0.156434,-0.366112,0.497831,1.0,0.212831,0.247836,0.685532,0.691946,0.717004,0.730113,0.75047,0.763925,0.812383,1.0,1.0,1.0,1.0,1.0,1.0,1.0,-0.347605,-0.190452,-0.179138,-0.123334,-0.0176152,0.0635233,0.0942802,1.0,1.0,1.0,1.0,1.0,1.0,1.0,0.690589,0.682444,0.829937,0.014722,0.684933,0.72557,0.748123,0.821925,0.878423,0.945393,0.985281,0.364411,0.412015,0.443482,0.00814212,0.312983,0.401735,0.419818,0.451308,0.481358,0.485159,0.496572,0.87828,0.690728,0.566956,0.0637192,0.208645,0.218696,0.258306,0.420482,0.722311,1.20745,1.38382,0.288132,0.448477,0.618586,0.0515872,0.27568,0.27768,0.376855,0.58257,0.708738,1.02662,1.32553,-9999,-9999
20130131,8.009,1.0,5.218,3.483,1.0,11.597,5.619,1.0,9.812,7.734,3.479,12.483,4.974,8.009,1.0,5.218,3.483,1.0,11.597,5.619,1.0,216.763,145.127,1.0,154.123,145.127,1.0,306.021,1.0,298.446,306.021,1.0,295.827,1.0,292.278,295.827,1.0,2.801,1.0,4.096,2.801,1.0,102.502,102.548,1.0,0.0,0.0,0.0,1.358,1.39,0.3125,-9999,0.0,76.444625,1.0,255.708083333,1.0,23.0462291667,1.0,19.335625,1.0,353.817208333,1.0,406.978,0.875,7.931,1.0,53.595,1.0,-2.49013,1.0,16.2892,0.875,27.0228,25.7809,27.5427,2.82799,3.11499,23.0814,0.9375,38.2906,36.5309,39.0273,2.27398,2.93182,10.0,1,27,21,27,21,0.363515,0.916667,0.110661,0.196927,0.336941,0.916667,0.130262,0.208573,0.319212,0.994271,0.0244946,0.0716359,0.152904,0.153663,0.28963,0.449362,0.478693,0.516723,1.0,1.0,1.0,1.0,1.0,1.0,1.0,0.748253,0.0609923,1.0,0.120926,0.135661,-0.161354,0.749561,0.809524,0.187718,0.356635,0.727633,0.0502568,1.0,0.152029,0.163992,-0.193375,0.693425,0.809524,0.210035,0.36887,0.656758,0.660048,0.678279,0.722129,0.762388,0.783023,0.820425,1.0,1.0,1.0,1.0,1.0,1.0,1.0,-0.687321,-0.535283,-0.533441,-0.262965,-0.0105544,0.0711833,0.104402,1.0,1.0,1.0,1.0,1.0,1.0,1.0,0.70193,0.666773,0.801588,0.0150576,0.666788,0.703603,0.715876,0.776907,0.848692,0.929327,0.963728,0.260695,0.329832,0.48256,0.0183237,0.260695,0.376084,0.399423,0.453458,0.617996,0.623175,0.631967,0.669288,0.765604,0.51135,0.0666163,0.131234,0.135326,0.194549,0.37044,0.616952,1.19196,1.36607,0.435218,0.699124,0.688064,0.0426574,0.41508,0.417615,0.529031,0.608816,0.705764,1.00657,1.29895,-9999,-9999
20130201,9.103,1.0,6.408,3.162,1.0,12.568,4.948,1.0,10.433,8.342,4.91,13.123,5.428,9.103,1.0,6.408,3.162,1.0,12.568,4.948,1.0,218.906,150.059,1.0,157.329,150.059,1.0,306.614,1.0,298.808,306.614,1.0,297.632,1.0,292.7,297.632,1.0,2.983,1.0,5.192,2.983,1.0,102.3,102.358,1.0,0.0,0.0,0.0,1.114,1.471,0.333333,-9999,0.0,77.80075,1.0,262.170270833,1.0,23.7946041667,1.0,20.4171458333,1.0,357.036875,1.0,394.299,1.0,8.055,1.0,53.579,1.0,-2.15302,1.0,19.5506,1.0,31.9282,29.7385,33.0573,2.71304,3.66243,21.0039,1.0,34.3016,31.9491,35.5147,2.32002,3.5169,11.0,1,27,21,27,21,0.154541,0.979167,0.122354,0.190389,0.155222,0.958333,0.137445,0.200421,0.224828,0.985937,0.0202887,0.0722737,0.0752349,0.105972,0.148216,0.348994,0.366971,0.390982,1.0,1.0,0.958333,0.958333,1.0,0.979167,0.979167,0.735115,0.0462864,1.0,0.120926,0.135269,-0.604753,0.745684,0.952381,0.22013,0.332015,0.722803,0.0354871,1.0,0.152029,0.163668,-0.587424,0.732469,0.904762,0.23118,0.339442,0.646331,0.649574,0.671262,0.711439,0.758394,0.770809,0.805104,1.0,1.0,1.0,1.0,1.0,1.0,1.0,-0.703859,-0.697337,-0.679472,-0.534047,-0.205547,-0.200237,-0.110208,1.0,1.0,0.904762,0.904762,1.0,1.0,0.952381,0.795954,0.718528,0.846659,0.0173822,0.703737,0.735107,0.763241,0.800416,0.908637,0.995956,1.0309,0.548886,0.563307,0.621749,0.0121117,0.456096,0.551791,0.555521,0.633824,0.658483,0.71479,0.725259,0.413539,1.02232,0.536815,0.0751031,0.154157,0.203972,0.227406,0.328757,0.503617,1.3262,1.51992,0.763607,1.14611,0.841647,0.0331174,0.652822,0.662864,0.698668,0.7615,0.886105,1.02229,1.31873,-9999,-9999
20130202,9.1,1.0,7.005,2.257,1.0,11.794,4.159,1.0,9.915,8.313,2.353,11.976,3.585,9.1,1.0,7.005,2.257,1.0,11.794,4.159,1.0,221.088,78.327,1.0,103.712,78.327,1.0,320.487,1.0,317.976,320.487,1.0,333.02,1.0,315.042,333.02,1.0,2.741,1.0,3.578,2.741,1.0,102.516,102.495,1.0,0.0,0.0,0.0,1.303,1.3,0.270833,-9999,0.0,31.1713125,1.0,158.329020833,1.0,12.2138125,1.0,10.1735416667,1.0,356.0811875,1.0,388.095,1.0,7.916,1.0,53.514,1.0,-2.67594,1.0,11.5058,1.0,18.7902,17.5015,19.4547,2.01297,2.4796,-1.73769,1.0,-2.80822,-2.93292,-2.50322,1.82482,1.85242,12.0,1,27,21,27,21,0.25406,1.0,0.115764,0.12504,0.247089,1.0,0.133975,0.142067,0.295842,0.979688,0.00604276,0.240532,0.259698,0.270191,0.282707,0.310009,0.354223,0.37142,1.0,1.0,1.0,1.0,1.0,0.958333,0.958333,0.737474,0.0851235,1.0,0.121027,0.128798,-0.388582,0.651096,1.0,0.201998,0.219208,0.723228,0.0739619,1.0,0.152238,0.158486,-0.385621,0.653856,1.0,0.220839,0.236683,0.678511,0.688692,0.705622,0.721867,0.753525,0.776813,0.778747,1.0,1.0,1.0,0.962963,1.0,1.0,0.962963,-0.407789,-0.350943,-0.342572,-0.289823,-0.236146,-0.180661,-0.180228,0.952381,0.952381,1.0,1.0,1.0,0.904762,0.904762,0.843577,0.730086,0.835402,0.0184318,0.69948,0.730102,0.747697,0.772828,0.890891,1.00027,1.03139,0.549793,0.482997,0.53963,0.0159195,0.427084,0.45926,0.475967,0.500262,0.576314,0.677702,0.73265,0.265826,0.989677,0.505013,0.0713383,0.103157,0.148901,0.265826,0.281279,0.480796,1.25728,1.44093,0.494866,0.852109,0.544189,0.0241301,0.365546,0.417837,0.471885,0.494034,0.557583,0.714103,0.876196,-9999,-9999
20130203,10.235,1.0,8.358,0.835,1.0,12.648,3.132,1.0,8.609,6.932,1.814,10.765,3.435,10.235,1.0,8.358,0.835,1.0,12.648,3.132,1.0,223.308,151.415,1.0,128.389,151.415,1.0,303.233,1.0,315.0,303.233,1.0,301.684,1.0,311.574,301.684,1.0,3.434,1.0,2.193,3.434,1.0,102.3,102.297,1.0,0.138,0.138,0.0,2.664,3.237,0.520833,0.29104,0.520833333333,66.4886041667,1.0,267.001291667,1.0,24.2334375,1.0,21.1096041667,1.0,365.024666667,1.0,383.88,1.0,10.237,1.0,53.438,1.0,1.99279,1.0,24.311,1.0,39.7024,36.9795,41.1065,2.95501,4.25339,15.5981,1.0,25.4733,23.7263,26.3742,2.33782,3.05258,12.0,1,27,21,27,21,-0.356262,0.979167,0.146629,0.404532,-0.395763,0.979167,0.15383,0.407198,-0.145747,0.855729,0.0558945,-0.502248,-0.48306,-0.477084,-0.392584,0.250537,0.270987,0.288168,0.979167,1.0,1.0,0.979167,0.9375,0.958333,0.9375,0.783366,0.107212,1.0,0.123948,0.207113,-1.7919,1.4452,0.952381,0.280914,0.680313,0.718272,0.0899783,1.0,0.152928,0.225654,-1.79521,1.43932,0.952381,0.275944,0.678276,0.638913,0.64724,0.655278,0.732164,0.844109,0.979101,0.987945,1.0,1.0,1.0,1.0,0.111111,1.0,1.0,-1.91221,-1.89436,-1.89333,-1.8118,-0.709296,-0.655142,-0.396133,1.0,1.0,1.0,0.952381,0.857143,0.904762,0.666667,0.948514,0.78619,0.882629,0.0217159,0.731805,0.756078,0.782638,0.795916,0.953812,1.07192,1.10133,1.13867,1.18195,1.02925,0.0401519,0.665643,0.692217,0.780373,1.18198,1.25972,1.26469,1.27048,0.314103,0.742678,0.565751,0.076969,0.0795384,0.137305,0.314103,0.373515,0.547643,1.39181,1.59511,0.887377,1.12625,0.904907,0.0291528,0.682976,0.727753,0.764089,0.886599,0.896094,1.04506,1.34848,-9999,-9999
20130204,8.974,1.0,6.98,2.514,1.0,11.539,4.643,1.0,9.628,7.401,2.701,12.492,4.064,8.974,1.0,6.98,2.514,1.0,11.539,4.643,1.0,225.564,121.132,1.0,158.96,121.132,1.0,316.725,1.0,299.569,316.725,1.0,326.96,1.0,293.587,326.96,1.0,2.247,1.0,3.262,2.247,1.0,102.002,102.075,1.0,0.0,0.0,0.0,1.52,1.399,0.5625,0.150037037037,0.5625,61.4837916667,1.0,226.2836875,1.0,18.7733541667,1.0,15.6729375,1.0,359.013541667,1.0,385.229,0.958333,9.214,1.0,53.416,1.0,-0.136125,1.0,16.9132,0.958333,27.6209,25.4257,28.5978,2.34952,3.32406,19.6298,1.0,32.0575,29.5097,33.1912,2.16555,3.48391,12.0,1,27,21,27,21,0.127144,0.916667,0.121167,0.194499,0.0892936,0.895833,0.134424,0.203023,0.157659,0.813021,0.0231846,-0.0663913,0.0249802,0.0311134,0.0745089,0.316434,0.329273,0.360738,0.916667,0.9375,0.9375,0.9375,0.229167,0.25,0.229167,0.801611,0.072817,0.888889,0.125652,0.196134,-0.750592,1.05928,0.952381,0.212434,0.303479,0.738342,0.0429344,0.888889,0.152029,0.213993,-0.752617,1.05616,0.904762,0.222396,0.310534,0.606305,0.631825,0.639773,0.694506,0.801611,0.933024,0.947542,0.925926,0.925926,0.925926,0.0,0.888889,0.925926,0.962963,-0.956905,-0.846372,-0.754034,-0.680514,-0.460733,-0.412916,-0.151373,0.904762,0.857143,0.952381,0.952381,0.904762,0.904762,0.52381,0.942119,0.754636,0.819906,0.0217995,0.67383,0.69806,0.716307,0.754645,0.942119,1.01427,1.04126,0.711986,0.665343,0.663021,0.0140075,0.498117,0.55481,0.632005,0.684327,0.711988,0.729088,0.784215,0.301183,0.631597,0.543507,0.067142,0.0874763,0.193655,0.301183,0.389542,0.565443,1.25009,1.4327,0.70438,0.828232,0.738395,0.0248483,0.563866,0.60443,0.630295,0.70438,0.777551,0.885326,1.14016,-9999,-9999
20130205,9.417,1.0,8.157,1.541,1.0,11.038,2.074,1.0,7.484,6.081,1.365,9.288,2.602,9.417,1.0,8.157,1.541,1.0,11.038,2.074,1.0,227.856,124.016,1.0,122.485,124.016,1.0,306.204,1.0,303.982,306.204,1.0,311.776,1.0,298.731,311.776,1.0,2.839,1.0,2.376,2.839,1.0,101.956,101.947,1.0,0.079,0.079,0.0,3.101,4.418,1.0,0.3880625,1.0,49.7872291667,1.0,231.0604375,1.0,20.0898333333,1.0,17.6229375,1.0,360.601645833,1.0,370.395,1.0,9.321,1.0,53.372,1.0,-2.70129,1.0,21.7449,1.0,35.1411,32.626,36.7015,2.63516,4.0089,10.3955,1.0,16.7999,15.5975,17.5459,2.15658,2.59555,12.0,1,27,21,27,21,-0.0678576,1.0,0.132327,0.153884,-0.115653,1.0,0.140756,0.16119,-0.10229,0.902083,0.010654,-0.178209,-0.160878,-0.158819,-0.130606,-0.0451111,-0.00378149,0.0130112,1.0,1.0,1.0,0.458333,0.4375,1.0,1.0,0.877739,0.414243,1.0,0.125901,0.182621,-1.27799,1.02473,1.0,0.242383,0.242475,0.799856,0.434201,1.0,0.152699,0.202031,-1.28313,1.01427,1.0,0.239951,0.240043,0.68391,0.712561,0.716088,0.763686,0.877739,0.977131,1.00607,1.0,1.0,1.0,1.0,1.0,1.0,1.0,-1.28135,-1.27799,-1.27289,-1.2705,-1.26486,-1.26464,-1.15934,1.0,1.0,0.952381,1.0,1.0,1.0,0.952381,1.01248,0.782702,0.834669,0.0241781,0.670349,0.696744,0.706872,0.782708,1.01248,1.04253,1.06804,0.998724,0.898356,0.938154,0.0180235,0.844524,0.858891,0.866224,0.897539,0.998724,1.12366,1.1601,0.313421,0.761602,0.585419,0.0637784,0.157206,0.174038,0.33547,0.432644,0.73849,1.22719,1.40645,0.742124,0.862091,0.78851,0.0286879,0.596201,0.637046,0.651941,0.743276,0.862139,0.965948,1.23435,-9999,-9999
20130206,9.195,1.0,6.907,1.974,1.0,12.135,3.293,1.0,7.593,5.131,1.99,10.758,3.826,9.195,1.0,6.907,1.974,1.0,12.135,3.293,1.0,230.182,154.49,1.0,167.171,154.49,1.0,302.133,1.0,287.701,302.133,1.0,295.133,1.0,279.754,295.133,1.0,3.811,1.0,3.222,3.811,1.0,102.123,102.191,1.0,0.0,0.0,0.0,3.405,2.341,1.0,0.180833333333,1.0,72.6705416667,1.0,274.3403125,1.0,23.9146875,1.0,21.2060833333,1.0,360.601854167,1.0,368.914,1.0,9.527,1.0,53.337,1.0,-2.05413,1.0,25.2584,1.0,38.4206,36.3859,41.9022,2.89289,5.009,18.2992,1.0,27.8349,26.3608,30.3573,2.37799,3.79886,12.0,1,27,21,27,21,0.0907958,0.833333,0.139885,0.163772,0.051339,0.833333,0.147391,0.170228,0.0875563,0.827083,0.0126225,-0.0937998,-0.0088189,0.0483118,0.0780777,0.161515,0.161515,0.178442,0.5625,0.8125,0.854167,1.0,1.0,1.0,1.0,0.74833,0.260534,0.777778,0.12443,0.182979,-0.76215,1.56797,0.904762,0.263326,0.396763,0.680289,0.333544,0.777778,0.150964,0.201962,-0.761577,1.56852,0.904762,0.260234,0.394717,0.568732,0.611203,0.611203,0.742056,0.808854,0.87952,0.899044,1.0,1.0,1.0,0.0,0.259259,0.814815,0.62963,-1.24656,-1.02364,-0.978411,-0.864489,-0.430076,-0.430076,-0.429154,0.952381,0.904762,0.666667,0.952381,1.0,1.0,1.0,1.08263,0.80642,0.844939,0.027182,0.652286,0.679815,0.682327,0.798785,1.04456,1.06759,1.07881,0.890029,0.755081,0.75816,0.03569,0.518068,0.520411,0.522614,0.759049,0.908339,1.0293,1.13927,0.522111,0.969863,0.782741,0.0579181,0.265715,0.472155,0.554718,0.678927,0.963703,1.25496,1.54929,0.912015,0.938317,0.941681,0.030979,0.675888,0.721923,0.841082,0.920339,0.947753,1.05665,1.36429,-9999,-9999
20130207,7.846,1.0,6.115,1.256,1.0,10.072,2.411,1.0,6.226,4.531,1.97,8.406,1.543,7.846,1.0,6.115,1.256,1.0,10.072,2.411,1.0,232.542,114.283,1.0,81.746,114.283,1.0,309.085,1.0,311.058,309.085,1.0,309.795,1.0,306.978,309.795,1.0,3.011,1.0,1.696,3.011,1.0,101.966,101.999,1.0,4.089,4.089,0.0,2.891,3.067,0.770833,0.250027027027,0.770833333333,56.3989166667,1.0,207.560833333,1.0,16.5780638298,0.979166666667,14.8902291667,1.0,350.41975,1.0,369.073,0.979167,7.531,1.0,53.523,1.0,-5.99317,1.0,27.094,0.979167,40.7306,38.6519,44.9472,2.77432,5.42906,7.61033,1.0,11.4407,10.8568,12.6251,1.96083,2.35862,12.0,1,27,21,27,21,-0.0449309,0.916667,0.131864,0.176117,-0.0525264,0.916667,0.144205,0.185538,-0.0401633,0.835417,0.0156607,-0.159009,-0.146382,-0.146382,-0.0391759,0.0289061,0.0871048,0.125714,0.958333,1.0,1.0,1.0,0.75,0.9375,0.770833,0.62331,0.308645,0.851852,0.125293,0.192945,-0.900365,1.00288,1.0,0.241679,0.272118,0.610298,0.292474,0.851852,0.153019,0.212001,-0.900365,1.00288,1.0,0.249364,0.278966,0.496939,0.524513,0.524513,0.709739,0.807495,0.817972,0.835176,1.0,1.0,1.0,0.148148,0.0,0.148148,0.62963,-1.08559,-1.04175,-1.00276,-0.995537,-0.934409,-0.791637,-0.787841,0.952381,0.952381,1.0,1.0,1.0,1.0,0.571429,0.999541,0.766415,0.786099,0.0232025,0.622209,0.64905,0.650269,0.762395,0.964451,0.970433,0.995116,0.900738,0.818941,0.826444,0.0119764,0.740554,0.778358,0.781875,0.796298,0.877346,0.900738,0.981564,0.70435,1.21222,0.884113,0.0592645,0.321119,0.387511,0.70435,0.861004,1.0558,1.11813,1.25222,0.917728,0.82426,0.880125,0.0376581,0.521114,0.574994,0.755411,0.925279,0.939726,1.01543,1.10263,-9999,-9999
20130208,7.201,1.0,5.436,1.989,1.0,9.286,3.313,1.0,7.075,5.374,1.557,9.086,2.535,7.201,1.0,5.436,1.989,1.0,9.286,3.313,1.0,234.934,138.178,1.0,148.546,138.178,1.0,295.069,1.0,300.258,295.069,1.0,266.051,1.0,294.39,266.051,1.0,4.101,1.0,3.89,4.101,1.0,101.523,101.572,1.0,1.18,1.18,0.0,3.32,3.437,0.333333,-9999,0.0,63.3549375,1.0,245.2550625,1.0,21.1060833333,1.0,19.0477083333,1.0,348.628791667,1.0,372.956,0.75,7.557,1.0,53.546,1.0,-7.64817,1.0,35.9421,0.6875,53.9276,51.2164,58.6971,2.83818,6.2295,10.4315,0.875,15.6515,14.8646,17.0358,2.07836,2.62867,13.0,1,26,22,26,22,0.177313,0.729167,0.123602,0.159639,0.153421,0.6875,0.13878,0.171659,0.194067,0.70625,0.0147361,0.110382,0.111844,0.119162,0.145293,0.263309,0.313906,0.377286,0.770833,0.729167,0.75,0.770833,0.791667,0.875,0.75,0.757264,0.100615,0.653846,0.122647,0.174157,-0.522146,1.09828,0.818182,0.215696,0.241693,0.720834,0.0767627,0.576923,0.153664,0.197233,-0.529327,1.09301,0.818182,0.228382,0.253079,0.610283,0.632693,0.634653,0.674492,0.790341,0.879985,0.890154,0.692308,0.692308,0.692308,0.692308,0.653846,0.769231,0.884615,-0.621547,-0.519092,-0.517966,-0.497457,-0.393547,-0.301004,-0.246738,0.818182,0.863636,0.863636,0.818182,0.863636,0.863636,0.727273,0.96182,0.752887,0.768816,0.0211471,0.618105,0.643939,0.646101,0.748804,0.923178,0.938866,0.966604,0.698512,0.599466,0.575408,0.0191028,0.412395,0.47453,0.510779,0.529305,0.610002,0.793508,0.802949,0.859273,1.41467,0.904721,0.0553049,0.301906,0.546161,0.793848,0.96986,1.04877,1.14009,1.22996,0.982889,0.991459,1.00304,0.0381221,0.63017,0.709402,0.865092,0.993857,1.10467,1.16341,1.26663,-9999,-9999
20130209,7.55,1.0,5.2,1.489,1.0,10.327,2.944,1.0,6.728,4.764,1.539,9.048,3.618,7.55,1.0,5.2,1.489,1.0,10.327,2.944,1.0,237.357,170.859,1.0,175.414,170.859,1.0,281.555,1.0,275.753,281.555,1.0,253.046,1.0,265.827,253.046,1.0,5.482,1.0,5.539,5.482,1.0,101.78,101.819,1.0,0.0,0.0,0.0,3.632,3.765,0.166667,-9999,0.0,79.1053333333,1.0,294.2609375,1.0,26.9958125,1.0,24.5670208333,1.0,346.5338125,1.0,369.48,0.916667,6.75,1.0,53.475,1.0,-8.31675,1.0,37.4205,0.875,56.1459,52.794,61.1115,2.90878,6.81742,21.1898,1.0,31.7933,29.8952,34.6052,2.33406,4.19974,14.0,1,26,22,26,22,0.063623,0.75,0.134723,0.185777,0.0592808,0.791667,0.145274,0.193565,0.129462,0.704688,0.0180722,0.00667468,0.0131404,0.0240508,0.116175,0.196035,0.268975,0.322722,0.833333,0.854167,0.854167,0.833333,0.208333,0.5625,0.6875,0.68023,0.128317,0.653846,0.115881,0.137721,-0.670141,0.932995,0.863636,0.247947,0.334775,0.684689,0.0770387,0.730769,0.146026,0.163897,-0.684539,0.926969,0.863636,0.252013,0.337797,0.61734,0.641887,0.643683,0.715929,0.785538,0.790729,0.799763,0.846154,0.846154,0.846154,0.538462,0.346154,0.0,0.538462,-0.742436,-0.73045,-0.712304,-0.647836,-0.522333,-0.280577,-0.270055,0.863636,0.863636,0.863636,0.863636,0.454545,0.590909,0.863636,0.980023,0.77942,0.798291,0.0208917,0.646525,0.674138,0.675821,0.775747,0.952046,0.965727,0.994244,0.860066,0.720139,0.668616,0.0172547,0.46408,0.549093,0.614524,0.658701,0.730158,0.783086,0.856554,1.03477,1.60939,0.884014,0.0490195,0.317307,0.60021,0.616365,0.919623,1.07777,1.14905,1.24147,0.803698,1.11154,1.01328,0.0333206,0.744444,0.803698,0.814075,0.993906,1.11829,1.11986,1.44295,-9999,-9999
20130210,6.579,1.0,4.117,3.8,1.0,9.488,5.501,1.0,7.385,4.737,3.738,10.513,4.828,6.579,1.0,4.117,3.8,1.0,9.488,5.501,1.0,239.81,169.431,1.0,173.821,169.431,1.0,291.621,1.0,286.086,291.621,1.0,258.583,1.0,277.871,258.583,1.0,3.863,1.0,5.29,3.863,1.0,101.916,101.933,1.0,0.0,0.0,0.0,3.103,2.824,0.333333,-9999,0.0,91.6331458333,1.0,295.811208333,1.0,26.7879375,1.0,23.4609375,1.0,344.024645833,1.0,387.6,0.75,6.286,1.0,53.518,1.0,-4.35685,1.0,35.7557,0.729167,53.6479,50.4452,58.3927,3.04422,6.63144,25.0289,0.770833,37.5534,35.3115,40.8747,2.29966,4.72182,14.0,1,26,22,26,22,0.111193,0.854167,0.13169,0.202928,0.0626177,0.833333,0.141696,0.20956,0.123057,0.748437,0.0222481,-0.0324174,-0.015506,-0.015506,0.0623169,0.219758,0.293282,0.356098,0.833333,0.833333,0.833333,0.854167,0.666667,0.833333,0.75,0.860754,0.0778869,0.884615,0.115093,0.221507,-0.783472,1.19417,0.818182,0.241166,0.282176,0.778837,0.0664811,0.846154,0.142131,0.236686,-0.78879,1.19162,0.818182,0.246047,0.286359,0.595493,0.614987,0.614987,0.75102,0.860754,0.993505,1.04955,0.769231,0.769231,0.769231,0.0,0.884615,0.846154,0.846154,-0.813809,-0.774075,-0.765694,-0.748116,-0.490299,-0.481075,-0.417165,0.909091,0.909091,0.818182,0.909091,0.818182,0.590909,0.636364,0.933275,0.757116,0.774233,0.0189264,0.634734,0.66133,0.663591,0.753562,0.908945,0.926155,0.956918,0.720217,0.694498,0.652416,0.0139255,0.477612,0.511579,0.61848,0.675659,0.707841,0.728156,0.7758,0.90158,1.6316,0.798489,0.0503534,0.30862,0.454322,0.465081,0.876866,1.03706,1.04329,1.21505,0.779816,1.25332,1.01892,0.0354846,0.742213,0.779816,0.787207,1.00686,1.16493,1.24338,1.4429,-9999,-9999
20130211,7.815,1.0,4.948,2.703,1.0,11.203,4.323,1.0,8.51,6.585,2.524,10.784,4.267,7.815,1.0,4.948,2.703,1.0,11.203,4.323,1.0,242.293,172.085,1.0,176.648,172.085,1.0,289.538,1.0,285.026,289.538,1.0,271.53,1.0,276.636,271.53,1.0,5.126,1.0,6.15,5.126,1.0,102.269,102.237,1.0,0.0,0.0,0.0,2.755,2.607,0.145833,-9999,-9999,85.7520416667,1.0,300.136020833,1.0,27.3052916667,1.0,24.056875,1.0,349.8334375,1.0,381.585,0.791667,7.47,1.0,53.457,1.0,-2.1591,1.0,30.4049,0.729167,45.6195,42.896,49.6542,2.98888,5.83362,25.9129,0.916667,38.8798,36.5587,42.3185,2.29937,4.84942,14.0,1,26,22,26,22,0.117351,0.8125,0.111943,0.270178,0.0403638,0.8125,0.123379,0.275113,0.0850035,0.661979,0.0364776,-0.245608,-0.136791,-0.13053,0.0460226,0.310746,0.355001,0.390767,0.75,0.770833,0.75,0.8125,0.541667,0.6875,0.666667,0.852211,0.0749921,0.730769,0.113757,0.222944,-0.760429,1.06717,0.909091,0.193186,0.382374,0.772727,0.0636484,0.730769,0.141053,0.238032,-0.828357,1.0987,0.909091,0.198752,0.385216,0.597964,0.627781,0.641842,0.666283,0.87093,1.01126,1.05265,0.615385,0.615385,0.615385,0.615385,0.538462,0.653846,0.653846,-1.23553,-1.0335,-1.03298,-0.86291,-0.390833,-0.373534,-0.240449,0.954545,0.954545,0.909091,0.909091,0.545455,0.681818,0.409091,0.996488,0.81905,0.843542,0.0198728,0.697279,0.724195,0.724672,0.816253,0.991525,0.998628,1.03063,0.770437,0.778686,0.759656,0.0225016,0.521787,0.536615,0.63803,0.803682,0.854998,0.859085,0.946475,0.698813,1.69602,0.834519,0.0546915,0.347092,0.486594,0.489983,0.809042,1.09774,1.15538,1.37034,0.852325,1.08828,0.979033,0.0396092,0.634347,0.747528,0.779035,0.853181,1.13083,1.2827,1.44752,-9999,-9999
20130212,7.233,1.0,4.027,3.621,1.0,11.022,5.199,1.0,8.069,5.445,3.044,11.171,4.309,7.233,1.0,4.027,3.621,1.0,11.022,5.199,1.0,244.803,167.525,1.0,174.226,167.525,1.0,298.297,1.0,293.792,298.297,1.0,281.801,1.0,286.853,281.801,1.0,4.124,1.0,4.629,4.124,1.0,102.748,102.76,1.0,0.0,0.0,0.0,2.149,1.941,0.25,-9999,0.0,91.988625,1.0,297.401833333,1.0,26.6493541667,1.0,23.2433541667,1.0,348.9335625,1.0,398.286,0.6875,7.315,1.0,53.429,1.0,-1.61271,1.0,32.8486,0.666667,47.3198,46.3437,53.0862,3.1509,5.90843,29.8215,0.9375,42.9592,42.073,48.1942,2.39151,5.1292,13.0,1,26,22,26,22,0.171268,0.833333,0.103231,0.333101,0.0831219,0.833333,0.114101,0.336628,0.0623261,0.716667,0.0452973,-0.282607,-0.254607,-0.251673,0.0725837,0.310032,0.378795,0.40497,0.916667,0.916667,0.916667,0.875,0.729167,0.645833,0.583333,0.840108,0.132047,0.884615,0.111331,0.247236,-0.632764,1.04829,0.772727,0.172616,0.467292,0.746949,0.142072,0.884615,0.132377,0.2574,-0.707994,1.12075,0.772727,0.181868,0.470788,0.575302,0.610675,0.613302,0.696202,0.889772,1.05218,1.09448,0.961538,0.961538,0.961538,0.0,0.5,0.692308,0.692308,-1.27408,-1.26012,-1.2505,-0.773542,-0.413838,-0.39164,-0.0442108,0.863636,0.863636,0.863636,0.772727,0.409091,0.636364,0.318182,0.966767,0.809428,0.832462,0.0183135,0.703772,0.72215,0.7231,0.809417,0.964155,0.976073,1.01006,0.661438,0.726306,0.771445,0.0302246,0.485233,0.499895,0.640651,0.749216,0.973594,0.977438,0.983687,0.649361,1.64591,0.799685,0.0551844,0.339456,0.416462,0.462494,0.768392,0.998563,1.13278,1.3457,1.14282,1.29929,1.08493,0.0447322,0.718378,0.765282,0.777923,1.10464,1.22596,1.45484,1.55745,-9999,-9999
20130213,8.688,1.0,5.299,3.276,1.0,12.693,5.084,1.0,9.35,6.727,3.062,12.45,4.797,8.688,1.0,5.299,3.276,1.0,12.693,5.084,1.0,247.34,169.603,1.0,176.808,169.603,1.0,307.129,1.0,298.682,307.129,1.0,292.04,1.0,292.553,292.04,1.0,4.212,1.0,4.567,4.212,1.0,102.634,102.635,1.0,0.0,0.0,0.0,2.591,2.287,0.1875,-9999,0.0,95.3749583333,1.0,300.004833333,1.0,26.9218958333,1.0,23.4915208333,1.0,356.350166667,1.0,388.934,0.75,8.42,1.0,53.378,1.0,0.869792,1.0,34.6973,0.729167,49.4987,46.4946,52.1607,3.06777,5.20129,26.1916,0.958333,37.3646,35.0969,39.3741,2.31437,3.92544,13.0,1,26,22,26,22,0.0642992,0.604167,0.0984919,0.380288,-0.149383,0.645833,0.112508,0.384157,0.0195009,0.523438,0.0557736,-0.355323,-0.353618,-0.346019,-0.194725,0.370542,0.381007,0.438064,0.833333,0.833333,0.833333,0.8125,0.208333,0.1875,0.125,0.603944,0.211159,0.5,0.108343,0.170135,-0.578563,1.03974,0.727273,0.162749,0.65025,0.516551,0.289964,0.538462,0.122493,0.179478,-0.924548,1.36051,0.772727,0.187079,0.656762,0.39748,0.419217,0.419217,0.573537,0.668958,0.681573,0.72433,0.807692,0.807692,0.807692,0.769231,0.0,0.0,0.0,-1.24251,-1.23983,-1.22844,-1.08723,-0.0115219,0.0192781,0.0764968,0.863636,0.818182,0.818182,0.863636,0.454545,0.409091,0.272727,1.04688,0.886351,0.921361,0.0199254,0.778269,0.797981,0.798738,0.886358,1.04688,1.07523,1.10286,0.799957,1.03573,0.903149,0.0382087,0.554965,0.630293,0.638727,0.873643,1.13815,1.14434,1.15236,0.986989,1.72237,0.953125,0.0674368,0.284983,0.428467,0.508279,0.90087,1.10903,1.35293,1.60463,1.58021,1.34883,1.19567,0.0647348,0.651657,0.729588,0.77301,1.13803,1.59589,1.65737,1.76437,-9999,-9999
20130214,9.804,1.0,6.287,3.904,1.0,13.96,5.812,1.0,10.509,7.277,3.617,14.329,5.66,9.804,1.0,6.287,3.904,1.0,13.96,5.812,1.0,249.903,174.367,1.0,180.505,174.367,1.0,310.468,1.0,303.54,310.468,1.0,296.781,1.0,298.215,296.781,1.0,4.832,1.0,5.351,4.832,1.0,102.368,102.412,1.0,0.0,0.0,0.0,3.015,2.87,0.333333,-9999,0.0,96.4672291667,1.0,309.797791667,1.0,27.7626458333,1.0,24.8211875,1.0,362.090604167,1.0,393.072,0.770833,9.513,1.0,53.297,1.0,2.0589,1.0,30.8495,0.770833,43.9596,39.1356,46.2867,2.98717,6.08474,30.2124,0.916667,43.0518,38.3274,45.3308,2.51961,5.77067,13.0,1,26,22,26,22,0.197723,0.25,0.0966473,0.357203,-0.274806,0.458333,0.123353,0.365335,0.0554864,0.388542,0.0516254,-0.287631,-0.28693,-0.267434,-0.142456,0.387189,0.40083,0.451995,0.625,0.625,0.625,0.625,0.208333,0.1875,0.166667,0.75259,0.428525,0.0,0.108553,0.131971,-0.473712,1.36449,0.545455,0.157583,0.659195,0.675987,0.491699,0.192308,0.123609,0.144609,-1.37667,2.01006,0.772727,0.214295,0.675002,0.62517,0.62517,0.655161,0.712856,0.766553,0.77527,0.820767,0.423077,0.423077,0.423077,0.0,0.0,0.0,0.0,-1.34358,-1.34334,-1.33656,-1.16699,-0.102162,-0.06318,-0.0423669,0.863636,0.818182,0.863636,0.863636,0.454545,0.409091,0.409091,1.11325,0.953731,1.00151,0.0214437,0.84555,0.864838,0.866987,0.953758,1.12968,1.17149,1.17963,0.91314,1.22854,0.952574,0.0332793,0.579285,0.714947,0.766006,1.01799,1.13946,1.15239,1.15877,1.24739,1.77637,1.07373,0.07595,0.272571,0.468314,0.592821,1.08439,1.27366,1.53314,1.89272,1.69642,1.34227,1.18471,0.0753954,0.46022,0.591494,0.753615,1.12923,1.63266,1.71337,1.8686,-9999,-9999
20130215,10.533,1.0,6.628,3.405,1.0,15.147,5.149,1.0,11.858,8.649,4.104,15.65,5.323,10.533,1.0,6.628,3.405,1.0,15.147,5.149,1.0,252.49,177.081,1.0,183.691,177.081,1.0,305.716,1.0,303.232,305.716,1.0,298.36,1.0,297.857,298.36,1.0,4.806,1.0,6.524,4.806,1.0,102.495,102.535,1.0,0.0,0.0,0.0,2.189,2.328,0.25,-9999,0.0,91.370875,1.0,311.691125,1.0,27.540875,1.0,24.6955833333,1.0,365.140416667,1.0,405.497,0.854167,10.095,1.0,53.212,1.0,2.18744,1.0,29.5459,0.854167,41.6842,37.3112,42.5622,3.13209,4.99616,33.7375,0.875,47.5978,42.6044,48.6003,2.65863,5.17918,13.0,1,26,22,26,21,0.249467,0.104167,0.0932763,0.542393,-0.209787,0.1875,0.1211,0.547864,-0.0765212,0.173958,0.0778255,-0.633647,-0.62631,-0.604058,-0.333569,0.432923,0.442314,0.459053,0.270833,0.270833,0.375,0.1875,0.166667,0.145833,0.145833,0.779582,0.433055,0.0,0.109502,0.155109,-0.39682,0.914963,0.227273,0.147354,0.992685,0.78776,0.411135,0.0,0.123437,0.165241,-1.37207,2.09717,0.409091,0.211799,1.00428,0.585564,0.598616,0.61555,0.789274,0.809287,0.818325,0.85844,0.0,0.0,0.0384615,0.0,0.0,0.0,0.0,-2.02427,-2.01293,-2.01293,-1.64248,-0.0591302,-0.0495501,-0.00597359,0.590909,0.545455,0.545455,0.409091,0.318182,0.0,0.318182,1.15231,1.00122,1.05587,0.0218583,0.896432,0.914822,0.918292,1.00192,1.19626,1.21504,1.23584,0.873929,1.21101,1.14367,0.0573239,0.636331,0.73721,0.780921,1.20295,1.48197,1.54011,1.55117,1.31027,1.80572,1.08131,0.0778053,0.333492,0.503249,0.637044,1.06311,1.41398,1.65395,1.89291,1.43666,1.45886,1.08048,0.063227,0.415495,0.589352,0.765732,1.07808,1.44504,1.47838,1.64388,-9999,-9999
20130216,10.276,1.0,6.673,3.069,1.0,14.533,4.848,1.0,12.069,8.895,4.43,15.821,5.291,10.276,1.0,6.673,3.069,1.0,14.533,4.848,1.0,255.1,142.741,1.0,162.193,142.741,1.0,316.678,1.0,307.703,316.678,1.0,317.308,1.0,303.068,317.308,1.0,4.366,1.0,6.619,4.366,1.0,102.136,102.19,1.0,0.0,0.0,0.0,1.95,1.977,0.229167,-9999,0.0,74.685375,1.0,260.001104167,1.0,21.5033333333,1.0,19.516375,1.0,363.758645833,1.0,406.234,0.875,9.633,1.0,53.171,1.0,-0.597833,1.0,33.69,0.854167,47.5309,40.9929,48.532,3.27092,6.47547,18.7896,0.875,26.5089,22.8625,27.0672,2.44621,3.96218,13.0,1,26,22,26,22,0.294593,0.4375,0.0908842,0.245142,0.204886,0.458333,0.105726,0.251024,0.245463,0.482292,0.0319657,0.00444466,0.0282099,0.0444079,0.138463,0.402129,0.483555,0.579914,0.5,0.479167,0.479167,0.479167,0.520833,0.458333,0.458333,0.804872,0.283178,0.423077,0.109492,0.214803,-0.331829,0.791709,0.454545,0.140602,0.299306,0.807851,0.28127,0.423077,0.122987,0.221985,-0.523959,1.13532,0.5,0.168187,0.313213,0.700195,0.731443,0.753681,0.775539,0.929625,1.10105,1.28567,0.423077,0.423077,0.423077,0.423077,0.461538,0.769231,0.769231,-0.887553,-0.771065,-0.750496,-0.625427,-0.284561,-0.242613,-0.217141,0.545455,0.545455,0.545455,0.545455,0.0909091,0.0909091,0.5,1.13123,1.00087,1.05145,0.0200538,0.905763,0.922435,0.924758,1.00146,1.178,1.20591,1.22491,0.835602,0.795982,0.808226,0.0151341,0.60717,0.662413,0.744801,0.835602,0.880017,0.888023,0.896653,1.23568,1.64739,0.993266,0.0722085,0.338034,0.472458,0.588089,0.966005,1.26423,1.56602,1.79477,0.939413,1.14705,0.854758,0.0446174,0.371092,0.609329,0.667164,0.795544,1.04052,1.09666,1.34599,-9999,-9999
20130217,10.914,1.0,7.965,1.384,1.0,14.4,3.757,1.0,10.753,8.617,2.061,13.276,3.828,10.914,1.0,7.965,1.384,1.0,14.4,3.757,1.0,257.732,152.19,1.0,186.771,152.19,1.0,294.447,1.0,297.881,294.447,1.0,312.933,1.0,291.62,312.933,1.0,5.497,1.0,4.396,5.497,1.0,101.63,101.68,1.0,0.0,0.0,0.0,2.244,2.551,0.1875,-9999,0.0,53.3055833333,1.0,321.543145833,1.0,27.9935625,1.0,26.9475416667,1.0,364.257895833,1.0,394.35,0.979167,9.678,1.0,53.137,1.0,-2.0655,1.0,56.4279,0.979167,75.6137,68.1892,80.4992,3.44559,9.75409,6.78798,0.979167,9.09593,8.20281,9.68363,2.35014,2.59387,13.0,1,26,22,26,22,0.437928,0.895833,0.0889662,0.126181,0.44032,0.895833,0.102594,0.136133,0.441923,0.8625,0.0132818,0.331331,0.358281,0.383531,0.436311,0.491977,0.537241,0.608775,0.916667,0.895833,0.895833,0.895833,0.875,0.729167,0.6875,1.009,0.0385221,1.0,0.110798,0.114101,-0.271713,0.610378,0.772727,0.133575,0.205315,1.009,0.0385221,1.0,0.127513,0.130393,-0.266685,0.611122,0.772727,0.154332,0.219387,1.00046,1.00046,1.00046,1.009,1.01739,1.05497,1.12216,1.0,1.0,1.0,1.0,1.0,1.0,0.961538,-0.488214,-0.429078,-0.375992,-0.285028,-0.19689,-0.11723,-0.0462376,0.818182,0.772727,0.772727,0.772727,0.772727,0.409091,0.363636,1.15949,1.0417,1.09453,0.0196964,0.951672,0.967255,0.969888,1.05369,1.22181,1.24169,1.26712,0.72156,0.601378,0.652547,0.0114459,0.561134,0.592415,0.593561,0.632677,0.699869,0.728619,0.802752,1.23501,1.41766,0.993749,0.0689839,0.422941,0.531375,0.608704,0.911429,1.23501,1.57907,1.80973,0.74856,0.852611,0.770402,0.0472447,0.2832,0.522291,0.58231,0.743436,0.891426,1.08436,1.38026,-9999,-9999
20130218,8.387,1.0,6.943,2.302,1.0,9.956,3.249,1.0,8.602,6.881,2.11,10.472,3.569,8.387,1.0,6.943,2.302,1.0,9.956,3.249,1.0,260.385,142.759,1.0,181.003,142.759,1.0,304.146,1.0,308.561,304.146,1.0,285.052,1.0,304.068,285.052,1.0,3.466,1.0,3.625,3.466,1.0,101.549,101.587,1.0,0.086,0.086,0.0,2.944,2.633,0.166667,-9999,-9999,65.4312708333,1.0,311.352645833,1.0,26.2659791667,1.0,23.9909791667,1.0,356.025458333,1.0,411.351,0.791667,8.595,1.0,53.129,1.0,-3.08152,1.0,38.2141,0.791667,48.2575,43.1833,54.4539,3.16245,8.93323,8.93497,0.833333,11.2833,10.0969,12.7321,2.48073,3.15753,13.0,1,25,23,25,23,0.261345,0.75,0.0976321,0.101513,0.261345,0.75,0.109937,0.113398,0.226281,0.747396,0.00602384,0.197617,0.202428,0.202725,0.207637,0.229554,0.258032,0.304876,0.75,0.770833,0.770833,0.6875,0.75,0.75,0.666667,0.923507,0.106473,0.96,0.116061,0.123112,-0.478225,0.863427,0.521739,0.150458,0.15965,0.923507,0.106473,0.96,0.137996,0.143977,-0.478225,0.863427,0.521739,0.162429,0.170979,0.904646,0.904646,0.91004,0.917378,0.943982,0.986778,1.05521,0.96,0.96,0.96,0.96,0.96,1.0,1.0,-0.631045,-0.626429,-0.582811,-0.575731,-0.556666,-0.519649,-0.478225,0.521739,0.521739,0.565217,0.565217,0.521739,0.521739,0.521739,1.00425,0.927186,0.952866,0.0139462,0.857877,0.86989,0.870345,0.930704,1.01322,1.06191,1.11089,0.742907,0.665841,0.726585,0.0110062,0.652296,0.663874,0.667812,0.675543,0.799103,0.805584,0.837231,1.07731,1.0446,0.755639,0.0474921,0.347494,0.419339,0.524943,0.70083,1.06318,1.10208,1.26306,0.483635,0.599099,0.685035,0.0476919,0.299331,0.381058,0.483334,0.62736,0.84971,1.03165,1.33268,-9999,-9999
20130219,6.613,1.0,5.712,1.494,1.0,7.593,0.758,1.0,5.638,4.78,0.902,6.571,0.502,6.613,1.0,5.712,1.494,1.0,7.593,0.758,1.0,263.058,63.693,1.0,35.166,63.693,1.0,307.89,1.0,318.364,307.89,1.0,308.353,1.0,315.495,308.353,1.0,2.591,1.0,1.59,2.591,1.0,101.026,101.116,1.0,8.009,8.009,0.0,3.567,3.567,0.0,-9999,0.0,16.4617083333,1.0,133.4104375,1.0,9.33746666667,0.9375,8.71372916667,1.0,345.057604167,1.0,410.538,1.0,6.75,1.0,53.819,1.0,-8.47981,1.0,30.7801,1.0,37.4522,34.5229,43.4254,2.68635,7.12515,-22.433,1.0,-27.2957,-31.6491,-25.1608,2.5715,5.45397,13.0,1,25,23,25,23,0.539037,1.0,0.0907389,0.107381,0.539037,1.0,0.106516,0.121008,0.53899,0.984896,0.012385,0.470523,0.470523,0.481104,0.5078,0.573791,0.585365,0.641986,1.0,1.0,1.0,1.0,0.9375,1.0,1.0,0.813771,0.165342,1.0,0.119244,0.167921,0.199518,0.420025,1.0,0.128456,0.128854,0.813771,0.165342,1.0,0.138881,0.18239,0.199518,0.420025,1.0,0.151984,0.152321,0.695667,0.695667,0.715821,0.759949,0.900322,0.932126,1.00657,1.0,1.0,1.0,1.0,1.0,1.0,1.0,0.176311,0.179266,0.186811,0.190104,0.199518,0.199518,0.247967,1.0,1.0,1.0,1.0,1.0,1.0,0.565217,0.897167,0.848861,0.85719,0.0108881,0.794198,0.797727,0.802785,0.848829,0.881965,0.946727,1.00093,0.35813,0.309824,0.318201,0.00643863,0.262059,0.289607,0.293604,0.327204,0.334473,0.342928,0.35813,1.0656,0.741871,0.646613,0.0416025,0.265121,0.335607,0.373944,0.602123,0.858373,0.958231,1.01971,0.111454,0.134888,0.316165,0.0357745,0.104036,0.111454,0.123396,0.195097,0.452481,0.626236,0.752296,-9999,-9999
20130220,7.958,1.0,4.881,2.976,1.0,11.304,4.142,1.0,7.289,4.852,2.746,9.939,4.221,7.958,1.0,4.881,2.976,1.0,11.304,4.142,1.0,265.75,185.928,1.0,197.435,185.928,1.0,278.918,1.0,282.533,278.918,1.0,275.842,1.0,273.73,275.842,1.0,4.592,1.0,4.697,4.592,1.0,101.397,101.499,1.0,0.0,0.0,0.0,4.584,4.584,0.0,-9999,0.0,82.3008125,1.0,338.770208333,1.0,29.4533125,1.0,28.3430416667,1.0,352.241729167,1.0,419.755,0.979167,8.288,1.0,53.44,1.0,-2.25244,1.0,52.7929,0.979167,64.2366,59.2125,70.7428,3.19995,9.12665,20.8376,0.979167,25.3545,23.3715,27.9225,2.63212,4.27897,13.0,1,25,23,25,23,0.557011,0.958333,0.100472,0.15272,0.547041,0.958333,0.109555,0.158843,0.562214,0.940625,0.0157541,0.439457,0.447127,0.460017,0.528088,0.659336,0.677161,0.709665,0.958333,0.958333,0.958333,0.958333,0.916667,0.895833,0.895833,0.935797,0.0213727,1.0,0.122526,0.149207,0.103028,0.71739,0.913043,0.151957,0.213088,0.938328,0.0209273,1.0,0.133572,0.158403,0.080226,0.717995,0.913043,0.165724,0.223114,0.837445,0.837445,0.850557,0.918484,0.978621,1.00774,1.07075,1.0,1.0,1.0,1.0,1.0,1.0,1.0,-0.0264779,-0.0253059,0.0137595,0.0636794,0.243256,0.273462,0.299066,0.913043,0.913043,0.913043,0.913043,0.73913,0.913043,0.913043,0.982187,0.93617,0.962903,0.0122754,0.882086,0.891273,0.89166,0.939876,1.0178,1.05489,1.11001,0.425176,0.389129,0.400786,0.00604589,0.322261,0.349842,0.38305,0.398228,0.432195,0.437855,0.452165,0.974217,0.602475,0.75629,0.0471995,0.354102,0.472672,0.475283,0.679042,0.974217,1.132,1.29735,0.19082,0.168993,0.588962,0.0747905,0.179053,0.180195,0.189795,0.302817,0.838688,1.18681,1.52951,-9999,-9999
20130221,8.28,1.0,6.181,1.896,1.0,10.561,4.149,1.0,7.852,5.8,2.137,10.083,4.692,8.28,1.0,6.181,1.896,1.0,10.561,4.149,1.0,268.46,195.959,1.0,199.294,195.959,1.0,287.468,1.0,284.621,287.468,1.0,273.863,1.0,276.164,273.863,1.0,4.501,1.0,5.444,4.501,1.0,101.978,102.037,1.0,0.0,0.0,0.0,3.912,3.387,0.5625,0.214333333333,0.5625,94.0648958333,1.0,332.786875,1.0,40.2164375,1.0,34.3769791667,1.0,353.310458333,1.0,409.477,1.0,8.328,1.0,53.793,1.0,-3.17835,1.0,57.4487,1.0,69.9017,64.4345,72.5474,3.27636,6.84861,23.0219,1.0,28.0123,25.8213,29.0725,2.994,3.8435,13.0,1,25,23,25,23,0.653011,0.979167,0.0940571,0.134208,0.653011,0.979167,0.103951,0.141319,0.632,0.953646,0.0134321,0.539812,0.539812,0.550348,0.604485,0.67585,0.731281,0.809053,0.979167,0.979167,0.979167,0.979167,0.895833,0.895833,0.875,0.829526,0.135305,1.0,0.123658,0.181464,0.411605,0.451643,0.956522,0.133094,0.144177,0.829526,0.135305,1.0,0.134001,0.188663,0.411605,0.451643,0.956522,0.149965,0.159882,0.711892,0.711892,0.733934,0.774155,0.903375,0.977506,1.03629,1.0,1.0,1.0,1.0,1.0,1.0,1.0,0.308876,0.311814,0.311814,0.354764,0.411605,0.42268,0.489431,0.956522,0.956522,0.956522,0.782609,0.956522,0.913043,0.73913,0.992583,0.960701,0.987405,0.0116964,0.912813,0.920787,0.921196,0.963255,1.03115,1.07392,1.13208,0.339572,0.30769,0.355405,0.00327925,0.320351,0.325307,0.344256,0.355208,0.374568,0.380975,0.381569,0.669551,0.495813,0.682945,0.0456056,0.353362,0.4804,0.485298,0.596638,0.677621,1.12598,1.29046,0.2186,0.180408,0.592402,0.0757842,0.189716,0.20831,0.208518,0.256649,0.838838,1.20852,1.55638,-9999,-9999
20130222,9.82,1.0,7.302,3.978,1.0,12.558,4.857,1.0,8.559,5.671,2.564,11.698,4.176,9.82,1.0,7.302,3.978,1.0,12.558,4.857,1.0,271.185,187.461,1.0,195.687,187.461,1.0,304.598,1.0,297.851,304.598,1.0,284.457,1.0,291.584,284.457,1.0,5.525,1.0,4.989,5.525,1.0,102.355,102.349,1.0,0.0,0.0,0.0,3.072,2.424,1.0,0.186041666667,1.0,93.8297083333,1.0,319.780708333,1.0,42.0595208333,1.0,34.478125,1.0,362.4009375,1.0,416.701,0.979167,9.403,1.0,54.236,1.0,2.7325,1.0,49.5803,0.979167,60.3276,55.6092,62.611,3.50017,6.26026,24.0803,1.0,29.3001,27.0085,30.4091,3.06783,3.97068,13.0,1,25,23,25,23,0.626302,0.979167,0.0955848,0.185919,0.54331,1.0,0.10238,0.189502,0.593837,0.970313,0.0245922,0.430564,0.430736,0.444792,0.530948,0.717479,0.749667,0.7935,1.0,1.0,1.0,1.0,0.9375,0.958333,0.875,0.952673,0.115528,1.0,0.124284,0.163787,0.224034,0.788165,0.956522,0.136758,0.241792,0.953647,0.115355,1.0,0.132616,0.170196,0.0560721,0.76016,1.0,0.147017,0.247739,0.852292,0.852292,0.877407,0.931733,1.01148,1.06564,1.17894,1.0,1.0,1.0,1.0,1.0,1.0,1.0,-0.0971462,-0.0624201,-0.0601558,0.0550295,0.332073,0.336381,0.429881,1.0,1.0,1.0,1.0,0.913043,0.869565,0.913043,1.08531,1.05889,1.10462,0.0138033,1.01242,1.01996,1.02185,1.06268,1.17276,1.19656,1.24453,0.459004,0.515577,0.51225,0.0118792,0.410584,0.448853,0.465082,0.49116,0.581332,0.586299,0.591284,0.527992,0.469115,0.749602,0.064733,0.443584,0.50731,0.522547,0.54973,0.770454,1.43723,1.64717,0.21712,0.173451,0.566939,0.0738817,0.180113,0.202225,0.205962,0.217244,0.809432,1.17535,1.51464,-9999,-9999
20130223,10.524,1.0,9.069,0.997,1.0,12.106,2.19,1.0,9.563,7.839,1.937,11.436,1.784,10.524,1.0,9.069,0.997,1.0,12.106,2.19,1.0,273.925,190.68,1.0,192.648,190.68,1.0,290.222,1.0,301.938,290.222,1.0,284.538,1.0,296.348,284.538,1.0,6.844,1.0,5.668,6.844,1.0,102.389,102.315,1.0,0.123,0.123,0.0,4.941,6.009,1.0,0.450229166667,1.0,76.8998541667,1.0,321.705666667,1.0,42.8032916667,1.0,36.5936666667,1.0,365.463083333,1.0,395.3,1.0,10.144,1.0,54.134,1.0,-4.56517,1.0,82.8247,1.0,100.778,92.8961,110.986,3.81532,13.9417,1.19246,1.0,1.45094,1.33746,1.5979,3.63385,3.63898,13.0,1,25,23,25,23,0.725813,1.0,0.0917355,0.0999402,0.725813,1.0,0.097241,0.105016,0.759794,0.996354,0.00894181,0.725813,0.725813,0.725813,0.725813,0.753405,0.805126,0.896045,1.0,1.0,1.0,1.0,1.0,1.0,0.979167,0.993529,0.385743,1.0,0.114099,0.122169,0.379751,0.602186,1.0,0.136583,0.140348,0.993529,0.385743,1.0,0.120181,0.127867,0.379751,0.602186,1.0,0.145531,0.149071,0.993529,0.993529,0.993529,0.993529,1.0286,1.08086,1.18312,1.0,1.0,1.0,1.0,1.0,1.0,1.0,0.379751,0.379751,0.379751,0.379751,0.39712,0.444334,0.512959,1.0,1.0,1.0,1.0,1.0,1.0,0.956522,1.10921,1.09721,1.14212,0.0140372,1.049,1.05819,1.06243,1.09541,1.21065,1.23746,1.2872,0.383401,0.371396,0.382324,0.00848865,0.32319,0.327584,0.336615,0.367926,0.44386,0.448393,0.457248,0.496606,0.463225,0.709968,0.0648822,0.438512,0.475452,0.479929,0.508377,0.655017,1.40887,1.61467,0.167945,0.130428,0.530782,0.0779316,0.134215,0.148459,0.14887,0.167945,0.811986,1.17744,1.51678,-9999,-9999
20130224,9.928,1.0,7.33,1.632,1.0,12.753,3.425,1.0,9.752,7.737,2.013,11.943,4.102,9.928,1.0,7.33,1.632,1.0,12.753,3.425,1.0,276.679,197.53,1.0,204.477,197.53,1.0,285.845,1.0,285.171,285.845,1.0,266.117,1.0,276.805,266.117,1.0,7.747,1.0,7.427,7.747,1.0,102.443,102.394,1.0,0.0,0.0,0.0,4.247,4.563,1.0,0.329895833333,1.0,85.4196458333,1.0,333.048895833,1.0,44.0551458333,1.0,37.0976875,1.0,358.8939375,1.0,402.254,1.0,8.907,1.0,54.15,1.0,-5.17725,1.0,71.2455,1.0,86.0953,79.9089,87.429,3.71979,6.70168,8.9261,1.0,10.7866,10.0115,10.9537,3.79103,3.85483,13.0,1,25,23,25,23,0.652087,0.979167,0.0889456,0.100729,0.628219,1.0,0.0955698,0.106624,0.657609,0.978646,0.00690293,0.612437,0.613516,0.618126,0.621604,0.699987,0.708067,0.720647,1.0,1.0,1.0,1.0,0.958333,0.958333,0.958333,0.876796,0.149755,1.0,0.105448,0.124163,0.358367,0.446834,0.956522,0.137332,0.141025,0.876796,0.149755,1.0,0.110685,0.128641,0.310365,0.288025,1.0,0.149887,0.153278,0.854506,0.856503,0.864556,0.872287,0.973363,0.987609,1.02465,1.0,1.0,1.0,1.0,0.96,0.96,0.96,0.294552,0.30065,0.301522,0.302854,0.355514,0.36477,0.378508,0.956522,1.0,1.0,1.0,0.956522,0.956522,0.956522,1.12207,1.11417,1.14893,0.016545,1.02586,1.03531,1.06166,1.08905,1.23992,1.2855,1.29794,0.469978,0.485948,0.491326,0.0100407,0.413421,0.42287,0.443532,0.465863,0.546089,0.567551,0.58999,0.503304,0.521259,0.6897,0.0636594,0.409603,0.456927,0.475678,0.503304,0.607907,1.37876,1.58015,0.222025,0.168447,0.552312,0.0781872,0.156503,0.166023,0.172124,0.19582,0.83762,1.2143,1.56415,-9999,-9999
20130225,8.612,1.0,5.355,2.844,1.0,12.153,4.674,1.0,9.281,7.332,1.806,11.399,4.478,8.612,1.0,5.355,2.844,1.0,12.153,4.674,1.0,279.447,196.291,1.0,205.805,196.291,1.0,289.113,1.0,290.155,289.113,1.0,280.245,1.0,282.614,280.245,1.0,4.561,1.0,5.216,4.561,1.0,102.47,102.435,1.0,0.0,0.0,0.0,2.768,2.216,1.0,0.156625,1.0,92.135125,1.0,335.245104167,1.0,44.5078333333,1.0,37.5893958333,1.0,353.993,1.0,426.216,1.0,8.5,1.0,54.119,1.0,-1.94154,1.0,46.6502,1.0,56.7624,52.3228,57.2468,3.2374,4.87895,39.5527,1.0,48.1265,44.3623,48.5372,3.07564,4.36317,14.0,1,25,23,25,23,0.519893,0.979167,0.110186,0.224943,0.520097,0.979167,0.115414,0.227549,0.491248,0.9625,0.0244409,0.232077,0.260016,0.363505,0.458892,0.633239,0.652232,0.676434,0.958333,0.958333,0.958333,0.979167,0.9375,0.916667,0.979167,0.971109,0.190262,1.0,0.128201,0.185468,-0.0100026,0.825089,0.956522,0.172296,0.312342,0.971445,0.190494,1.0,0.135787,0.19079,-0.00995637,0.825154,0.956522,0.179136,0.316166,0.735446,0.77628,0.782725,0.891723,1.01471,1.04433,1.08811,0.96,0.96,0.96,0.96,0.96,0.96,0.96,-0.333972,-0.327873,-0.117245,-0.0247837,0.17047,0.193171,0.206374,0.956522,0.956522,0.956522,0.956522,0.869565,0.956522,1.0,1.12212,1.11798,1.14497,0.0157118,1.03223,1.03899,1.05965,1.08843,1.24521,1.26299,1.29709,0.604522,0.597881,0.653573,0.0117351,0.572504,0.598891,0.604522,0.62736,0.668998,0.776128,0.80885,0.53761,0.625905,0.659135,0.0555465,0.338401,0.449184,0.468785,0.521925,0.600488,1.25051,1.43318,0.445749,0.3547,0.665749,0.06728,0.315627,0.337839,0.341112,0.37865,0.850036,1.20065,1.54659,-9999,-9999
20130226,10.582,1.0,7.048,2.613,1.0,14.424,4.295,1.0,9.732,6.993,2.53,12.709,4.872,10.582,1.0,7.048,2.613,1.0,14.424,4.295,1.0,282.226,206.196,1.0,212.383,206.196,1.0,289.004,1.0,282.98,289.004,1.0,271.96,1.0,274.252,271.96,1.0,8.084,1.0,7.45,8.084,1.0,102.28,102.275,1.0,0.0,0.0,0.0,4.149,4.766,1.0,0.313875,1.0,91.5297708333,1.0,345.842520833,1.0,45.5009583333,1.0,40.0388333333,1.0,361.633145833,1.0,400.921,1.0,9.06,1.0,54.043,1.0,-3.24231,1.0,78.0001,1.0,94.908,87.4849,95.718,3.88944,7.23708,10.3657,1.0,12.6126,11.6262,12.7203,3.60481,3.69493,14.0,1,25,23,25,23,0.726988,1.0,0.0958132,0.102462,0.727244,1.0,0.100635,0.106984,0.7044,0.995833,0.00554413,0.662431,0.669151,0.673098,0.69611,0.721258,0.741765,0.772347,1.0,1.0,1.0,1.0,1.0,1.0,0.979167,0.943091,0.246464,1.0,0.125919,0.151012,0.436939,0.444059,1.0,0.135632,0.137046,0.943106,0.246477,1.0,0.133186,0.157123,0.437438,0.4449,1.0,0.141429,0.142786,0.823189,0.835621,0.842925,0.900833,0.983663,1.00234,1.03343,1.0,1.0,1.0,1.0,1.0,1.0,1.0,0.381315,0.398169,0.402252,0.437438,0.437438,0.437438,0.437438,1.0,1.0,1.0,1.0,1.0,1.0,1.0,1.32425,1.30942,1.35999,0.0222774,1.20777,1.22016,1.24382,1.27682,1.46587,1.54747,1.58875,0.601793,0.582172,0.655517,0.019381,0.537944,0.547478,0.550428,0.580401,0.7368,0.842308,0.86093,0.664577,0.761609,0.828641,0.0703836,0.422296,0.594746,0.613613,0.657305,0.700275,1.58162,1.81265,0.426729,0.278262,0.639006,0.0687468,0.20327,0.278575,0.334671,0.39044,0.848262,1.22637,1.52858,-9999,-9999
20130227,10.395,1.0,7.371,4.478,1.0,13.682,6.389,1.0,9.652,6.639,3.808,12.927,5.601,10.395,1.0,7.371,4.478,1.0,13.682,6.389,1.0,285.016,190.105,1.0,201.098,190.105,1.0,302.759,1.0,300.056,302.759,1.0,290.063,1.0,294.154,290.063,1.0,6.882,1.0,6.171,6.882,1.0,102.684,102.648,1.0,0.12,0.12,0.0,2.729,1.095,1.0,0.109395833333,1.0,93.2576875,1.0,319.0033125,1.0,42.0734791667,1.0,35.1046041667,1.0,362.92875,1.0,423.365,0.979167,9.58,1.0,53.998,1.0,2.58106,1.0,41.52,0.979167,50.5201,46.5688,51.1385,3.02921,4.54436,31.1967,1.0,37.9592,34.9903,38.4238,2.7999,3.78387,15.0,1,25,23,25,23,0.553576,0.9375,0.0995242,0.306943,0.566388,0.958333,0.105838,0.309048,0.544853,0.945313,0.0423862,0.253545,0.266683,0.277182,0.492796,0.768033,0.847404,0.97825,0.979167,0.979167,0.979167,0.9375,0.916667,0.9375,0.9375,1.14441,0.403741,1.0,0.127064,0.24187,-0.130632,0.648504,0.869565,0.144864,0.394247,1.14021,0.393413,1.0,0.134851,0.24605,-0.1003,0.609076,0.913043,0.154337,0.397826,0.98868,0.997307,1.02019,1.10187,1.29172,1.40892,1.65006,1.0,1.0,1.0,1.0,1.0,1.0,1.0,-0.57416,-0.564242,-0.551464,-0.202295,0.117313,0.169094,0.175073,0.956522,0.956522,0.956522,0.869565,0.869565,0.869565,0.869565,1.3997,1.38236,1.43933,0.025314,1.27581,1.28846,1.31086,1.34618,1.51777,1.67322,1.71965,0.822512,0.815974,0.894362,0.0291788,0.466781,0.606875,0.850185,0.955687,1.01489,1.02153,1.04165,0.652712,0.682693,0.852125,0.0738383,0.435806,0.54829,0.610974,0.679742,0.766088,1.64121,1.88095,0.460996,0.27919,0.663682,0.0630614,0.179264,0.320576,0.446065,0.468238,0.820006,1.19168,1.49836,-9999,-9999
20130228,13.004,1.0,9.864,2.48,1.0,16.416,4.825,1.0,12.008,9.185,2.348,15.076,4.113,13.004,1.0,9.864,2.48,1.0,16.416,4.825,1.0,287.814,190.784,1.0,204.414,190.784,1.0,321.944,1.0,318.523,321.944,1.0,320.362,1.0,315.68,320.362,1.0,5.263,1.0,5.11,5.263,1.0,103.111,102.938,1.0,0.06,0.06,0.0,3.221,2.188,0.958333,0.15652173913,0.958333333333,85.5417555556,0.9375,300.607688889,0.9375,35.7922666667,0.9375,30.123,0.9375,378.561777778,0.9375,415.243,1.0,12.598,1.0,53.84,1.0,8.1969,1.0,44.4598,1.0,54.2418,50.2412,56.9711,3.12135,5.88478,31.5933,1.0,38.5445,35.7016,40.4839,3.16082,4.74954,15.0,1,25,23,25,23,0.497177,0.979167,0.111865,0.167789,0.467386,0.958333,0.121087,0.174073,0.548147,0.983333,0.0215809,0.422523,0.441819,0.445399,0.475867,0.60376,0.691933,0.773878,1.0,1.0,0.9375,1.0,1.0,0.979167,0.979167,1.39777,0.404951,1.0,0.126017,0.1361,-0.519451,1.27161,0.956522,0.178464,0.27447,1.39777,0.404951,1.0,0.134044,0.143564,-0.579364,1.42393,0.913043,0.195121,0.285581,1.33325,1.33994,1.34665,1.39622,1.4218,1.44276,1.63054,1.0,1.0,1.0,1.0,1.0,1.0,1.0,-0.613105,-0.583637,-0.564241,-0.519451,-0.338834,-0.166578,-0.140782,1.0,0.869565,1.0,0.956522,1.0,0.956522,0.956522,1.6694,1.63642,1.72781,0.0360737,1.50634,1.5226,1.55418,1.5968,1.85145,2.06662,2.14738,1.14812,1.16904,1.17917,0.0310343,0.918908,1.02726,1.0679,1.11194,1.2777,1.47538,1.52578,1.09336,1.13465,1.18827,0.0855586,0.621164,0.736073,0.786308,1.04326,1.15107,2.05465,2.35478,0.67892,0.649378,0.83518,0.0470239,0.538371,0.636669,0.67892,0.742952,0.824967,1.19841,1.54456,-9999,-9999
20130301,13.079,1.0,9.716,2.911,1.0,16.735,5.933,1.0,13.624,11.207,4.241,16.251,5.481,13.079,1.0,9.716,2.911,1.0,16.735,5.933,1.0,290.621,208.903,1.0,199.95,208.903,1.0,319.666,1.0,327.001,319.666,1.0,315.617,1.0,325.561,315.617,1.0,5.81,1.0,5.637,5.81,1.0,102.855,102.825,1.0,0.0,0.0,0.0,1.97,1.316,1.0,0.111166666667,1.0,114.5920625,1.0,381.412875,1.0,32.4236041667,1.0,31.57525,1.0,380.882333333,1.0,427.256,1.0,13.253,1.0,53.689,1.0,5.5395,1.0,42.1473,1.0,51.4205,47.628,54.0078,3.14448,5.67926,35.2021,1.0,42.9473,39.7797,45.1082,3.09132,5.01583,15.0,1,25,23,25,23,0.433679,0.916667,0.109877,0.152836,0.455154,0.895833,0.112912,0.155032,0.54758,0.935937,0.0185082,0.434745,0.447982,0.480356,0.51182,0.567045,0.660452,0.769265,0.916667,0.916667,0.9375,0.9375,0.9375,0.979167,0.958333,1.31697,0.26671,0.96,0.126562,0.130926,-0.559321,0.934747,0.869565,0.172929,0.269237,1.33924,0.280715,0.92,0.132991,0.137151,-0.540343,0.967949,0.869565,0.175122,0.270651,1.24313,1.28532,1.28944,1.31123,1.32091,1.35236,1.47972,1.0,1.0,1.0,1.0,0.92,0.92,1.0,-0.555263,-0.521814,-0.455235,-0.378515,-0.280448,-0.109095,-0.0613352,0.913043,0.869565,0.956522,0.869565,0.869565,0.956522,0.913043,1.76806,1.73113,1.83241,0.0407139,1.59472,1.61093,1.64041,1.68764,1.96313,2.2276,2.31811,1.32008,1.27598,1.28441,0.0417714,1.04936,1.07672,1.09283,1.15284,1.48278,1.70972,1.74781,1.72189,1.84635,1.49177,0.0879199,0.645173,0.70598,1.23721,1.52286,1.71354,2.14553,2.45894,1.09653,1.24715,1.1246,0.0355078,0.818597,0.860422,0.902155,1.13337,1.17998,1.26035,1.62208,-9999,-9999
20130302,13.433,1.0,10.714,4.062,1.0,16.388,4.688,1.0,14.432,11.84,2.608,17.25,4.401,13.433,1.0,10.714,4.062,1.0,16.388,4.688,1.0,293.436,141.531,1.0,165.227,141.531,1.0,344.28,1.0,347.0,344.28,1.0,357.169,1.0,348.872,357.169,1.0,5.157,1.0,5.765,5.157,1.0,102.236,102.202,1.0,0.0,0.0,0.0,2.091,1.372,1.0,0.105520833333,1.0,80.1894583333,1.0,272.17575,1.0,21.8683125,1.0,20.6025,1.0,384.279083333,1.0,474.154,1.0,13.327,1.0,53.628,1.0,8.44879,1.0,25.464,1.0,31.1676,28.7753,32.6298,2.46381,3.77286,22.7014,1.0,27.7862,25.6534,29.0897,2.50322,3.57139,15.0,1,25,23,25,23,0.601968,0.770833,0.114534,0.381345,0.614983,0.770833,0.116952,0.382078,0.404152,0.884896,0.0499283,-0.0790398,-0.026995,0.0940154,0.576716,0.64387,0.700482,0.786643,1.0,0.958333,0.9375,0.8125,0.729167,0.958333,0.958333,1.64881,0.633572,0.88,0.120634,0.155574,-0.581571,1.39562,0.652174,0.189372,0.748676,1.64881,0.633572,0.88,0.12652,0.160182,-0.555397,1.37909,0.652174,0.190807,0.74904,1.44869,1.47042,1.51806,1.53759,1.64951,1.6669,1.69119,0.92,0.88,0.96,0.96,0.88,0.88,0.88,-1.74554,-1.71026,-1.48081,-0.638483,-0.519984,-0.261598,-0.122041,1.0,0.956522,0.913043,0.695652,0.565217,0.913043,1.0,1.88557,1.84496,1.95421,0.0453166,1.701,1.7172,1.74621,1.79677,2.08631,2.40476,2.50397,1.26875,1.22997,1.54999,0.0429773,1.12964,1.17975,1.2183,1.64391,1.78501,1.80475,1.85721,1.95783,2.09208,1.61873,0.0938252,0.638746,0.651926,1.25016,1.71241,1.96255,2.16283,2.47876,1.10355,1.29395,1.0333,0.0362989,0.623765,0.65353,0.903178,1.10355,1.16588,1.23332,1.31349,-9999,-9999
20130303,13.864,1.0,11.726,1.409,1.0,16.187,2.734,1.0,12.693,11.033,1.378,14.498,1.906,13.864,1.0,11.726,1.409,1.0,16.187,2.734,1.0,296.257,181.589,1.0,139.604,181.589,1.0,338.436,1.0,347.377,338.436,1.0,335.361,1.0,349.312,335.361,1.0,5.854,1.0,4.278,5.854,1.0,101.909,101.832,1.0,0.259,0.259,0.0,2.158,3.792,1.0,0.326354166667,1.0,103.036541667,1.0,334.748333333,1.0,27.6886875,1.0,27.5830625,1.0,388.2675,1.0,399.538,1.0,14.255,1.0,53.469,1.0,4.10273,1.0,55.7375,1.0,68.3984,64.72,73.1315,3.00575,6.92198,29.4653,1.0,36.1583,34.2138,38.6605,2.48354,4.12715,15.0,1,25,23,25,23,0.690253,1.0,0.127567,0.177015,0.690301,1.0,0.127308,0.176829,0.716238,0.974479,0.018478,0.590851,0.595134,0.600937,0.686077,0.827524,0.84058,0.880448,0.979167,0.979167,0.979167,1.0,0.958333,0.958333,0.958333,1.82809,0.508108,1.0,0.131523,0.18489,-0.598893,1.25483,1.0,0.213025,0.258054,1.82809,0.508108,1.0,0.133199,0.186085,-0.598797,1.25488,1.0,0.211161,0.256518,1.7879,1.79507,1.80218,1.82298,2.00081,2.05496,2.05496,1.0,1.0,1.0,1.0,1.0,1.0,1.0,-0.762028,-0.762028,-0.760658,-0.601742,-0.497443,-0.470737,-0.462996,0.956522,0.956522,0.956522,1.0,0.869565,0.956522,0.913043,1.99901,1.95676,2.06793,0.0488047,1.80502,1.82078,1.85256,1.9031,2.19203,2.56144,2.66635,1.29402,1.26646,1.34982,0.0362501,1.17163,1.18851,1.20454,1.24506,1.40424,1.69812,1.79645,1.77166,1.92041,1.57506,0.0912815,0.572088,0.641982,1.23109,1.68074,1.88809,2.11673,2.42592,1.27926,1.31358,1.17115,0.0380863,0.75164,0.770365,1.02536,1.27904,1.29426,1.31607,1.48074,-9999,-9999
20130304,10.563,1.0,8.457,1.249,1.0,12.852,2.647,1.0,10.352,7.934,1.539,12.98,3.434,10.563,1.0,8.457,1.249,1.0,12.852,2.647,1.0,299.082,208.614,1.0,216.362,208.614,1.0,303.953,1.0,309.863,303.953,1.0,306.01,1.0,305.586,306.01,1.0,3.271,1.0,3.758,3.271,1.0,101.97,101.938,1.0,0.0,0.0,0.0,2.338,3.073,1.0,0.261958333333,1.0,105.7538125,1.0,384.504020833,1.0,32.4097708333,1.0,32.8987916667,1.0,372.266520833,1.0,396.373,1.0,12.583,1.0,53.468,1.0,-0.917083,1.0,43.9591,1.0,54.1427,52.722,58.6955,2.64116,5.15599,43.4746,1.0,53.5459,52.1408,58.0485,2.72832,5.15968,15.0,1,25,23,25,23,0.249166,1.0,0.210658,0.258301,0.249166,1.0,0.211451,0.258948,0.299815,0.983854,0.0222712,0.175066,0.189894,0.196451,0.224015,0.435675,0.488844,0.493229,1.0,1.0,1.0,0.979167,0.979167,0.979167,0.958333,1.34548,0.206872,1.0,0.124689,0.187732,-0.961387,1.18754,1.0,0.401388,0.43352,1.34548,0.206872,1.0,0.12733,0.189497,-0.961387,1.18754,1.0,0.402093,0.434173,1.19635,1.22379,1.23592,1.32332,1.45367,1.50447,1.54436,1.0,1.0,1.0,1.0,1.0,1.0,1.0,-1.00574,-0.977709,-0.961387,-0.948308,-0.781892,-0.65013,-0.587004,0.956522,0.956522,1.0,1.0,0.956522,0.913043,0.913043,1.76255,1.74747,1.78911,0.0332684,1.61323,1.62489,1.63729,1.69296,1.85159,2.09577,2.23875,1.51621,1.4983,1.48826,0.0303505,1.17797,1.21222,1.42907,1.44698,1.59583,1.74903,1.80141,1.22915,1.41809,1.15911,0.0656755,0.364706,0.522206,0.860316,1.27913,1.40735,1.44638,1.65748,1.55219,1.48273,1.36777,0.0456268,0.872169,0.89717,1.12403,1.52396,1.55432,1.57288,1.61799,-9999,-9999
20130305,10.888,1.0,9.341,2.615,1.0,12.571,2.718,1.0,9.58,7.544,3.042,11.792,3.329,10.888,1.0,9.341,2.615,1.0,12.571,2.718,1.0,301.911,210.947,1.0,211.917,210.947,1.0,307.875,1.0,311.819,307.875,1.0,299.487,1.0,307.866,299.487,1.0,5.296,1.0,4.322,5.296,1.0,101.626,101.57,1.0,3.817,3.817,0.0,4.289,3.865,1.0,0.338979166667,1.0,108.782770833,1.0,385.724,1.0,32.4605208333,1.0,33.3429583333,1.0,375.369895833,1.0,394.046,1.0,12.662,1.0,53.496,1.0,0.123833,1.0,52.0023,1.0,64.9029,63.4439,69.7779,2.59755,5.36594,36.2192,1.0,45.2043,44.1881,48.5997,2.7397,4.26621,15.0,1,25,23,25,23,0.241766,1.0,0.197824,0.245052,0.241766,1.0,0.199015,0.246015,0.354391,0.960938,0.0225368,0.209149,0.241423,0.248929,0.253754,0.511511,0.530673,0.564954,1.0,1.0,1.0,1.0,0.916667,0.916667,0.9375,1.55995,0.569387,1.0,0.126825,0.134832,-1.20938,1.21251,1.0,0.373194,0.478493,1.55995,0.569387,1.0,0.129334,0.137195,-1.20938,1.21251,1.0,0.374735,0.479695,1.51934,1.52173,1.53924,1.54647,1.57229,1.61328,1.63585,1.0,1.0,1.0,1.0,1.0,1.0,1.0,-1.24906,-1.21633,-1.17246,-1.17071,-0.732686,-0.617389,-0.562783,1.0,1.0,1.0,1.0,0.826087,0.869565,0.826087,1.84939,1.83526,1.85213,0.0276039,1.69476,1.70634,1.71389,1.78347,1.94577,2.10328,2.2142,1.60797,1.59349,1.49719,0.0233705,1.23716,1.25376,1.45098,1.47697,1.61086,1.67503,1.70794,1.43883,1.50024,1.28649,0.0713339,0.367589,0.59006,0.893872,1.49696,1.52953,1.55344,1.72591,1.77998,1.68426,1.5175,0.0550552,0.916028,0.954951,1.13284,1.74346,1.78905,1.79159,1.79539,-9999,-9999
20130306,10.7,1.0,9.407,1.877,1.0,12.106,1.349,1.0,9.43,8.561,0.831,10.374,0.985,10.7,1.0,9.407,1.877,1.0,12.106,1.349,1.0,304.743,122.997,1.0,127.067,122.997,1.0,320.42,1.0,336.35,320.42,1.0,330.466,1.0,336.459,330.466,1.0,5.171,1.0,2.766,5.171,1.0,101.605,101.673,1.0,10.083,10.083,0.0,4.786,3.681,1.0,0.287395833333,1.0,55.11575,1.0,237.486666667,1.0,19.0874583333,1.0,19.2759583333,1.0,367.805041667,1.0,397.55,1.0,11.056,1.0,53.523,1.0,-5.14979,1.0,37.5644,1.0,48.1353,45.9783,50.8236,2.3008,4.26552,9.46638,1.0,12.1303,11.5867,12.8078,2.20163,2.38043,15.0,1,25,23,25,23,-0.125277,0.979167,0.147167,0.489414,-0.125277,0.979167,0.147902,0.489636,0.194171,0.947917,0.0660325,-0.159431,-0.156101,-0.146532,-0.117226,0.601247,0.777425,0.836123,1.0,1.0,1.0,1.0,0.916667,0.875,0.833333,1.63119,0.514886,1.0,0.121607,0.153435,-2.02497,1.74048,0.956522,0.26481,0.920448,1.63119,0.514886,1.0,0.12452,0.155754,-2.02497,1.74048,0.956522,0.264867,0.920465,1.55915,1.56821,1.58027,1.63392,1.75534,1.75534,1.78108,1.0,1.0,1.0,1.0,1.0,1.0,1.0,-2.02497,-2.02378,-2.02378,-2.01536,-0.698815,-0.260713,-0.231792,0.956522,1.0,1.0,1.0,0.826087,0.652174,0.652174,1.86669,1.85524,1.83479,0.0205692,1.68112,1.70874,1.71551,1.80563,1.97229,2.02273,2.0548,1.96658,1.98051,1.63958,0.0539361,1.02061,1.03818,1.31296,1.8341,1.87201,1.89404,1.96658,1.47342,1.49384,1.36023,0.053572,0.689167,0.802221,0.971641,1.50878,1.5754,1.58399,1.74735,1.44818,1.47979,1.2868,0.0398365,0.819614,0.966883,1.01604,1.44818,1.49261,1.50089,1.5041,-9999,-9999
20130307,9.024,1.0,7.346,2.821,1.0,10.848,3.832,1.0,8.842,7.268,2.39,10.552,2.628,9.024,1.0,7.346,2.821,1.0,10.848,3.832,1.0,307.577,192.412,1.0,136.58,192.412,1.0,318.056,1.0,331.102,318.056,1.0,308.232,1.0,330.341,308.232,1.0,4.109,1.0,3.558,4.109,1.0,101.441,101.452,1.0,0.826,0.826,0.0,1.866,1.633,1.0,0.1566875,1.0,112.801166667,1.0,362.622458333,1.0,28.7788958333,1.0,29.9422708333,1.0,366.790541667,1.0,410.356,1.0,11.747,1.0,53.607,1.0,2.79967,1.0,37.9208,1.0,49.7547,46.4145,52.2399,2.14305,4.82082,45.9174,1.0,60.2468,56.2023,63.2562,2.01591,5.60407,15.0,1,25,23,25,23,-0.300443,0.833333,0.18292,0.787798,-0.300443,0.833333,0.184999,0.788284,-0.167266,0.854688,0.11292,-0.904016,-0.883917,-0.869491,-0.518044,0.552835,0.648619,0.682127,0.854167,0.854167,0.875,0.854167,0.895833,0.916667,0.916667,1.32338,0.375494,0.84,0.124258,0.175982,-2.04268,3.27491,0.826087,0.342178,1.45118,1.32338,0.375494,0.84,0.127644,0.178389,-2.04268,3.27491,0.826087,0.345211,1.4519,1.22244,1.25416,1.26423,1.31851,1.49478,1.5034,1.5523,0.84,0.84,0.84,0.84,1.0,0.92,1.0,-3.15469,-3.14086,-3.13329,-2.47796,-0.524746,-0.320333,-0.268939,0.913043,0.869565,0.869565,0.869565,0.869565,0.826087,0.826087,1.73307,1.73869,1.67176,0.0138179,1.54503,1.57486,1.58311,1.70123,1.73866,1.73969,1.76991,1.74731,2.03913,1.83844,0.101201,0.970481,1.05328,1.17535,2.03911,2.45832,2.46158,2.48656,1.26945,1.36285,1.33398,0.024201,1.08243,1.19953,1.22904,1.32986,1.40661,1.44784,1.51729,1.67418,1.68593,1.55521,0.0376024,1.08744,1.18221,1.39109,1.66901,1.73177,1.74816,1.76138,-9999,-9999
20130308,10.458,1.0,7.971,2.081,1.0,12.946,2.948,1.0,10.273,7.71,2.014,12.837,3.947,10.458,1.0,7.971,2.081,1.0,12.946,2.948,1.0,310.412,209.228,1.0,218.353,209.228,1.0,302.005,1.0,309.995,302.005,1.0,282.342,1.0,305.74,282.342,1.0,5.252,1.0,5.452,5.252,1.0,101.274,101.274,1.0,0.111,0.111,0.0,3.648,4.505,1.0,0.355166666667,1.0,105.677875,1.0,382.493166667,1.0,32.5667291667,1.0,34.2131458333,1.0,369.803895833,1.0,398.43,1.0,11.513,1.0,53.6,1.0,-3.7065,1.0,56.3734,1.0,74.3121,69.4329,77.6604,2.27115,6.5081,34.8304,1.0,45.9138,42.8992,47.9825,2.39445,4.46465,15.0,1,24,24,24,24,0.241205,0.979167,0.146845,0.149041,0.241205,0.979167,0.1473,0.149489,0.265972,0.965625,0.0045095,0.234139,0.23878,0.242853,0.25655,0.283062,0.28976,0.314846,0.9375,0.979167,0.916667,1.0,1.0,1.0,0.958333,1.41024,0.45011,1.0,0.134472,0.139775,-0.945364,1.59427,0.958333,0.249027,0.254952,1.41024,0.45011,1.0,0.135761,0.141016,-0.945364,1.59427,0.958333,0.249324,0.255243,1.32723,1.33411,1.37822,1.40597,1.41038,1.41038,1.42055,1.0,1.0,1.0,1.0,1.0,1.0,1.0,-0.945364,-0.942332,-0.927539,-0.877005,-0.849775,-0.833037,-0.80358,0.958333,0.833333,1.0,0.875,1.0,0.875,0.916667,1.87625,1.86955,1.81086,0.0160421,1.66224,1.70295,1.70383,1.8701,1.87416,1.87651,1.96032,1.64022,1.62834,1.54474,0.0154195,1.39673,1.42017,1.4523,1.55742,1.6289,1.64022,1.7089,1.48207,1.65243,1.70583,0.0460836,1.35152,1.47788,1.51511,1.61831,1.79991,2.05519,2.18059,1.85764,1.82117,1.80198,0.036111,1.36471,1.45029,1.73898,1.84602,1.94737,1.9656,2.00449,-9999,-9999
20130309,11.494,1.0,7.895,2.17,1.0,15.092,4.937,1.0,11.658,9.079,2.633,14.237,4.604,11.494,1.0,7.895,2.17,1.0,15.092,4.937,1.0,313.246,234.574,1.0,232.488,234.574,1.0,293.661,1.0,299.187,293.661,1.0,279.146,1.0,293.142,279.146,1.0,7.065,1.0,7.045,7.065,1.0,102.354,102.386,1.0,0.0,0.0,0.0,3.286,4.007,1.0,0.268875,1.0,115.727375,1.0,419.884395833,1.0,35.4492291667,1.0,39.3125625,1.0,371.113416667,1.0,394.435,1.0,11.291,1.0,53.62,1.0,-1.48692,1.0,57.2417,1.0,75.1051,70.5023,77.4465,2.62489,5.77828,36.6743,1.0,48.1192,45.1703,49.6194,2.36633,4.05916,15.0,1,24,24,24,24,0.617873,0.9375,0.118362,0.164208,0.617332,0.9375,0.120474,0.165737,0.697131,0.930208,0.0162755,0.56977,0.590819,0.601463,0.642842,0.805176,0.818456,0.837878,1.0,0.9375,1.0,1.0,0.895833,0.895833,0.854167,1.41372,0.235434,0.958333,0.128821,0.13612,-0.222898,1.15078,0.916667,0.188263,0.267278,1.41268,0.234822,0.958333,0.129642,0.136896,-0.222898,1.15078,0.916667,0.192626,0.270369,1.38523,1.40326,1.41657,1.45081,1.48466,1.4912,1.50385,0.958333,0.958333,1.0,1.0,0.958333,0.958333,1.0,-0.294288,-0.264901,-0.263699,-0.257834,0.0871041,0.114545,0.141005,1.0,1.0,1.0,1.0,0.833333,0.75,0.833333,1.98392,1.9552,1.92643,0.0173331,1.76912,1.80794,1.81346,1.95685,2.01652,2.01752,2.07532,1.32527,1.33787,1.22866,0.00840043,1.17907,1.18668,1.19137,1.20942,1.257,1.28527,1.33859,1.74831,1.94276,2.14656,0.0786199,1.41709,1.73584,1.84079,1.9441,2.49625,2.71196,2.92828,1.83722,1.5146,1.78539,0.0330867,1.42112,1.5421,1.67896,1.77903,1.89577,1.92301,2.05307,-9999,-9999
20130310,10.374,1.0,7.144,3.756,1.0,13.605,5.557,1.0,11.5,8.687,3.199,14.313,5.319,10.374,1.0,7.144,3.756,1.0,13.605,5.557,1.0,316.079,220.981,1.0,239.601,220.981,1.0,295.087,1.0,292.607,295.087,1.0,282.83,1.0,285.472,282.83,1.0,5.537,1.0,7.584,5.537,1.0,102.688,102.686,1.0,0.0,0.0,0.0,2.748,1.293,1.0,0.1329375,1.0,112.9591875,1.0,398.4233125,1.0,33.3335416667,1.0,35.8965833333,1.0,365.416354167,1.0,417.422,1.0,11.351,1.0,53.669,1.0,0.206187,1.0,37.9859,1.0,49.5718,46.7857,50.9703,2.44349,3.9488,45.3513,1.0,59.1836,55.8573,60.8533,2.31658,4.36832,15.0,1,24,24,24,24,0.0835709,0.916667,0.147095,0.762193,0.0842403,0.916667,0.148393,0.762445,-0.0655745,0.883333,0.111724,-1.05879,-0.797565,-0.723323,-0.0603466,0.63492,0.698165,0.750685,0.916667,0.9375,0.916667,0.916667,0.833333,0.854167,0.854167,1.43073,0.394097,0.875,0.133294,0.156773,-1.26966,2.05254,0.958333,0.250204,1.38031,1.4281,0.392723,0.875,0.133103,0.156611,-1.26574,2.05108,0.958333,0.253136,1.38085,1.39373,1.42124,1.4271,1.45134,1.5058,1.58629,1.65749,0.875,0.875,0.875,0.875,0.875,1.0,1.0,-3.45246,-2.96404,-2.84368,-1.5426,-0.282118,-0.249155,-0.19765,1.0,1.0,0.958333,0.958333,0.791667,0.708333,0.708333,1.87116,1.84026,1.81297,0.0137708,1.69975,1.7294,1.73044,1.84278,1.85952,1.8725,1.95398,1.5094,1.75602,1.87769,0.0999428,1.16908,1.18061,1.21548,1.75921,2.45285,2.47811,2.78185,2.02549,1.95752,2.07375,0.0850011,1.32563,1.54405,1.67559,1.99456,2.50278,2.66083,2.91529,1.99678,1.72734,1.95776,0.0389391,1.50392,1.71191,1.76465,1.95712,2.09453,2.13927,2.40229,-9999,-9999
20130311,12.345,1.0,8.586,3.874,1.0,15.803,6.01,1.0,13.512,10.863,2.999,15.949,5.735,12.345,1.0,8.586,3.874,1.0,15.803,6.01,1.0,318.91,223.907,1.0,234.304,223.907,1.0,313.099,1.0,309.83,313.099,1.0,295.901,1.0,305.547,295.901,1.0,6.655,1.0,7.173,6.655,1.0,102.288,102.312,1.0,0.0,0.0,0.0,2.228,1.15,1.0,0.109541666667,1.0,123.305666667,1.0,414.317125,1.0,34.3821458333,1.0,35.979375,1.0,376.238291667,1.0,429.832,1.0,12.566,1.0,53.659,1.0,3.18404,1.0,43.3705,1.0,56.905,54.1296,58.6791,2.68108,4.30835,46.5928,1.0,61.133,58.1514,63.0389,2.32842,4.30675,15.0,1,23,25,23,25,0.160604,0.875,0.138107,0.486346,0.11862,0.875,0.142348,0.487567,0.200652,0.904688,0.0646213,-0.381067,-0.27031,-0.251806,0.160604,0.605556,0.66234,0.750617,0.895833,0.895833,0.895833,0.875,0.958333,0.958333,0.958333,1.46515,0.475657,0.869565,0.137524,0.164213,-1.05079,1.60229,0.88,0.222003,0.825575,1.46244,0.474177,0.869565,0.137052,0.163818,-1.12597,1.5964,0.88,0.23123,0.828104,1.44158,1.46028,1.46721,1.50188,1.63144,1.63976,1.71887,0.869565,0.869565,0.869565,0.869565,1.0,1.0,1.0,-2.07289,-1.86754,-1.85547,-1.05079,-0.388178,-0.277204,-0.19257,0.92,0.92,0.92,0.88,0.92,0.92,0.92,2.06351,2.00285,2.01339,0.0160678,1.88121,1.90625,1.91351,2.00674,2.09349,2.10072,2.15825,1.75927,1.88423,1.81245,0.0495039,1.37098,1.40774,1.48738,1.78344,2.15403,2.16782,2.19784,2.70282,2.23157,2.17913,0.120009,0.770655,1.14425,1.37708,2.36893,2.66848,2.83662,3.06401,1.97639,1.93787,2.00849,0.0501642,1.57901,1.66074,1.73647,1.96507,2.14517,2.46468,2.4961,-9999,-9999
20130312,14.08,1.0,10.365,3.754,1.0,17.498,6.177,1.0,14.747,12.224,2.958,17.069,5.623,14.08,1.0,10.365,3.754,1.0,17.498,6.177,1.0,321.738,229.089,1.0,235.664,229.089,1.0,322.81,1.0,319.132,322.81,1.0,309.438,1.0,316.39,309.438,1.0,6.871,1.0,6.536,6.871,1.0,102.046,102.062,1.0,0.0,0.0,0.0,1.453,1.197,1.0,0.1138125,1.0,126.996958333,1.0,423.951979167,1.0,35.4677708333,1.0,37.20325,1.0,386.128416667,1.0,422.174,1.0,14.103,1.0,53.592,1.0,6.25106,1.0,44.9404,1.0,59.241,57.4084,61.9102,2.64391,4.25754,45.0461,1.0,59.3804,57.5435,62.0558,2.44099,4.14093,15.0,1,23,25,23,25,0.0691743,0.979167,0.150887,0.324804,0.105096,0.979167,0.152673,0.325637,0.241922,0.920313,0.0422337,-0.0450857,-0.02996,0.0144551,0.0691743,0.479907,0.545298,0.662335,0.916667,0.979167,0.9375,0.979167,0.9375,0.833333,0.8125,1.60508,0.408204,1.0,0.137333,0.139829,-1.34869,1.68757,0.96,0.248945,0.592749,1.6019,0.407038,1.0,0.13668,0.139188,-1.27929,1.67963,0.96,0.252943,0.59444,1.60508,1.63165,1.63333,1.64366,1.67184,1.68426,1.71197,1.0,1.0,0.956522,0.956522,1.0,1.0,0.782609,-1.59552,-1.57211,-1.51135,-1.34869,-0.614739,-0.496229,-0.344461,0.96,0.92,0.88,0.96,0.92,0.88,0.84,2.23152,2.14152,2.18861,0.0181632,2.04424,2.06439,2.07634,2.1469,2.29782,2.30655,2.33623,2.07917,2.03643,1.94638,0.0261407,1.64541,1.6817,1.80474,2.0434,2.07647,2.07973,2.13208,2.96669,2.5426,2.36674,0.117781,0.919721,1.3179,1.65873,2.5991,2.88618,3.02436,3.16625,2.10721,2.25277,2.11593,0.0546532,1.68131,1.75074,1.79043,2.01224,2.46504,2.59544,2.62449,-9999,-9999
20130313,15.273,1.0,11.183,3.633,1.0,19.036,5.623,1.0,16.31,13.517,4.11,18.879,6.034,15.273,1.0,11.183,3.633,1.0,19.036,5.623,1.0,324.56,226.394,1.0,234.864,226.394,1.0,336.023,1.0,324.702,336.023,1.0,324.545,1.0,322.882,324.545,1.0,7.002,1.0,8.025,7.002,1.0,102.048,102.081,1.0,0.0,0.0,0.0,1.095,1.236,1.0,0.0980208333333,1.0,131.819604167,1.0,417.010729167,1.0,34.6454791667,1.0,36.9581875,1.0,392.245104167,1.0,435.851,1.0,14.977,1.0,53.514,1.0,7.23608,1.0,43.9132,1.0,58.6342,56.2707,61.1893,2.61963,4.48961,45.3914,1.0,60.6079,58.1648,63.249,2.43925,4.48934,15.0,1,23,25,23,25,0.0433938,0.9375,0.158845,0.292868,0.073844,0.9375,0.158699,0.292789,0.244445,0.911458,0.0352625,0.0234887,0.0385037,0.0447443,0.101581,0.398706,0.530602,0.61642,0.979167,0.9375,0.9375,0.9375,0.895833,0.875,0.854167,1.70283,0.338601,1.0,0.137836,0.138645,-1.48632,1.70081,0.88,0.26513,0.522243,1.69818,0.339349,1.0,0.137119,0.137932,-1.4257,1.66848,0.88,0.265146,0.522251,1.68323,1.72175,1.7303,1.74143,1.74849,1.75165,1.76064,1.0,1.0,0.956522,1.0,1.0,0.826087,1.0,-1.55018,-1.52437,-1.52147,-1.36063,-0.855528,-0.624499,-0.469733,0.96,0.88,0.88,0.88,0.84,0.8,0.8,2.34502,2.2296,2.30764,0.0189621,2.15096,2.16904,2.19563,2.24938,2.42653,2.43886,2.45624,2.15256,2.15576,2.06332,0.0202001,1.79148,1.85864,2.00807,2.1051,2.15256,2.17128,2.18003,2.75145,2.83699,2.60843,0.0643916,2.03814,2.07882,2.14586,2.59693,2.91181,3.06618,3.18149,2.29522,2.5798,2.1786,0.0471945,1.72044,1.84009,1.943,2.13386,2.39425,2.42368,2.65937,-9999,-9999
20130314,15.372,1.0,11.992,2.328,1.0,18.482,4.179,1.0,15.276,12.188,1.84,18.117,4.483,15.372,1.0,11.992,2.328,1.0,18.482,4.179,1.0,327.378,182.707,1.0,194.063,182.707,1.0,338.746,1.0,338.404,338.746,1.0,364.073,1.0,338.852,364.073,1.0,6.75,1.0,5.6,6.75,1.0,102.027,102.022,1.0,0.0,0.0,0.0,1.919,2.348,1.0,0.192208333333,1.0,97.2049791667,1.0,344.540895833,1.0,27.4346875,1.0,29.6726458333,1.0,393.301770833,1.0,435.695,1.0,15.139,1.0,53.456,1.0,4.33106,1.0,44.4628,1.0,59.3681,56.7983,61.9551,2.33852,4.48125,22.954,1.0,30.6489,29.3223,31.9845,2.26608,3.00495,15.0,1,23,25,23,25,0.285395,0.9375,0.158393,0.267705,0.205538,0.958333,0.161552,0.269586,0.404799,0.933854,0.0335265,0.195098,0.20922,0.211661,0.245782,0.581262,0.640857,0.765597,0.979167,1.0,1.0,0.958333,0.875,0.854167,0.854167,1.84757,0.312688,1.0,0.135439,0.149506,-1.17173,2.25271,0.88,0.265249,0.527264,1.83875,0.313752,1.0,0.134868,0.148989,-1.31136,2.4029,0.92,0.271934,0.530659,1.75354,1.783,1.81617,1.83285,1.89954,1.90962,1.91005,1.0,1.0,1.0,1.0,1.0,1.0,1.0,-1.36021,-1.36015,-1.35771,-1.24871,-0.587577,-0.448775,-0.256421,1.0,1.0,1.0,0.92,0.8,0.72,0.72,2.33586,2.21088,2.29556,0.0158782,2.15855,2.1926,2.21144,2.25165,2.37282,2.39206,2.44374,1.83059,2.00534,1.89087,0.0195504,1.66204,1.73039,1.79964,1.92814,1.99709,2.01587,2.043,2.54619,2.81397,2.55375,0.0440225,2.07259,2.32657,2.35044,2.50631,2.76537,2.85032,3.04986,2.11696,2.40279,1.95782,0.0429759,1.49073,1.64146,1.77651,2.04379,2.08531,2.20349,2.36131,-9999,-9999
20130315,15.744,1.0,13.09,2.186,1.0,18.185,4.177,1.0,14.676,11.335,2.422,17.75,4.82,15.744,1.0,13.09,2.186,1.0,18.185,4.177,1.0,330.19,179.951,1.0,194.674,179.951,1.0,335.899,1.0,333.111,335.899,1.0,360.109,1.0,332.683,360.109,1.0,8.0,1.0,6.517,8.0,1.0,101.885,101.885,1.0,0.0,0.0,0.0,3.28,3.006,1.0,0.248895833333,1.0,89.2075,1.0,336.718375,1.0,26.2937291667,1.0,29.4352083333,1.0,395.660229167,1.0,396.928,1.0,15.38,1.0,53.374,1.0,4.8121,1.0,47.404,1.0,63.2952,59.1638,66.0534,2.72835,5.7903,16.6186,1.0,22.1897,20.7413,23.1566,3.08163,3.56401,15.0,1,23,25,23,25,0.266795,1.0,0.15885,0.418696,0.249366,1.0,0.157838,0.418313,0.422438,0.946875,0.0577137,-0.00577116,0.0752956,0.0785031,0.266795,0.760826,0.850081,0.951532,1.0,1.0,1.0,1.0,0.916667,0.854167,0.833333,1.91322,0.286006,1.0,0.129158,0.149481,-1.26654,1.89683,1.0,0.268813,0.728146,1.90733,0.286218,1.0,0.128751,0.14913,-1.29337,1.88466,1.0,0.266931,0.727453,1.7333,1.80845,1.81083,1.85622,1.94641,1.95895,1.98478,1.0,1.0,1.0,1.0,1.0,1.0,1.0,-1.60531,-1.52444,-1.52336,-1.26654,-0.316144,-0.171024,-0.0654746,1.0,1.0,1.0,1.0,0.84,0.72,0.68,2.36247,2.22141,2.32347,0.014471,2.18836,2.23293,2.24534,2.28542,2.39769,2.40262,2.47033,2.03042,1.97205,1.90112,0.0451973,1.49775,1.54761,1.6112,1.9778,2.1794,2.19827,2.20199,2.46263,2.80016,2.44252,0.0422074,1.96401,2.17237,2.23958,2.39971,2.61399,2.68047,2.93143,1.94593,2.12683,1.84287,0.0303251,1.3698,1.68891,1.75503,1.88525,1.9133,1.98039,2.06929,-9999,-9999
20130316,15.536,1.0,12.614,2.084,1.0,18.224,3.924,1.0,14.975,11.813,2.487,17.884,5.232,15.536,1.0,12.614,2.084,1.0,18.224,3.924,1.0,332.995,234.513,1.0,245.73,234.513,1.0,321.963,1.0,317.375,321.963,1.0,323.631,1.0,314.342,323.631,1.0,8.222,1.0,8.559,8.222,1.0,101.778,101.781,1.0,0.0,0.0,0.0,3.806,4.156,1.0,0.35375,1.0,117.152479167,1.0,427.458520833,1.0,34.7516666667,1.0,39.9423125,1.0,397.564104167,1.0,393.524,1.0,15.864,1.0,53.331,1.0,3.29842,1.0,64.7311,1.0,86.4309,80.7893,90.1972,2.84176,7.53077,24.396,1.0,32.5743,30.4481,33.9938,2.97957,3.97319,15.0,1,23,25,23,25,0.499474,0.979167,0.146795,0.194921,0.481487,0.979167,0.14533,0.19382,0.507843,0.909375,0.0230518,0.360599,0.371151,0.386089,0.47877,0.591729,0.627631,0.721287,1.0,1.0,1.0,0.979167,0.916667,0.75,0.6875,2.01796,0.383141,1.0,0.128842,0.130872,-0.932391,1.64809,0.96,0.244369,0.345679,1.98288,0.405781,1.0,0.126213,0.128284,-0.933406,1.64629,0.96,0.242526,0.344379,1.97763,2.00442,2.01796,2.04279,2.04977,2.05034,2.10033,0.782609,0.782609,1.0,1.0,1.0,1.0,1.0,-1.19018,-1.17181,-1.17181,-0.98466,-0.834243,-0.682819,-0.527132,1.0,1.0,1.0,0.96,0.84,0.72,0.6,2.34355,2.2093,2.30994,0.0111181,2.21337,2.23832,2.26285,2.28413,2.35125,2.36407,2.43657,1.86194,1.72782,1.80215,0.0139645,1.63095,1.71601,1.73661,1.78793,1.88835,1.89532,1.8993,2.44986,2.75198,2.39483,0.0383255,1.92524,2.12372,2.18505,2.36617,2.50316,2.60372,2.84766,2.13264,2.12815,2.06662,0.0250579,1.57378,2.01665,2.07031,2.10629,2.13268,2.13561,2.15601,-9999,-9999
20130317,13.846,1.0,10.926,1.648,1.0,16.532,3.904,1.0,13.316,10.826,1.608,15.607,4.273,13.846,1.0,10.926,1.648,1.0,16.532,3.904,1.0,335.792,239.338,1.0,244.832,239.338,1.0,310.334,1.0,306.635,310.334,1.0,307.281,1.0,301.823,307.281,1.0,8.037,1.0,7.695,8.037,1.0,101.917,101.937,1.0,0.0,0.0,0.0,3.604,2.958,1.0,0.238875,1.0,117.382958333,1.0,434.720916667,1.0,35.3106666667,1.0,41.543,1.0,388.865166667,1.0,395.98,1.0,15.168,1.0,53.324,1.0,2.28077,1.0,54.9384,1.0,73.3554,70.1802,76.552,3.1897,5.69947,33.2622,1.0,44.4126,42.4902,46.348,3.13942,4.24664,15.0,1,23,25,23,25,0.336827,0.979167,0.143092,0.348121,0.349893,0.979167,0.142952,0.348064,0.434333,0.966667,0.0444144,0.135275,0.16587,0.170541,0.288332,0.636312,0.800577,0.901939,1.0,1.0,1.0,0.979167,0.958333,0.9375,0.916667,1.91789,0.186162,1.0,0.133736,0.155586,-1.14126,1.63113,0.96,0.234422,0.659583,1.89731,0.188885,1.0,0.133671,0.155529,-1.09815,1.65381,0.96,0.234162,0.659491,1.74582,1.78449,1.80643,1.8467,1.86957,1.94351,1.97562,1.0,1.0,1.0,1.0,1.0,1.0,1.0,-1.40447,-1.40036,-1.37402,-1.18333,-0.499465,-0.167318,0.00610817,1.0,1.0,1.0,0.96,0.92,0.88,0.84,2.20532,2.1234,2.17557,0.00775235,2.12083,2.13711,2.15012,2.16419,2.19017,2.20019,2.26431,1.80127,1.7735,1.73978,0.0392462,1.33586,1.405,1.52072,1.80127,1.97893,1.99618,2.00269,2.48834,2.52038,2.35323,0.0304503,1.98153,2.15089,2.17655,2.3562,2.50819,2.54042,2.61883,2.12691,2.01256,2.06285,0.0267821,1.51992,2.00965,2.07098,2.10171,2.13304,2.13687,2.15002,-9999,-9999
20130318,13.952,1.0,11.433,2.889,1.0,16.27,4.31,1.0,13.374,10.847,2.105,15.699,4.612,13.952,1.0,11.433,2.889,1.0,16.27,4.31,1.0,338.579,192.747,1.0,201.552,192.747,1.0,328.515,1.0,327.883,328.515,1.0,338.03,1.0,326.59,338.03,1.0,7.662,1.0,6.702,7.662,1.0,101.827,101.88,1.0,0.0,0.0,0.0,2.125,2.192,1.0,0.1738125,1.0,99.5506458333,1.0,366.034208333,1.0,29.0699375,1.0,32.8221666667,1.0,387.432541667,1.0,402.429,1.0,14.675,1.0,53.327,1.0,2.54621,1.0,41.662,1.0,54.9193,51.6874,58.0524,2.79026,5.48157,27.9544,1.0,36.8498,34.6813,38.9521,2.89522,4.29011,15.0,1,23,25,23,25,0.601892,0.979167,0.134715,0.375185,0.578996,0.979167,0.135374,0.375422,0.611007,0.944792,0.0516829,0.256027,0.265178,0.278643,0.552361,0.906616,0.965509,1.09869,1.0,1.0,1.0,0.979167,0.979167,0.8125,0.520833,1.84736,0.298466,1.0,0.13764,0.177488,-0.585948,1.6943,0.96,0.214687,0.585019,1.8366,0.297896,1.0,0.13794,0.17772,-0.618409,1.68745,0.96,0.215939,0.585479,1.77521,1.79241,1.81832,1.85532,1.98021,2.01652,2.02069,1.0,1.0,1.0,1.0,1.0,1.0,1.0,-1.15949,-1.15838,-1.15838,-0.675489,-0.119619,-0.0699762,0.0551692,1.0,1.0,1.0,0.96,0.88,0.84,0.76,2.25816,2.19248,2.23592,0.00836554,2.16994,2.18884,2.19228,2.21428,2.28611,2.29562,2.30828,1.61878,1.61348,1.6241,0.0449992,1.18056,1.2826,1.36092,1.61878,1.91654,1.93564,1.94315,3.04537,3.12917,2.63485,0.0508315,1.98881,2.18103,2.41233,2.71542,2.87413,2.93725,3.01708,2.07581,2.10657,1.92516,0.0406816,1.35113,1.57201,1.72471,2.05457,2.07581,2.1038,2.13705,-9999,-9999
20130319,13.242,1.0,9.887,1.046,1.0,16.328,3.357,1.0,13.147,11.081,2.051,15.048,3.178,13.242,1.0,9.887,1.046,1.0,16.328,3.357,1.0,341.358,149.69,1.0,190.111,149.69,1.0,346.237,1.0,342.002,346.237,1.0,348.556,1.0,343.047,348.556,1.0,6.111,1.0,5.64,6.111,1.0,101.971,101.989,1.0,2.281,2.281,0.0,2.234,2.052,1.0,0.176875,1.0,86.2148958333,1.0,292.769833333,1.0,23.4215652174,0.958333333333,25.5887659574,0.979166666667,383.319354167,1.0,409.293,1.0,14.293,1.0,53.268,1.0,-0.684938,1.0,36.1489,1.0,47.1745,41.9786,50.3704,2.51135,6.70854,22.8451,1.0,29.813,26.5294,31.8328,2.55012,4.686,15.0,1,23,25,23,25,0.818999,0.979167,0.130985,0.355986,0.765611,0.979167,0.132374,0.3565,0.840712,0.959375,0.05484,0.202713,0.555058,0.570915,0.756171,1.10595,1.21708,1.35625,1.0,1.0,1.0,0.979167,0.9375,0.916667,0.833333,2.02418,0.0693216,1.0,0.137558,0.212581,-0.346933,1.73697,0.96,0.206682,0.520314,2.00359,0.0686367,1.0,0.13746,0.212518,-0.426769,1.76496,0.96,0.209744,0.521538,1.94129,1.94687,1.95987,1.9939,2.18894,2.27102,2.27848,1.0,1.0,1.0,1.0,1.0,1.0,1.0,-1.41113,-0.792497,-0.747809,-0.435316,0.0679557,0.16251,0.413141,1.0,1.0,1.0,0.96,0.88,0.84,0.68,2.217,2.16618,2.19523,0.00907489,2.12451,2.14043,2.1461,2.17312,2.23399,2.27335,2.29157,1.36035,1.40057,1.35472,0.0487298,0.847089,0.986428,1.08016,1.36035,1.57387,1.60319,1.87111,3.91532,4.34862,2.96251,0.120034,1.75788,1.97168,2.17955,3.13685,3.36918,3.63466,3.96975,2.15232,2.61033,1.89843,0.0797201,0.896934,1.1265,1.45814,2.1409,2.20212,2.26873,2.44679,-9999,-9999
20130320,13.009,1.0,11.312,1.397,1.0,14.57,2.407,1.0,11.691,11.42,0.952,11.941,0.458,13.009,1.0,11.312,1.397,1.0,14.57,2.407,1.0,344.126,111.768,1.0,28.822,111.768,1.0,356.814,1.0,371.597,356.814,1.0,363.869,1.0,377.541,363.869,1.0,2.803,1.0,1.864,2.803,1.0,101.99,102.004,1.0,4.526,4.526,0.0,2.696,2.532,1.0,0.220708333333,1.0,66.4300208333,1.0,232.384666667,1.0,16.1634583333,1.0,18.3536875,1.0,383.0141875,1.0,396.359,1.0,14.295,1.0,53.251,1.0,2.71438,1.0,30.7347,1.0,40.0126,35.6913,42.8262,2.12031,5.69821,12.937,1.0,16.8422,15.0233,18.0266,1.92873,2.94556,15.0,1,23,25,23,25,0.290949,1.0,0.151576,0.619098,0.315889,1.0,0.152685,0.61937,0.597964,0.914062,0.0808086,0.125909,0.131308,0.13446,0.298308,0.877386,1.33182,1.45738,1.0,1.0,1.0,1.0,0.833333,0.770833,0.75,2.08651,0.368204,1.0,0.137223,0.247949,-1.38127,2.13998,1.0,0.250424,0.950025,2.07575,0.366888,1.0,0.137189,0.24793,-1.32524,2.08633,1.0,0.252736,0.950637,1.96845,1.97253,2.04837,2.09474,2.2879,2.38556,2.56039,1.0,1.0,1.0,1.0,1.0,1.0,0.956522,-1.66026,-1.5848,-1.56926,-1.37346,-0.475175,0.248052,0.340886,1.0,1.0,1.0,1.0,0.68,0.56,0.56,2.22119,2.18219,2.2003,0.0107169,2.12647,2.13048,2.14273,2.1749,2.22119,2.30547,2.32638,1.90841,1.8663,1.60398,0.0750047,0.723251,0.860374,1.31569,1.85523,1.99756,2.0101,2.02475,3.7674,4.17798,2.81381,0.119877,1.59327,1.85063,1.98986,3.03873,3.22623,3.48917,3.77898,2.08485,2.60358,1.79908,0.0900293,0.652634,0.804089,1.43555,2.07198,2.13058,2.17133,2.41246,-9999,-9999
20130321,11.995,1.0,9.66,1.522,1.0,14.143,4.166,1.0,12.788,11.01,1.911,14.425,3.511,11.995,1.0,9.66,1.522,1.0,14.143,4.166,1.0,346.881,250.38,1.0,248.109,250.38,1.0,296.664,1.0,318.336,296.664,1.0,296.79,1.0,315.462,296.79,1.0,6.383,1.0,6.582,6.383,1.0,101.828,101.907,1.0,0.302,0.302,0.0,4.243,4.278,1.0,0.310875,1.0,121.412875,1.0,475.718729167,1.0,36.3177083333,1.0,45.3727083333,1.0,378.123125,1.0,387.589,1.0,13.705,1.0,53.159,1.0,-0.883167,1.0,67.5972,1.0,86.351,78.4986,93.1224,2.93331,11.2303,38.0766,1.0,48.6404,44.2172,52.4546,2.46289,6.58427,15.0,1,23,25,23,25,0.575799,1.0,0.141697,0.200071,0.571628,1.0,0.142017,0.200297,0.646797,0.978646,0.0273117,0.499621,0.520966,0.52322,0.566962,0.710978,0.803456,0.947463,1.0,1.0,1.0,1.0,0.979167,0.958333,0.895833,2.18464,0.593171,1.0,0.145304,0.16338,-0.944526,1.70264,1.0,0.225526,0.312869,2.17687,0.595256,1.0,0.145381,0.163448,-0.945088,1.70157,1.0,0.226173,0.313335,2.16003,2.17074,2.19943,2.21527,2.31072,2.32014,2.32614,1.0,1.0,1.0,1.0,1.0,1.0,1.0,-1.06802,-1.06726,-1.06656,-0.948088,-0.807546,-0.633555,-0.381531,1.0,1.0,1.0,1.0,0.96,0.96,0.8,2.18124,2.14939,2.14652,0.0107783,2.0805,2.08388,2.0976,2.12678,2.16886,2.26142,2.28449,1.59503,1.57777,1.49968,0.0255658,1.10672,1.31453,1.49953,1.57551,1.58426,1.59254,1.60261,2.49286,2.50925,2.09764,0.0532523,1.42594,1.68516,1.75348,2.26807,2.35094,2.39236,2.44919,1.88114,1.88787,1.64551,0.0432906,1.13219,1.26212,1.42862,1.72521,1.88114,1.89428,1.91057,-9999,-9999
20130322,12.9,1.0,10.646,1.048,1.0,14.974,3.014,1.0,12.793,10.911,1.928,14.524,3.876,12.9,1.0,10.646,1.048,1.0,14.974,3.014,1.0,349.625,256.371,1.0,271.919,256.371,1.0,284.408,1.0,284.014,284.408,1.0,270.909,1.0,275.456,270.909,1.0,11.165,1.0,10.952,11.165,1.0,101.794,101.889,1.0,0.0,0.0,0.0,6.069,7.021,1.0,0.488958333333,1.0,114.1181875,1.0,464.4166875,1.0,35.9435416667,1.0,48.310875,1.0,376.054375,1.0,393.651,1.0,11.838,1.0,53.201,1.0,-7.47425,1.0,95.8726,1.0,122.471,111.334,126.38,3.58312,11.7152,16.1906,1.0,20.6824,18.8016,21.3426,3.5406,4.01047,15.0,1,23,25,23,25,1.1406,1.0,0.105325,0.112857,1.13555,1.0,0.108603,0.115922,1.13253,0.999479,0.00516123,1.0859,1.08911,1.10845,1.13044,1.15987,1.17019,1.17309,1.0,1.0,1.0,1.0,1.0,1.0,1.0,1.95368,0.266897,1.0,0.131878,0.146649,0.312955,1.15863,1.0,0.152496,0.153603,1.94352,0.26471,1.0,0.132113,0.14686,0.312955,1.15863,1.0,0.160008,0.161063,1.84367,1.85014,1.88902,1.92306,1.95242,1.97842,1.98194,1.0,1.0,1.0,1.0,1.0,1.0,1.0,0.312955,0.312955,0.312955,0.312955,0.348898,0.349761,0.352964,1.0,1.0,1.0,1.0,1.0,1.0,1.0,2.36805,2.3168,2.32428,0.016594,2.22077,2.23347,2.24321,2.2896,2.35327,2.50787,2.5353,1.22266,1.18125,1.19162,0.0127491,1.1316,1.13487,1.13636,1.15134,1.20627,1.3385,1.35927,1.92333,1.8077,1.88128,0.0281833,1.40868,1.75313,1.7704,1.8727,2.02881,2.03919,2.04701,1.47011,1.16404,1.18469,0.0340432,0.836364,0.948443,0.965306,1.19953,1.34562,1.4174,1.49545,-9999,-9999
20130323,12.835,1.0,9.973,1.824,1.0,15.467,4.316,1.0,12.505,9.688,2.213,15.096,4.899,12.835,1.0,9.973,1.824,1.0,15.467,4.316,1.0,352.356,247.601,1.0,263.832,247.601,1.0,296.861,1.0,297.642,296.861,1.0,281.682,1.0,291.341,281.682,1.0,10.188,1.0,9.894,10.188,1.0,101.902,101.984,1.0,0.0,0.0,0.0,3.643,3.305,1.0,0.234166666667,1.0,118.706833333,1.0,467.851083333,1.0,36.664125,1.0,45.51825,1.0,378.200354167,1.0,395.364,1.0,12.66,1.0,53.157,1.0,2.20967,1.0,58.0229,1.0,74.008,67.3803,75.7202,3.1173,6.92377,35.878,1.0,45.7623,41.6641,46.821,3.21157,4.99279,15.0,1,23,25,23,25,0.479518,0.9375,0.142092,0.411322,0.471321,0.9375,0.141211,0.411019,0.615974,0.957292,0.0539932,0.248114,0.261766,0.300139,0.417714,0.935723,1.03377,1.08583,0.979167,0.979167,0.958333,0.958333,0.9375,0.958333,0.9375,1.80264,0.419329,1.0,0.13637,0.287968,-0.771223,1.20384,0.88,0.231031,0.531025,1.75923,0.436297,1.0,0.135461,0.287538,-0.746452,1.20776,0.88,0.229632,0.530418,1.5636,1.57756,1.63633,1.72273,1.99794,2.08482,2.10279,1.0,1.0,1.0,1.0,1.0,1.0,1.0,-0.97945,-0.967037,-0.956872,-0.812057,-0.0705713,-0.0107688,0.0744365,0.96,0.96,0.92,0.92,0.88,0.92,0.88,2.46073,2.39552,2.44102,0.0242446,2.2585,2.27345,2.30931,2.36941,2.54411,2.64666,2.69504,1.77594,1.9242,1.82515,0.0357653,1.40089,1.49594,1.62526,1.93628,2.00892,2.01154,2.02824,1.88993,1.84192,1.97163,0.017865,1.71769,1.88993,1.9071,1.96112,2.02192,2.04516,2.07453,1.57393,1.20166,1.26972,0.02963,1.02082,1.07272,1.112,1.21469,1.33713,1.48354,1.60795,-9999,-9999
20130324,13.107,1.0,9.197,3.578,1.0,16.705,5.507,1.0,13.494,10.559,1.898,16.194,5.073,13.107,1.0,9.197,3.578,1.0,16.705,5.507,1.0,355.074,252.921,1.0,263.92,252.921,1.0,315.792,1.0,311.7,315.792,1.0,307.667,1.0,307.727,307.667,1.0,7.432,1.0,7.613,7.432,1.0,101.736,101.766,1.0,0.0,0.0,0.0,2.204,1.392,1.0,0.124229166667,1.0,139.305020833,1.0,482.9723125,1.0,37.2277291667,1.0,45.3129583333,1.0,382.6563125,1.0,414.147,1.0,14.04,1.0,53.047,1.0,5.52312,1.0,48.8353,1.0,62.2892,56.7109,63.9975,2.66672,6.02391,53.9262,1.0,68.7826,62.6229,70.6691,2.47269,6.45681,15.0,1,23,25,23,25,0.0855757,0.895833,0.165548,0.418621,0.0794364,0.895833,0.16652,0.419006,0.233368,0.931771,0.0554597,-0.165222,-0.160044,-0.0359371,0.0235588,0.486772,0.608948,0.716674,1.0,1.0,0.958333,0.9375,0.875,0.916667,0.916667,2.1373,0.227224,1.0,0.139249,0.252448,-1.80798,2.04691,0.8,0.27822,0.571751,2.13964,0.236867,1.0,0.139347,0.252502,-1.8215,2.00248,0.8,0.280157,0.572697,2.00039,2.01333,2.02337,2.11237,2.38882,2.43447,2.46819,1.0,1.0,1.0,1.0,1.0,1.0,1.0,-2.14838,-2.14605,-1.94294,-1.8116,-1.29675,-1.14707,-0.913722,1.0,1.0,0.92,0.88,0.84,0.84,0.84,2.60186,2.51783,2.61064,0.0352201,2.33599,2.35681,2.42198,2.49376,2.7866,2.90818,2.93042,2.48766,2.43839,2.37736,0.0311732,1.85524,2.1628,2.35237,2.45705,2.4832,2.49784,2.50902,1.9843,1.99236,2.11159,0.0216408,1.9422,1.99092,1.99521,2.06266,2.23741,2.25149,2.26946,1.867,1.56597,1.52303,0.0390591,1.19508,1.22669,1.26483,1.56464,1.65034,1.78114,1.90098,-9999,-9999
20130325,11.817,1.0,9.181,1.648,1.0,14.242,3.059,1.0,12.43,9.733,1.461,14.912,4.051,11.817,1.0,9.181,1.648,1.0,14.242,3.059,1.0,357.776,210.369,1.0,258.94,210.369,1.0,320.858,1.0,310.109,320.858,1.0,331.784,1.0,305.873,331.784,1.0,4.878,1.0,5.836,4.878,1.0,101.544,101.551,1.0,0.0,0.0,0.0,2.371,3.337,1.0,0.300958333333,1.0,115.342354167,1.0,399.304645833,1.0,30.12775,1.0,38.2618333333,1.0,376.498229167,1.0,404.022,1.0,13.297,1.0,52.969,1.0,-1.25885,1.0,53.2935,1.0,67.9756,61.8882,72.7145,2.30303,8.34935,47.2755,1.0,60.2997,54.8996,64.5034,2.58751,7.57483,15.0,1,23,25,23,25,0.181196,0.958333,0.15306,0.321984,0.132302,0.958333,0.154475,0.32266,0.236215,0.967708,0.0398157,-0.147779,-0.0492622,0.0946093,0.157796,0.392854,0.517295,0.581719,0.979167,0.979167,0.958333,0.9375,1.0,0.958333,0.9375,2.03869,0.653902,1.0,0.159581,0.208255,-1.54034,2.23316,0.92,0.242163,0.467677,2.03478,0.653297,1.0,0.159976,0.208559,-1.62721,2.33305,0.92,0.245002,0.469153,1.97703,1.98298,1.99075,2.02998,2.18671,2.2506,2.2526,1.0,1.0,1.0,1.0,1.0,0.956522,0.956522,-2.09229,-1.91549,-1.65475,-1.57562,-1.25519,-1.11529,-0.994251,0.96,0.96,0.92,0.88,0.96,0.96,0.92,2.48493,2.42823,2.49939,0.0299311,2.26072,2.27678,2.33627,2.40054,2.69735,2.70532,2.73143,2.30519,2.29592,2.26317,0.0148671,2.10343,2.1681,2.23252,2.25908,2.31966,2.32699,2.4085,1.97345,2.02501,1.99761,0.0162687,1.79771,1.91739,1.94919,1.98297,2.0498,2.07249,2.1718,2.14474,1.97027,1.93451,0.0297629,1.4717,1.79351,1.88965,1.96184,2.03501,2.08478,2.15736,-9999,-9999
20130326,13.564,1.0,10.7,1.685,1.0,16.199,4.196,1.0,12.103,8.949,2.718,15.005,3.544,13.564,1.0,10.7,1.685,1.0,16.199,4.196,1.0,360.463,248.019,1.0,249.429,248.019,1.0,324.706,1.0,321.824,324.706,1.0,316.955,1.0,319.527,316.955,1.0,6.827,1.0,5.355,6.827,1.0,101.555,101.524,1.0,0.0,0.0,0.0,2.514,4.131,1.0,0.3726875,1.0,135.315958333,1.0,477.603520833,1.0,36.7334583333,1.0,44.3556041667,1.0,391.8461875,1.0,390.123,1.0,15.142,1.0,52.903,1.0,6.75435,1.0,61.0691,1.0,77.8934,70.9177,80.0297,2.84951,7.33108,49.6387,1.0,63.3139,57.6439,65.0503,3.25376,6.38207,15.0,1,23,25,23,25,0.179113,1.0,0.169308,0.264371,0.181061,1.0,0.170151,0.264912,0.272142,0.929688,0.0355814,0.0583939,0.0586376,0.062086,0.101508,0.458839,0.464725,0.60488,1.0,1.0,1.0,1.0,0.833333,0.854167,0.833333,2.46138,0.45069,1.0,0.137798,0.15387,-1.93307,1.93896,1.0,0.286456,0.428165,2.46355,0.452205,1.0,0.137245,0.153375,-1.93147,1.94277,1.0,0.288384,0.429457,2.40487,2.40536,2.40706,2.42514,2.53013,2.54229,2.55749,1.0,1.0,1.0,1.0,1.0,1.0,1.0,-2.10444,-2.10444,-2.10444,-2.03841,-1.48205,-1.46799,-1.19813,1.0,1.0,1.0,1.0,0.72,0.68,0.68,2.78142,2.70828,2.84962,0.0408135,2.54128,2.56054,2.62311,2.68267,3.12468,3.14245,3.17582,2.50597,2.52722,2.57722,0.0114559,2.48076,2.49985,2.53922,2.5698,2.62909,2.65949,2.68176,1.89264,2.12152,2.07066,0.0275087,1.82666,1.91381,1.93764,2.05012,2.17263,2.29054,2.32883,2.49426,2.32823,2.0692,0.0666964,1.33573,1.39574,1.65105,2.29445,2.32944,2.38529,2.51923,-9999,-9999
20130327,13.534,1.0,10.577,1.111,1.0,16.255,2.698,1.0,12.523,10.504,2.184,14.38,2.582,13.534,1.0,10.577,1.111,1.0,16.255,2.698,1.0,363.134,252.006,1.0,149.275,252.006,1.0,327.144,1.0,345.252,327.144,1.0,321.86,1.0,346.835,321.86,1.0,5.056,1.0,4.219,5.056,1.0,101.565,101.568,1.0,0.0,0.0,0.0,2.278,3.316,1.0,0.281729166667,1.0,143.000791667,1.0,484.779479167,1.0,37.5372708333,1.0,46.0038958333,1.0,388.826145833,1.0,395.994,1.0,15.227,1.0,52.746,1.0,3.3509,1.0,56.921,1.0,72.6025,66.1006,74.5937,2.91781,6.93909,59.3009,1.0,75.638,68.8643,77.7125,3.29163,7.33866,15.0,1,23,25,23,25,-0.0292848,0.979167,0.202991,0.226997,-0.0264036,0.979167,0.20198,0.226093,-0.0392335,0.967708,0.0161185,-0.158626,-0.132709,-0.128283,-0.0576862,0.011324,0.0704867,0.131458,1.0,1.0,1.0,1.0,0.958333,0.833333,0.958333,2.28578,0.108077,1.0,0.144259,0.189836,-2.1571,2.14286,0.96,0.351343,0.365977,2.28289,0.112269,1.0,0.14217,0.188254,-2.14911,2.15205,0.96,0.350066,0.364751,2.11339,2.11737,2.16608,2.26202,2.35058,2.36417,2.39298,1.0,1.0,1.0,1.0,1.0,1.0,1.0,-2.24945,-2.22728,-2.21956,-2.19352,-2.1571,-2.02237,-1.92219,1.0,1.0,1.0,1.0,0.96,0.88,0.92,2.84074,2.77638,2.92727,0.0404481,2.63035,2.64628,2.70377,2.74975,3.1929,3.2075,3.24515,2.87613,2.80278,2.96593,0.0281274,2.76504,2.78954,2.80107,2.84255,3.17027,3.1858,3.21839,1.26481,1.77663,1.71411,0.0460175,1.29247,1.37737,1.43681,1.64362,1.95979,2.02882,2.10185,2.34615,2.28406,2.23921,0.0261487,1.92358,2.07311,2.13669,2.26539,2.35036,2.38955,2.43114,-9999,-9999
20130328,15.01,1.0,12.171,1.897,1.0,17.622,3.161,1.0,13.856,11.813,1.325,15.736,2.297,15.01,1.0,12.171,1.897,1.0,17.622,3.161,1.0,365.789,200.602,1.0,159.854,200.602,1.0,350.676,1.0,356.698,350.676,1.0,362.916,1.0,360.176,362.916,1.0,5.575,1.0,4.107,5.575,1.0,101.837,101.863,1.0,1.095,1.095,0.0,2.224,1.472,1.0,0.124729166667,1.0,119.305354167,1.0,390.288729167,1.0,29.1762083333,1.0,34.9928333333,1.0,395.911583333,1.0,408.33,1.0,16.422,1.0,52.638,1.0,8.3359,1.0,40.9268,1.0,52.202,47.5271,53.6337,2.36332,5.10655,46.0742,1.0,58.7675,53.5046,60.3792,2.50594,5.67891,15.0,1,23,25,23,25,0.117155,0.979167,0.15435,0.388856,0.0979164,1.0,0.153953,0.388699,0.200987,0.958333,0.0583148,-0.546803,-0.203676,0.0401195,0.0974284,0.421579,0.510145,0.687344,1.0,1.0,1.0,1.0,0.9375,0.895833,0.8125,2.45596,0.175639,1.0,0.143093,0.18243,-2.04272,2.34214,0.96,0.253426,0.618344,2.45764,0.176538,1.0,0.141706,0.181345,-2.07986,2.2632,1.0,0.253259,0.618276,2.32693,2.35407,2.42675,2.44851,2.57217,2.58039,2.60624,1.0,1.0,1.0,1.0,1.0,1.0,1.0,-3.15247,-2.54259,-2.16207,-2.05489,-1.58869,-1.41454,-1.0953,1.0,1.0,1.0,1.0,0.88,0.8,0.64,3.1114,3.04101,3.22407,0.0445219,2.90243,2.92766,2.97154,3.01675,3.51451,3.54199,3.59208,3.00484,2.9431,3.02348,0.0335486,2.7221,2.86276,2.91702,2.96333,3.16138,3.17866,3.39336,1.39394,2.0169,1.93091,0.0541675,1.39394,1.66542,1.72472,1.87025,2.02288,2.25278,2.60374,2.19048,2.14603,1.93652,0.0474993,1.12695,1.71751,1.73601,2.05119,2.11573,2.17743,2.24004,-9999,-9999
20130329,16.327,1.0,12.678,3.365,1.0,19.684,4.77,1.0,16.079,12.728,3.485,19.163,4.895,16.327,1.0,12.678,3.365,1.0,19.684,4.77,1.0,368.425,250.308,1.0,265.001,250.308,1.0,338.331,1.0,339.386,338.331,1.0,343.951,1.0,339.997,343.951,1.0,7.916,1.0,7.79,7.916,1.0,101.825,101.873,1.0,0.0,0.0,0.0,1.987,2.255,1.0,0.179645833333,1.0,141.406333333,1.0,480.631270833,1.0,35.814125,1.0,44.6512291667,1.0,401.184916667,1.0,406.186,1.0,16.941,1.0,52.551,1.0,8.13483,1.0,59.0703,1.0,75.3438,70.9776,77.4102,2.73116,5.4952,45.0212,1.0,57.4244,54.0966,58.9993,2.32112,4.3123,15.0,1,23,25,23,25,0.115978,0.75,0.183641,0.348251,0.126755,0.75,0.18052,0.346616,0.143096,0.776042,0.0431124,-0.229686,-0.175201,-0.10362,0.115978,0.389516,0.416593,0.528158,0.9375,0.9375,0.895833,0.75,0.645833,0.625,0.645833,2.58858,0.432271,0.956522,0.144809,0.195275,-2.16692,2.85599,0.56,0.312565,0.539863,2.58061,0.426634,0.956522,0.142797,0.193788,-2.13964,2.86758,0.56,0.307076,0.536704,2.50002,2.5154,2.53395,2.57791,2.76447,2.77741,2.81669,0.956522,0.956522,0.956522,0.956522,0.956522,0.956522,0.913043,-2.73913,-2.63832,-2.51867,-2.16692,-1.82625,-1.75797,-1.61416,0.92,0.92,0.84,0.56,0.36,0.36,0.4,3.31958,3.244,3.47423,0.0515638,3.1148,3.13873,3.17019,3.23984,3.81146,3.87711,3.92648,3.14444,3.11724,3.33088,0.0246404,3.11372,3.14444,3.24751,3.30424,3.40848,3.51534,3.59091,2.17141,2.62105,2.51756,0.0871076,1.67767,1.92749,2.18978,2.52266,2.78286,2.82037,3.78108,3.09994,3.04535,2.49919,0.122814,0.818999,1.45592,1.8956,2.84185,3.10062,3.12335,3.18954,-9999,-9999
20130330,15.654,1.0,14.008,0.693,1.0,17.168,1.951,1.0,15.635,13.506,1.357,17.594,2.784,15.654,1.0,14.008,0.693,1.0,17.168,1.951,1.0,371.044,157.187,1.0,206.294,157.187,1.0,359.833,1.0,359.128,359.833,1.0,374.855,1.0,363.008,374.855,1.0,5.727,1.0,5.318,5.727,1.0,101.782,101.71,1.0,0.503,0.503,0.0,2.605,4.237,1.0,0.364354166667,1.0,90.3305625,1.0,310.9003125,1.0,22.6166595745,0.979166666667,27.6169375,1.0,398.017083333,1.0,399.955,1.0,16.143,1.0,52.473,1.0,0.279104,1.0,48.5415,1.0,61.9145,58.9555,63.6126,2.54379,4.28821,23.1629,1.0,29.5442,28.1322,30.3544,2.03245,2.61621,15.0,1,23,25,23,25,0.751366,1.0,0.186585,0.206417,0.76581,1.0,0.185589,0.205517,0.858286,0.979687,0.0210774,0.73977,0.760406,0.76296,0.764078,0.931852,0.936973,1.0663,1.0,1.0,1.0,1.0,1.0,1.0,0.854167,2.8186,0.690895,1.0,0.154781,0.234207,-1.20293,2.6156,1.0,0.314482,0.315288,2.81095,0.692255,1.0,0.152515,0.232715,-1.16917,2.67586,1.0,0.3134,0.31421,2.73533,2.74046,2.74074,2.80774,3.08489,3.092,3.23259,1.0,1.0,1.0,1.0,1.0,1.0,1.0,-1.1997,-1.15462,-1.11845,-1.1096,-1.1096,-1.10955,-1.00111,1.0,1.0,1.0,1.0,1.0,1.0,0.72,3.19924,3.12984,3.33042,0.0456127,3.01593,3.03583,3.05752,3.1243,3.63137,3.66245,3.69407,2.43104,2.36403,2.47111,0.0306147,2.25552,2.26854,2.28878,2.35651,2.68848,2.70625,2.75366,2.56322,2.86875,2.74275,0.106455,1.52387,2.03533,2.27098,2.82635,3.13466,3.21026,4.19916,2.57311,2.48813,2.3303,0.0685804,1.37549,1.75932,2.00541,2.48157,2.58117,2.67135,2.92806,-9999,-9999
20130331,14.783,1.0,13.052,0.53,1.0,16.248,2.333,1.0,13.583,12.233,0.632,14.725,1.653,14.783,1.0,13.052,0.53,1.0,16.248,2.333,1.0,373.644,226.52,1.0,165.89,226.52,1.0,358.509,1.0,355.371,358.509,1.0,326.104,1.0,358.629,326.104,1.0,4.036,1.0,3.102,4.036,1.0,101.863,101.839,1.0,7.889,7.889,0.0,1.966,2.681,1.0,0.210270833333,1.0,147.012083333,1.0,439.809875,1.0,31.421125,1.0,40.6913333333,1.0,396.687625,1.0,401.35,1.0,17.148,1.0,52.681,1.0,9.16,1.0,68.8429,1.0,87.8087,83.6122,90.217,2.64656,5.56558,36.3494,1.0,46.3635,44.1477,47.6351,2.34898,3.49295,15.0,1,22,26,22,26,-0.929231,1.0,0.182185,0.682016,-0.943689,1.0,0.181455,0.681821,-0.471049,0.968229,0.0937888,-1.10292,-1.0984,-0.931908,-0.904175,0.048089,0.216066,0.381399,1.0,1.0,1.0,1.0,0.979167,0.916667,0.854167,2.67491,0.0712139,1.0,0.150731,0.228526,-3.91652,4.53233,1.0,0.297965,1.07122,2.64695,0.0697674,1.0,0.149437,0.227674,-3.91859,4.52926,1.0,0.29702,1.07096,2.57194,2.58081,2.58551,2.66418,2.90953,2.92435,3.06591,1.0,1.0,1.0,1.0,1.0,1.0,1.0,-4.1384,-4.13786,-3.91652,-3.81796,-2.3566,-2.07997,-1.9157,1.0,1.0,1.0,1.0,0.961538,0.846154,0.730769,3.07327,3.00534,3.18999,0.0425951,2.90539,2.92081,2.93456,2.99954,3.44858,3.4893,3.58762,3.85179,3.94903,3.66086,0.0524272,3.14451,3.23227,3.38073,3.85179,3.89466,4.01944,4.03015,2.76459,2.96022,2.88724,0.118326,1.35277,1.98664,2.72971,2.86851,3.15383,3.42838,4.30789,3.40298,3.31205,3.11188,0.0857229,1.8191,2.29618,3.02271,3.32971,3.43246,3.45267,3.63293,-9999,-9999
20130401,14.533,1.0,12.303,0.913,1.0,16.421,2.72,1.0,13.517,11.815,1.068,14.957,1.841,14.533,1.0,12.303,0.913,1.0,16.421,2.72,1.0,376.225,215.567,1.0,171.898,215.567,1.0,344.195,1.0,349.33,344.195,1.0,357.605,1.0,351.587,357.605,1.0,4.366,1.0,3.733,4.366,1.0,102.054,102.073,1.0,2.226,2.226,0.0,2.169,2.041,1.0,0.187395833333,1.0,128.141625,1.0,418.4970625,1.0,29.6566041667,1.0,37.35025,1.0,393.099875,1.0,393.204,1.0,16.743,1.0,52.9,1.0,3.98146,1.0,61.2307,1.0,76.8978,73.5735,80.2414,3.16193,5.86766,29.7682,1.0,37.385,35.7689,39.0105,2.29255,3.3212,15.0,1,22,26,22,26,-0.226194,0.958333,0.150074,0.450543,-0.235021,0.958333,0.148438,0.450001,-0.223847,0.951042,0.0605728,-0.686167,-0.680139,-0.617633,-0.341146,0.0796299,0.16949,0.352972,1.0,1.0,0.979167,0.958333,0.916667,0.916667,0.895833,2.56231,0.217731,1.0,0.147974,0.198682,-2.57052,2.83181,0.923077,0.235808,0.685386,2.54408,0.213365,1.0,0.146338,0.197466,-2.57079,2.83722,0.923077,0.233247,0.684509,2.46547,2.46738,2.47856,2.52582,2.72115,2.73254,2.86587,1.0,1.0,1.0,1.0,1.0,1.0,1.0,-3.31341,-3.29769,-3.19594,-2.72949,-2.1543,-2.01061,-1.79664,1.0,1.0,0.961538,0.923077,0.846154,0.846154,0.769231,3.03818,2.96284,3.15144,0.0432507,2.87166,2.88877,2.90282,2.95858,3.40056,3.43013,3.588,3.21769,3.19787,3.37722,0.0225314,3.17055,3.23503,3.26636,3.367,3.53028,3.55944,3.57465,2.89785,3.01973,2.87367,0.108477,1.29771,1.89397,2.77146,2.86864,3.11044,3.52129,3.90129,3.51588,3.48225,3.28268,0.0926475,1.91837,2.39486,3.36237,3.48486,3.58715,3.60956,3.83111,-9999,-9999
20130402,14.87,1.0,12.029,1.849,1.0,17.274,3.716,1.0,14.243,11.046,2.203,16.948,4.148,14.87,1.0,12.029,1.849,1.0,17.274,3.716,1.0,378.786,257.165,1.0,278.48,257.165,1.0,327.0,1.0,321.583,327.0,1.0,330.924,1.0,319.246,330.924,1.0,5.48,1.0,5.876,5.48,1.0,102.075,102.102,1.0,0.0,0.0,0.0,3.133,3.204,1.0,0.27625,1.0,139.279770833,1.0,490.185083333,1.0,35.7310208333,1.0,46.0038333333,1.0,397.2685625,1.0,390.308,1.0,16.709,1.0,52.717,1.0,3.54269,1.0,65.1817,1.0,81.8597,78.7764,85.4191,3.45162,6.01339,40.9731,1.0,51.4569,49.5188,53.6943,2.971,4.29043,15.0,1,22,26,22,26,-1.00497,0.979167,0.207224,0.555255,-1.01471,0.979167,0.206651,0.555042,-0.721711,0.954688,0.0725119,-1.1372,-1.1145,-1.1137,-1.06867,-0.441803,-0.0842255,0.0716831,1.0,1.0,1.0,1.0,0.916667,0.895833,0.854167,2.50028,0.412173,1.0,0.142293,0.197472,-3.90351,3.58576,0.961538,0.348444,0.911647,2.47798,0.40338,1.0,0.140689,0.196319,-3.90196,3.58871,0.961538,0.347834,0.911414,2.43496,2.46037,2.48441,2.52393,2.67091,2.73421,2.75948,1.0,1.0,1.0,1.0,1.0,1.0,1.0,-4.1049,-4.09167,-4.09167,-3.9618,-3.04035,-2.40681,-2.15653,1.0,1.0,1.0,1.0,0.846154,0.807692,0.730769,3.08952,2.99737,3.2102,0.0472743,2.91048,2.92301,2.94261,2.99654,3.48278,3.5111,3.69346,4.05087,4.01207,3.93177,0.0313601,3.52205,3.59419,3.91861,4.02744,4.03671,4.05385,4.0822,2.97838,3.05458,2.71477,0.0758592,1.38286,2.24273,2.62787,2.83964,2.9734,2.98212,3.02722,4.03692,3.96316,3.63445,0.0957795,2.1248,2.89289,3.12933,3.9152,4.03692,4.04852,4.11403,-9999,-9999
20130403,16.101,1.0,12.926,3.214,1.0,18.788,5.056,1.0,15.061,12.007,2.299,17.645,4.512,16.101,1.0,12.926,3.214,1.0,18.788,5.056,1.0,381.326,269.609,1.0,261.673,269.609,1.0,340.221,1.0,333.48,340.221,1.0,338.334,1.0,333.113,338.334,1.0,7.479,1.0,5.812,7.479,1.0,101.828,101.857,1.0,0.0,0.0,0.0,2.017,1.702,1.0,0.148395833333,1.0,158.867541667,1.0,516.707520833,1.0,37.5787916667,1.0,47.6537291667,1.0,402.054958333,1.0,402.874,1.0,17.442,1.0,52.6,1.0,7.64756,1.0,65.8521,1.0,83.994,79.9798,87.0501,3.39907,6.24688,43.2327,1.0,55.143,52.5077,57.1494,3.0951,4.6281,15.0,1,22,26,22,26,-0.3798,0.833333,0.149808,0.588324,-0.385348,0.833333,0.148514,0.587996,-0.459269,0.814583,0.0838628,-1.21335,-1.05069,-1.00064,-0.363359,0.0222684,0.0871699,0.164466,0.958333,0.9375,0.9375,0.854167,0.6875,0.6875,0.6875,2.48706,0.391829,1.0,0.152532,0.193473,-2.78011,2.86359,0.692308,0.233179,0.960681,2.48279,0.388411,1.0,0.150805,0.192115,-2.78637,2.86433,0.692308,0.231355,0.960239,2.4592,2.46113,2.46666,2.47796,2.69426,2.69917,2.73537,1.0,1.0,1.0,1.0,0.909091,0.909091,0.909091,-4.23945,-3.95712,-3.87254,-2.74089,-2.27308,-2.09321,-2.01309,0.923077,0.884615,0.884615,0.692308,0.461538,0.5,0.5,3.25676,3.13156,3.40758,0.0574555,3.0441,3.05403,3.08392,3.13701,3.76128,3.7817,3.96148,3.55046,3.51691,3.86692,0.0381268,3.4574,3.59231,3.75161,3.79895,4.08889,4.10565,4.22803,3.38439,3.40637,2.99045,0.0802838,1.92729,2.6502,2.91661,3.14013,3.242,3.33961,3.4393,4.1513,3.54,3.52747,0.106729,2.13945,2.53974,3.01203,3.57956,4.11789,4.1513,4.18478,-9999,-9999
20130404,14.308,1.0,13.332,1.11,1.0,15.133,2.736,1.0,12.958,12.488,1.049,13.355,1.581,14.308,1.0,13.332,1.11,1.0,15.133,2.736,1.0,383.844,140.695,1.0,74.49,140.695,1.0,362.079,1.0,368.348,362.079,1.0,370.467,1.0,373.755,370.467,1.0,3.546,1.0,2.032,3.546,1.0,101.874,101.883,1.0,6.259,6.259,0.0,3.054,4.04,1.0,0.337520833333,1.0,87.3739166667,1.0,281.507895833,1.0,19.9700851064,0.979166666667,25.2102916667,1.0,389.4914375,1.0,394.447,1.0,15.802,1.0,53.461,1.0,-1.06435,1.0,53.5863,1.0,68.5193,65.1946,70.836,2.34818,4.79608,12.1542,1.0,15.5413,14.7872,16.0667,2.23383,2.42687,15.0,1,22,26,22,26,-0.248818,1.0,0.185285,0.575057,-0.282401,1.0,0.184019,0.57465,0.0893854,0.983854,0.0795863,-0.353354,-0.350483,-0.349479,-0.289866,0.392393,0.738296,0.969169,1.0,1.0,1.0,1.0,1.0,0.979167,0.895833,2.53585,0.384968,1.0,0.153521,0.277109,-2.58838,4.54408,1.0,0.302953,0.828038,2.46786,0.38452,1.0,0.150513,0.275453,-2.59059,4.54146,1.0,0.301589,0.82754,2.34146,2.34441,2.34642,2.45832,2.78874,2.8058,2.97785,1.0,1.0,1.0,1.0,1.0,1.0,1.0,-2.62367,-2.61294,-2.60388,-2.56011,-1.66162,-1.07169,-0.819871,1.0,1.0,1.0,1.0,1.0,0.961538,0.807692,2.92347,2.83739,3.04084,0.0461749,2.76057,2.76633,2.78062,2.8354,3.28449,3.32813,3.53933,3.10383,3.11979,2.95122,0.0367806,2.51042,2.63076,2.88631,3.08763,3.11693,3.12527,3.13067,3.27861,3.30909,2.87815,0.0848398,1.66839,2.63503,2.85244,3.04535,3.12043,3.27861,3.32113,2.93721,3.00373,2.70096,0.0702279,1.87983,2.04475,2.60827,2.852,2.93985,2.97738,3.03353,-9999,-9999
20130405,14.932,1.0,13.143,0.714,1.0,16.446,1.793,1.0,13.813,12.579,0.866,14.856,1.571,14.932,1.0,13.143,0.714,1.0,16.446,1.793,1.0,386.342,241.494,1.0,173.379,241.494,1.0,345.815,1.0,359.368,345.815,1.0,349.225,1.0,363.288,349.225,1.0,5.239,1.0,3.696,5.239,1.0,102.151,102.151,1.0,0.856,0.856,0.0,2.381,3.845,1.0,0.327979166667,1.0,145.374770833,1.0,461.401916667,1.0,34.3498541667,1.0,43.69375,1.0,397.393041667,1.0,393.659,1.0,16.709,1.0,53.242,1.0,0.629333,1.0,78.4883,1.0,100.491,95.491,103.754,2.72191,6.70283,40.6891,1.0,52.0955,49.5035,53.7871,2.49095,4.03584,15.0,1,22,26,22,26,-0.548621,1.0,0.200345,0.306777,-0.548717,1.0,0.199571,0.306272,-0.415857,0.994792,0.0354662,-0.619272,-0.617783,-0.602663,-0.548621,-0.331723,-0.153138,0.034383,1.0,1.0,1.0,1.0,1.0,1.0,0.979167,2.78638,0.49843,1.0,0.149527,0.195505,-3.33372,3.27689,1.0,0.33321,0.453486,2.75038,0.51594,1.0,0.147066,0.19363,-3.30344,3.26449,1.0,0.332522,0.452981,2.67235,2.67548,2.67548,2.74748,2.90825,2.92739,2.97777,1.0,1.0,1.0,1.0,1.0,1.0,1.0,-3.36293,-3.36293,-3.36252,-3.26231,-3.05033,-2.74772,-2.48233,1.0,1.0,1.0,1.0,1.0,1.0,0.923077,2.94083,2.85516,3.05186,0.0448433,2.76978,2.78022,2.7982,2.85384,3.31434,3.35136,3.47346,3.47655,3.40388,3.46773,0.0204199,3.35075,3.37298,3.38704,3.4074,3.5306,3.65401,3.67682,3.33372,3.35867,2.93598,0.0977035,1.3641,2.70768,2.86645,3.13581,3.21468,3.2315,3.41435,4.05279,4.01662,3.66012,0.0947454,2.28259,3.04871,3.47931,4.00324,4.05303,4.05448,4.08026,-9999,-9999
20130406,14.705,1.0,12.937,0.808,1.0,16.201,2.209,1.0,13.2,11.13,1.45,14.952,2.362,14.705,1.0,12.937,0.808,1.0,16.201,2.209,1.0,388.817,149.762,1.0,172.216,149.762,1.0,357.642,1.0,347.242,357.642,1.0,368.155,1.0,349.153,368.155,1.0,4.846,1.0,3.969,4.846,1.0,102.177,102.185,1.0,0.402,0.402,0.0,2.577,3.586,1.0,0.303958333333,1.0,86.0888125,1.0,289.6920625,1.0,21.0738541667,1.0,26.9996458333,1.0,393.4186875,1.0,395.499,1.0,15.911,1.0,52.948,1.0,-0.698875,1.0,53.5077,1.0,68.6422,65.0989,70.732,2.24715,4.74203,17.827,1.0,22.8693,21.6888,23.5656,2.30505,2.69235,15.0,1,22,26,22,26,0.236448,1.0,0.143264,0.431578,0.230473,1.0,0.141413,0.430967,0.269314,0.988542,0.0617184,-0.169055,-0.140801,-0.0685702,0.0810109,0.592892,0.67341,0.876658,1.0,1.0,1.0,1.0,1.0,0.979167,0.9375,2.92306,0.677044,1.0,0.156467,0.216288,-2.05271,2.84943,1.0,0.217787,0.643874,2.90959,0.68262,1.0,0.155116,0.215312,-2.05194,2.84481,1.0,0.214628,0.642812,2.60588,2.66474,2.66503,2.83092,2.95736,2.9634,2.9775,1.0,1.0,1.0,1.0,1.0,1.0,1.0,-2.50573,-2.50552,-2.37702,-2.25127,-1.42398,-1.29367,-0.991109,1.0,1.0,1.0,1.0,1.0,0.961538,0.884615,2.84245,2.76875,2.93605,0.0394878,2.68542,2.6932,2.70996,2.76587,3.18056,3.22386,3.2646,2.51428,2.53828,2.66682,0.0286719,2.30972,2.49491,2.55891,2.7123,2.7836,2.83022,2.86226,2.87593,2.92968,2.50892,0.1078,0.554652,2.19224,2.51261,2.80036,2.86877,2.87677,3.00566,2.77589,2.64082,2.38693,0.0780364,1.24831,2.01292,2.20276,2.63265,2.76316,2.77246,2.78118,-9999,-9999
20130407,13.941,1.0,11.707,0.673,1.0,15.831,2.033,1.0,13.028,10.778,1.05,14.932,2.135,13.941,1.0,11.707,0.673,1.0,15.831,2.033,1.0,391.269,250.504,1.0,194.452,250.504,1.0,342.276,1.0,351.932,342.276,1.0,337.36,1.0,354.62,337.36,1.0,4.888,1.0,4.1,4.888,1.0,101.776,101.746,1.0,1.098,1.098,0.0,4.106,5.255,1.0,0.419208333333,1.0,152.5858125,1.0,472.392645833,1.0,34.9457708333,1.0,46.8142083333,1.0,392.653770833,1.0,392.191,1.0,15.834,1.0,52.864,1.0,-2.26344,1.0,80.1796,1.0,102.858,97.5487,105.99,2.78783,6.85022,46.5331,1.0,59.695,56.6135,61.5123,2.76243,4.56275,15.0,1,22,26,22,26,-0.38756,1.0,0.172534,0.273141,-0.426144,1.0,0.171671,0.272597,-0.424964,1.0,0.0297136,-0.627321,-0.625772,-0.620793,-0.437871,-0.298957,-0.202272,-0.142672,1.0,1.0,1.0,1.0,1.0,1.0,1.0,2.7787,0.341903,1.0,0.169166,0.240685,-3.0407,2.97186,1.0,0.271525,0.357544,2.6857,0.409889,1.0,0.167996,0.239864,-3.03065,2.96632,1.0,0.270311,0.356623,2.52611,2.52893,2.52936,2.67297,2.86373,2.87134,2.93165,1.0,1.0,1.0,1.0,1.0,1.0,1.0,-3.2535,-3.2535,-3.24456,-3.04004,-2.95355,-2.78827,-2.72167,1.0,1.0,1.0,1.0,1.0,1.0,1.0,2.72883,2.70218,2.81898,0.026631,2.6579,2.66098,2.66622,2.69461,2.98987,3.03259,3.05338,3.09792,3.12832,3.24454,0.0133019,3.09792,3.13666,3.18807,3.28367,3.28846,3.29998,3.34072,2.47682,2.55659,2.22015,0.081913,0.766463,1.96119,2.11721,2.46426,2.52048,2.54946,2.60852,3.1963,3.05541,2.81023,0.0732069,1.70996,2.42928,2.5789,3.0497,3.16086,3.19821,3.21397,-9999,-9999
20130408,13.283,1.0,11.171,2.605,1.0,15.07,3.625,1.0,13.171,11.377,3.389,14.689,3.999,13.283,1.0,11.171,2.605,1.0,15.07,3.625,1.0,393.697,302.337,1.0,294.69,302.337,1.0,304.364,1.0,307.388,304.364,1.0,287.626,1.0,302.701,287.626,1.0,9.206,1.0,8.822,9.206,1.0,101.332,101.325,1.0,0.261,0.261,0.0,7.438,7.775,1.0,0.585395833333,1.0,164.920416667,1.0,561.036416667,1.0,42.2027291667,1.0,57.3366666667,1.0,382.834770833,1.0,393.424,1.0,13.399,1.0,53.172,1.0,-7.79823,1.0,138.043,1.0,176.512,167.659,182.48,4.5932,11.9083,25.9548,1.0,33.1877,31.5231,34.3097,3.28364,3.87938,15.0,1,22,26,22,26,-0.089548,1.0,0.141642,0.213519,-0.0899938,1.0,0.140105,0.212503,0.0308447,0.998437,0.0263112,-0.0917281,-0.0914603,-0.0914603,-0.0907051,0.165981,0.228089,0.342885,1.0,1.0,1.0,1.0,1.0,1.0,0.979167,1.96534,0.475238,1.0,0.166115,0.28817,-1.82229,1.49526,1.0,0.209143,0.225603,1.9644,0.47409,1.0,0.165234,0.287663,-1.82229,1.49526,1.0,0.206348,0.223014,1.96076,1.96132,1.96132,1.96291,2.30264,2.43227,2.71611,1.0,1.0,1.0,1.0,1.0,1.0,1.0,-1.82229,-1.82229,-1.82229,-1.82229,-1.68841,-1.6531,-1.65229,1.0,1.0,1.0,1.0,0.961538,1.0,1.0,2.74664,2.72745,2.81904,0.0218675,2.6832,2.68868,2.69266,2.71415,2.94859,3.00078,3.00764,2.83452,2.81744,2.7882,0.0152483,2.56044,2.70291,2.77449,2.78802,2.83452,2.87418,2.95178,2.23397,2.33639,2.15207,0.0327955,1.72233,1.90499,1.9762,2.21617,2.30198,2.33276,2.35709,2.89283,2.83087,2.69993,0.0328609,2.34822,2.43072,2.51322,2.82076,2.88036,2.90304,2.91397,-9999,-9999
20130409,16.216,1.0,13.305,3.022,1.0,18.479,4.308,1.0,16.514,14.556,3.001,18.037,3.955,16.216,1.0,13.305,3.022,1.0,18.479,4.308,1.0,396.101,307.152,1.0,300.927,307.152,1.0,311.291,1.0,308.885,311.291,1.0,290.874,1.0,304.446,290.874,1.0,12.881,1.0,13.671,12.881,1.0,101.887,101.852,1.0,0.0,0.0,0.0,6.098,7.206,1.0,0.514229166667,1.0,160.105833333,1.0,568.357020833,1.0,42.9788333333,1.0,58.2832708333,1.0,397.919375,1.0,390.137,1.0,14.348,1.0,52.951,1.0,0.145687,1.0,112.632,1.0,140.116,136.72,148.096,3.2411,9.03442,19.7233,1.0,24.5362,23.9415,25.9336,2.91827,3.27064,15.0,1,21,27,21,27,0.190137,1.0,0.165687,0.254465,0.190137,1.0,0.163733,0.253197,0.336391,0.997917,0.0278619,0.190137,0.190137,0.190137,0.190137,0.511427,0.576404,0.59345,1.0,1.0,1.0,1.0,1.0,1.0,0.979167,2.30613,0.487464,1.0,0.163504,0.340492,-1.46792,1.65082,1.0,0.253765,0.268946,2.30613,0.487464,1.0,0.161987,0.339766,-1.46792,1.65082,1.0,0.250611,0.265973,2.30613,2.30613,2.30613,2.30613,2.89158,2.90346,2.96541,1.0,1.0,1.0,1.0,1.0,1.0,1.0,-1.46792,-1.46792,-1.46792,-1.46792,-1.37286,-1.28976,-1.27078,1.0,1.0,1.0,1.0,1.0,0.962963,1.0,3.25806,3.20161,3.36533,0.0347281,3.13764,3.15301,3.16964,3.20071,3.57299,3.6187,3.695,3.04988,3.01147,3.02893,0.0189421,2.89304,2.95219,2.96287,2.99535,3.08784,3.1977,3.22376,2.6311,2.63567,2.64289,0.03681,2.16045,2.35471,2.52968,2.66029,2.78002,2.80512,2.8925,2.98111,2.84607,2.80879,0.0275691,2.487,2.62106,2.63139,2.85995,2.97929,2.99346,3.00033,-9999,-9999
20130410,19.324,1.0,15.344,2.717,1.0,22.42,5.141,1.0,18.983,15.753,2.758,21.494,5.141,19.324,1.0,15.344,2.717,1.0,22.42,5.141,1.0,398.481,296.926,1.0,294.776,296.926,1.0,342.604,1.0,332.222,342.604,1.0,329.566,1.0,331.647,329.566,1.0,13.103,1.0,13.731,13.103,1.0,102.046,101.919,1.0,0.0,0.0,0.0,3.915,4.224,1.0,0.352833333333,1.0,164.840458333,1.0,564.963020833,1.0,42.7940833333,1.0,54.9085416667,1.0,418.143083333,1.0,393.371,1.0,17.374,1.0,52.645,1.0,10.4057,1.0,100.718,1.0,125.296,122.259,132.431,3.1064,8.15578,16.1093,1.0,20.0402,19.5545,21.1816,2.84912,3.09391,15.0,1,21,27,21,27,0.0396715,0.979167,0.143941,0.332117,0.0342054,0.979167,0.142878,0.331658,0.0556054,0.970833,0.0370116,-0.260068,-0.258417,-0.100374,-0.000151539,0.209277,0.34019,0.458347,0.958333,0.958333,0.958333,0.979167,0.979167,1.0,0.979167,3.10511,0.868521,1.0,0.151018,0.279411,-2.34712,2.85966,0.962963,0.216821,0.391163,3.09106,0.872652,1.0,0.150571,0.279169,-2.34556,2.8574,0.962963,0.214938,0.390122,2.96341,2.96659,3.06326,3.08301,3.39408,3.43676,3.54169,1.0,1.0,1.0,1.0,1.0,1.0,1.0,-2.75041,-2.75006,-2.55449,-2.39887,-2.28132,-2.09891,-1.96943,0.925926,0.925926,0.925926,0.925926,0.962963,1.0,0.962963,3.84261,3.73745,3.99375,0.0528407,3.64589,3.66643,3.70713,3.75709,4.29994,4.41769,4.52021,3.84277,3.70325,3.93819,0.0385554,3.61922,3.72897,3.7932,3.85564,4.0369,4.30804,4.32434,3.23316,3.02193,3.30084,0.0453477,2.82468,2.96627,3.04503,3.32333,3.56917,3.58274,3.59648,3.29015,2.97415,3.05859,0.0316191,2.7856,2.83965,2.86916,3.02295,3.28545,3.30024,3.30517,-9999,-9999
20130411,16.946,1.0,13.837,1.198,1.0,19.364,3.882,1.0,17.397,14.572,1.388,19.594,3.89,16.946,1.0,13.837,1.198,1.0,19.364,3.882,1.0,400.837,294.622,1.0,280.79,294.622,1.0,327.136,1.0,332.507,327.136,1.0,316.013,1.0,331.979,316.013,1.0,10.032,1.0,10.219,10.032,1.0,101.401,101.397,1.0,0.0,0.0,0.0,4.026,5.333,1.0,0.4195625,1.0,157.885645833,1.0,552.300541667,1.0,42.9511458333,1.0,56.589,1.0,405.471208333,1.0,395.0,1.0,16.851,1.0,52.401,1.0,1.103,1.0,90.296,1.0,112.33,109.607,118.727,2.91963,7.36418,30.4321,1.0,37.8582,36.9406,40.0143,2.91764,3.70193,15.0,1,21,27,21,27,-0.0281478,1.0,0.157631,0.19458,-0.0534086,1.0,0.15523,0.192641,0.0389974,0.998958,0.0209746,-0.0880189,-0.0499556,-0.0483624,-0.0473241,0.0883967,0.178202,0.272675,1.0,1.0,1.0,1.0,1.0,1.0,0.979167,3.0135,0.554374,1.0,0.15656,0.237048,-2.39205,2.37283,1.0,0.241034,0.253788,2.95653,0.577551,1.0,0.156625,0.237092,-2.39102,2.37187,1.0,0.23639,0.249382,2.88829,2.90641,2.90753,2.90982,3.16242,3.2624,3.35935,1.0,1.0,1.0,1.0,1.0,1.0,1.0,-2.39724,-2.39102,-2.36688,-2.34426,-2.30823,-2.23213,-2.1253,1.0,1.0,1.0,1.0,1.0,1.0,1.0,3.63228,3.54446,3.72674,0.0402591,3.43661,3.47433,3.49439,3.54378,3.98228,4.01771,4.08943,3.64443,3.59787,3.68823,0.0307696,3.48346,3.52189,3.5377,3.60397,3.81917,3.96882,4.00379,3.1657,2.92384,3.25502,0.0405715,2.90115,2.9829,2.9987,3.16492,3.51295,3.55421,3.56909,3.51947,3.13918,3.26979,0.0343797,2.92185,3.06622,3.11282,3.20102,3.52013,3.52523,3.53393,-9999,-9999
20130412,17.052,1.0,12.942,1.619,1.0,20.248,4.555,1.0,16.467,12.793,1.927,19.325,5.313,17.052,1.0,12.942,1.619,1.0,20.248,4.555,1.0,403.167,299.333,1.0,300.591,299.333,1.0,325.822,1.0,321.25,325.822,1.0,325.077,1.0,318.858,325.077,1.0,10.237,1.0,10.115,10.237,1.0,101.117,101.141,1.0,0.0,0.0,0.0,2.744,3.868,1.0,0.321916666667,1.0,158.314833333,1.0,561.343104167,1.0,43.8149375,1.0,57.41625,1.0,407.685395833,1.0,397.611,1.0,17.173,1.0,52.299,1.0,3.90898,1.0,91.1835,1.0,113.434,110.685,119.894,3.07136,7.48619,26.247,1.0,32.6518,31.8603,34.5114,3.11168,3.68028,15.0,1,21,27,21,27,-0.475802,1.0,0.159019,0.413452,-0.477066,1.0,0.156219,0.412383,-0.254036,0.999479,0.0544612,-0.542535,-0.513677,-0.51107,-0.502363,-0.0294312,0.24962,0.391063,1.0,1.0,1.0,1.0,1.0,1.0,1.0,2.88329,0.456216,1.0,0.154807,0.257474,-3.05768,3.00786,1.0,0.244371,0.550962,2.86758,0.452271,1.0,0.152475,0.256078,-3.04762,3.01152,1.0,0.239917,0.549001,2.74696,2.81052,2.81626,2.83564,3.11192,3.22199,3.3197,1.0,1.0,1.0,1.0,1.0,1.0,1.0,-3.06597,-3.06597,-3.06597,-3.06597,-2.4708,-2.07836,-1.91204,1.0,1.0,1.0,1.0,1.0,1.0,1.0,3.8278,3.70968,3.91671,0.0472535,3.56227,3.61957,3.64094,3.69859,4.21302,4.24913,4.33251,4.28852,4.18674,4.17083,0.0359451,3.72238,3.91772,4.1048,4.18568,4.24628,4.39795,4.56371,3.30748,3.16034,3.42571,0.046601,2.68185,3.16169,3.26171,3.41852,3.69022,3.71006,3.72784,3.65256,3.33294,3.42714,0.0417874,2.78249,3.23119,3.33134,3.43724,3.65256,3.65481,3.66793,-9999,-9999
20130413,15.856,1.0,13.171,1.147,1.0,17.945,3.282,1.0,16.024,13.042,2.07,18.344,4.143,15.856,1.0,13.171,1.147,1.0,17.945,3.282,1.0,405.471,276.879,1.0,294.097,276.879,1.0,328.852,1.0,324.177,328.852,1.0,326.027,1.0,322.27,326.027,1.0,9.029,1.0,9.874,9.029,1.0,101.156,101.086,1.0,0.0,0.0,0.0,3.321,5.363,1.0,0.4501875,1.0,150.358666667,1.0,528.5976875,1.0,41.7500625,1.0,53.0473125,1.0,400.853666667,1.0,393.949,1.0,16.366,1.0,52.195,1.0,-2.51896,1.0,91.2612,1.0,117.074,110.779,119.997,3.03756,7.4777,27.9093,1.0,35.8034,33.8781,36.6971,3.06423,3.70892,14.0,1,21,27,21,27,-0.102762,1.0,0.162752,0.166013,-0.104662,1.0,0.162172,0.165444,-0.0753287,1.0,0.0172657,-0.12584,-0.12584,-0.12584,-0.12584,-0.0931035,-0.0603533,0.134101,1.0,1.0,1.0,1.0,1.0,1.0,1.0,3.38272,0.611364,1.0,0.182227,0.196896,-2.80705,3.23366,1.0,0.240107,0.240759,3.37854,0.614834,1.0,0.180816,0.19559,-2.80705,3.23366,1.0,0.2396,0.240254,3.33189,3.33189,3.33189,3.33189,3.44759,3.48103,3.52594,1.0,1.0,1.0,1.0,1.0,1.0,1.0,-2.84289,-2.84248,-2.80705,-2.80705,-2.80705,-2.80705,-2.51266,1.0,1.0,1.0,1.0,1.0,1.0,1.0,3.78161,3.66385,3.83906,0.0439586,3.49509,3.56714,3.58712,3.63367,4.12326,4.16147,4.17394,3.88326,3.76852,3.91441,0.038409,3.62093,3.69298,3.71296,3.75103,4.18997,4.21127,4.26808,3.17512,3.07794,3.21533,0.0501428,2.34706,3.02848,3.07567,3.21512,3.46605,3.48412,3.49315,3.41858,3.16822,3.27399,0.0309078,2.71529,3.16584,3.21686,3.27173,3.41963,3.4293,3.43287,-9999,-9999
20130414,14.034,1.0,10.88,1.124,1.0,16.487,3.545,1.0,14.929,11.913,1.21,17.276,3.794,14.034,1.0,10.88,1.124,1.0,16.487,3.545,1.0,407.748,308.225,1.0,307.494,308.225,1.0,312.873,1.0,309.769,312.873,1.0,301.808,1.0,305.476,301.808,1.0,8.189,1.0,11.171,8.189,1.0,101.15,101.15,1.0,0.0,0.0,0.0,5.357,6.854,1.0,0.571958333333,1.0,166.1643125,1.0,583.767854167,1.0,46.0784375,1.0,59.6619166667,1.0,393.883145833,1.0,392.694,1.0,15.261,1.0,52.157,1.0,-4.18231,1.0,95.1276,1.0,122.034,115.472,125.08,4.10774,8.22209,41.8046,1.0,53.629,50.7453,54.9677,3.08568,4.39528,13.0,1,21,27,21,27,0.337651,1.0,0.139898,0.144959,0.337285,1.0,0.140873,0.145901,0.373573,1.0,0.0117542,0.335509,0.336146,0.336338,0.337173,0.367615,0.412089,0.4776,1.0,1.0,1.0,1.0,1.0,1.0,1.0,3.59941,0.984183,1.0,0.176571,0.177111,-2.22109,2.88692,1.0,0.196416,0.203413,3.5986,0.985028,1.0,0.181627,0.182152,-2.22109,2.88692,1.0,0.195671,0.202694,3.59469,3.59609,3.59651,3.59798,3.61841,3.62372,3.63526,1.0,1.0,1.0,1.0,1.0,1.0,1.0,-2.22109,-2.22109,-2.22109,-2.22109,-2.18454,-2.11531,-2.00948,1.0,1.0,1.0,1.0,1.0,1.0,1.0,3.60455,3.48766,3.69665,0.0525105,3.30847,3.38836,3.40567,3.45378,4.05885,4.06762,4.1759,3.2478,3.15037,3.32308,0.0458102,2.97296,3.05222,3.06933,3.1166,3.58975,3.69124,3.70197,2.87833,2.79856,2.77929,0.0371648,2.14248,2.5442,2.57023,2.87217,2.97668,2.98614,2.99094,3.25455,3.12356,3.13177,0.0251213,2.64987,3.01119,3.03529,3.18929,3.25377,3.25719,3.26164,-9999,-9999
20130415,11.259,1.0,9.145,0.755,1.0,12.903,2.253,1.0,11.761,9.482,1.674,13.534,2.704,11.259,1.0,9.145,0.755,1.0,12.903,2.253,1.0,409.999,312.924,1.0,301.945,312.924,1.0,300.997,1.0,305.622,300.997,1.0,288.461,1.0,300.642,288.461,1.0,5.474,1.0,7.481,5.474,1.0,101.199,101.215,1.0,0.0,0.0,0.0,4.841,6.395,1.0,0.5221875,1.0,172.316791667,1.0,600.294208333,1.0,48.0000625,1.0,61.7805,1.0,378.385958333,1.0,388.165,1.0,13.684,1.0,52.125,1.0,-6.89913,1.0,80.5362,1.0,104.588,97.7602,106.134,3.9679,7.36704,67.1043,1.0,87.1445,81.4557,88.4326,3.14249,6.0518,12.0,1,21,27,21,27,0.129318,1.0,0.137979,0.160768,0.128728,1.0,0.140985,0.163355,0.14136,0.995833,0.0104012,0.0633343,0.0637223,0.0874485,0.118563,0.176123,0.228747,0.246684,1.0,1.0,1.0,1.0,1.0,0.979167,0.979167,2.79168,0.503963,1.0,0.158851,0.211597,-1.94976,2.48119,1.0,0.201519,0.20309,2.79038,0.504358,1.0,0.173062,0.222463,-1.94976,2.48119,1.0,0.200543,0.202121,2.64634,2.6472,2.69946,2.76799,2.89477,2.92676,2.98537,1.0,1.0,1.0,1.0,1.0,1.0,1.0,-1.94976,-1.94976,-1.94976,-1.94976,-1.94976,-1.89935,-1.88638,1.0,1.0,1.0,1.0,1.0,0.962963,0.962963,3.21926,3.10087,3.30703,0.0560762,2.90255,2.99735,3.01198,3.07422,3.63763,3.73408,3.88758,3.06701,2.97214,3.16567,0.0460513,2.83922,2.92326,2.92494,2.95566,3.46151,3.50534,3.63274,2.2652,2.24399,2.14701,0.0179538,1.90896,1.99819,2.09067,2.20287,2.21195,2.21919,2.2652,2.84491,2.84252,2.79053,0.0158246,2.45453,2.71046,2.72761,2.84308,2.84886,2.84967,2.86697,-9999,-9999
20130416,12.87,1.0,9.251,2.259,1.0,15.686,2.891,1.0,13.224,10.446,1.78,15.385,3.509,12.87,1.0,9.251,2.259,1.0,15.686,2.891,1.0,412.223,319.784,1.0,309.4,319.784,1.0,293.088,1.0,297.348,293.088,1.0,274.805,1.0,290.998,274.805,1.0,10.414,1.0,11.138,10.414,1.0,101.783,101.842,1.0,0.0,0.0,0.0,5.653,6.537,1.0,0.470354166667,1.0,164.331041667,1.0,590.880958333,1.0,47.2055208333,1.0,64.3739166667,1.0,382.205625,1.0,387.085,1.0,13.313,1.0,52.119,1.0,-5.26648,1.0,96.8468,1.0,125.769,117.559,127.628,2.82291,7.98026,44.3418,1.0,57.5842,53.8251,58.4354,3.1083,4.61966,11.0,1,21,27,21,27,-0.243205,1.0,0.141443,0.226025,-0.279189,1.0,0.142372,0.226607,-0.194227,0.997396,0.0270897,-0.345862,-0.345862,-0.34543,-0.304597,-0.0677332,0.00673436,0.133984,1.0,1.0,1.0,1.0,1.0,1.0,0.979167,2.47621,0.421757,1.0,0.163994,0.3682,-2.34259,2.16133,1.0,0.206026,0.211016,2.39695,0.458952,1.0,0.174162,0.37284,-2.34259,2.16133,1.0,0.20283,0.207898,2.25009,2.25009,2.25104,2.34099,2.74539,2.90942,3.12845,1.0,1.0,1.0,1.0,1.0,1.0,1.0,-2.34259,-2.34259,-2.34259,-2.34259,-2.25134,-2.25134,-2.20254,1.0,1.0,1.0,1.0,1.0,1.0,0.962963,3.56241,3.3822,3.66227,0.0699233,3.12312,3.24409,3.2725,3.36928,4.10794,4.18856,4.24213,3.75595,3.66139,3.85651,0.0458224,3.46898,3.58996,3.61793,3.67108,4.15387,4.17535,4.25427,1.84042,1.89771,1.77677,0.0213261,1.62068,1.62815,1.63476,1.78975,1.88673,1.93165,1.98516,2.36037,2.50121,2.41707,0.0104224,2.28321,2.36249,2.36478,2.40001,2.47722,2.49337,2.49724,-9999,-9999
20130417,13.952,1.0,10.853,2.331,1.0,16.363,3.455,1.0,14.421,11.853,2.534,16.419,3.405,13.952,1.0,10.853,2.331,1.0,16.363,3.455,1.0,414.42,322.152,1.0,318.412,322.152,1.0,296.85,1.0,295.482,296.85,1.0,276.951,1.0,288.823,276.951,1.0,11.628,1.0,12.55,11.628,1.0,102.411,102.377,1.0,0.0,0.0,0.0,5.226,6.572,1.0,0.447333333333,1.0,167.027479167,1.0,594.3420625,1.0,47.505875,1.0,64.7461875,1.0,385.175229167,1.0,388.01,1.0,13.482,1.0,52.017,1.0,-2.33454,1.0,85.6969,1.0,112.034,106.609,112.935,2.65763,5.3901,43.8509,1.0,57.3277,54.5515,57.7885,3.25399,4.04305,10.0,1,21,27,21,27,0.197487,1.0,0.132732,0.178916,0.187738,1.0,0.133485,0.179476,0.253313,0.9875,0.0210428,0.0913231,0.159555,0.160366,0.180915,0.326835,0.3995,0.497113,1.0,1.0,1.0,1.0,1.0,0.9375,0.9375,2.62724,0.489719,1.0,0.146729,0.261945,-1.70508,1.77918,1.0,0.196677,0.200481,2.60577,0.461301,1.0,0.145728,0.261385,-1.70508,1.77918,1.0,0.198615,0.202383,2.3934,2.54369,2.54547,2.59074,2.838,2.97767,3.18725,1.0,1.0,1.0,1.0,1.0,1.0,1.0,-1.70508,-1.70508,-1.70508,-1.70508,-1.64741,-1.62734,-1.62422,1.0,1.0,1.0,1.0,1.0,0.888889,0.962963,3.76016,3.5639,3.87765,0.0759261,3.29633,3.41591,3.45039,3.55446,4.36493,4.4672,4.49087,3.55054,3.37616,3.62436,0.058435,3.20501,3.25635,3.28981,3.37354,4.00418,4.03882,4.13956,1.56868,1.66087,1.51023,0.0399571,1.24821,1.25404,1.26776,1.5207,1.59674,1.80386,2.02097,2.0488,2.25986,2.15779,0.0204474,2.04029,2.04331,2.05519,2.08601,2.20514,2.32029,2.41475,-9999,-9999
20130418,16.159,1.0,12.39,2.906,1.0,19.09,4.709,1.0,15.545,12.209,2.493,18.14,4.988,16.159,1.0,12.39,2.906,1.0,19.09,4.709,1.0,416.588,313.537,1.0,313.721,313.537,1.0,316.688,1.0,310.354,316.688,1.0,300.805,1.0,306.158,300.805,1.0,12.917,1.0,12.706,12.917,1.0,102.476,102.425,1.0,0.0,0.0,0.0,2.838,3.389,1.0,0.234854166667,1.0,171.3895625,1.0,587.532375,1.0,47.1178125,1.0,62.1588541667,1.0,394.899875,1.0,392.481,1.0,14.664,1.0,51.854,1.0,6.36198,1.0,77.0631,0.958333,100.077,95.8681,101.328,2.84317,4.94616,44.2732,0.958333,57.495,55.0768,58.2135,3.03716,3.82505,9.0,1,21,27,21,27,0.192222,0.9375,0.151104,0.231669,0.18244,0.9375,0.151829,0.232143,0.222996,0.907813,0.0250064,-0.00103361,0.0804802,0.117425,0.139005,0.305848,0.431697,0.476166,0.9375,0.958333,0.9375,0.9375,0.916667,0.8125,0.8125,3.02405,0.6187,1.0,0.152411,0.31579,-2.02273,2.21682,0.888889,0.230127,0.240025,3.0009,0.606747,1.0,0.150786,0.315009,-2.02149,2.21971,0.888889,0.232166,0.241981,2.66106,2.9174,2.92198,2.95155,3.38182,3.47055,3.55754,1.0,1.0,1.0,1.0,0.952381,0.952381,0.904762,-2.1386,-2.10634,-2.10094,-2.07092,-2.03781,-1.96991,-1.93947,0.925926,0.888889,0.888889,0.888889,0.888889,0.703704,0.703704,4.17755,3.93496,4.34426,0.0940254,3.64252,3.7639,3.81132,3.93395,4.96613,5.01162,5.1594,3.94983,3.75252,4.12132,0.0757801,3.64185,3.65617,3.69389,3.79494,4.58219,4.66305,4.85039,1.60365,1.69074,1.49232,0.0781109,1.11284,1.20968,1.23181,1.25215,1.53917,1.91929,2.56685,1.89075,2.09422,1.98955,0.0425456,1.70317,1.80412,1.83906,1.89365,2.03978,2.1874,2.59518,-9999,-9999
20130419,17.552,1.0,13.565,4.298,1.0,20.653,5.933,1.0,18.145,14.833,3.019,20.721,5.103,17.552,1.0,13.565,4.298,1.0,20.653,5.933,1.0,418.729,302.848,1.0,308.379,302.848,1.0,335.01,0.979167,330.928,335.244,0.979167,330.197,1.0,330.139,330.197,1.0,11.866,1.0,12.176,11.866,1.0,102.197,102.088,1.0,0.0,0.0,0.0,2.577,1.982,0.8125,0.161256410256,0.8125,246.629594595,0.770833333333,751.545405405,0.770833333333,57.6021081081,0.770833333333,71.7294594595,0.770833333333,412.001594595,0.770833333333,411.781,1.0,16.527,1.0,49.901,0.979167,10.533,1.0,92.4865,1.0,120.911,115.055,121.882,3.03971,5.90361,36.9676,1.0,48.3289,45.9885,48.7173,3.03575,3.64799,8.0,1,21,27,21,27,0.575681,0.8125,0.145379,0.320809,0.587786,0.8125,0.143878,0.320131,0.511681,0.828646,0.0416561,0.218783,0.229056,0.237973,0.335336,0.702091,0.801011,0.938423,0.916667,0.916667,0.916667,0.895833,0.791667,0.75,0.75,3.81758,1.14778,0.904762,0.166324,0.252358,-1.983,2.93114,0.740741,0.212824,0.408324,3.80379,1.14845,0.904762,0.16446,0.251133,-1.95154,2.93623,0.740741,0.210695,0.407219,3.65723,3.69163,3.71509,3.73807,4.06118,4.07121,4.38823,0.857143,0.904762,0.904762,0.904762,0.904762,0.904762,0.904762,-2.48943,-2.48793,-2.48499,-2.36793,-1.8248,-1.79098,-1.7582,0.925926,0.925926,0.925926,0.888889,0.62963,0.62963,0.62963,4.45741,4.18475,4.66107,0.107405,3.8801,3.99838,4.05561,4.19024,5.35228,5.40962,5.6293,3.75532,3.59696,4.15048,0.0715623,3.64824,3.74395,3.77063,3.85162,4.55135,4.72211,4.82989,1.88235,1.8239,1.88332,0.0987747,1.13837,1.24933,1.46411,1.76017,1.99653,2.11097,3.08148,2.24984,1.96833,2.05741,0.0570657,1.61879,1.69738,1.75878,1.95487,2.257,2.25963,2.73256,-9999,-9999
20130420,19.759,1.0,16.245,1.369,1.0,22.493,3.666,1.0,18.909,15.008,1.86,21.943,4.668,19.759,1.0,16.245,1.369,1.0,22.493,3.666,1.0,420.84,318.073,1.0,317.18,318.073,1.0,336.033,0.833333,325.678,333.686,0.833333,324.693,1.0,324.019,324.693,1.0,14.56,1.0,14.368,14.56,1.0,101.766,101.5,1.0,0.0,0.0,0.0,3.967,3.967,0.0,-9999,0.0,-9999,0.0,-9999,0.0,-9999,0.0,-9999,0.0,-9999,0.0,392.573,0.854167,18.089,0.791667,48.674,0.833333,10.0571,0.791667,103.974,0.833333,133.383,126.21,137.021,3.14914,8.61015,40.1987,0.833333,51.5689,48.7959,52.9755,2.97274,4.29375,7.0,1,21,27,21,27,1.26784,0.729167,0.146862,0.454958,1.30906,0.729167,0.147236,0.455079,1.28999,0.742188,0.0627246,0.819887,0.907071,0.953596,1.11053,1.58097,1.76827,1.98872,0.833333,0.833333,0.8125,0.791667,0.666667,0.666667,0.708333,4.57688,0.521481,0.952381,0.170041,0.589571,-1.3878,2.43593,0.555556,0.214032,0.428752,4.56911,0.530045,0.952381,0.168466,0.589118,-1.31113,2.43455,0.555556,0.215535,0.429504,4.13395,4.28538,4.37933,4.43933,5.10225,5.41442,5.65426,1.0,1.0,0.952381,1.0,0.952381,0.952381,0.952381,-1.89887,-1.87778,-1.7725,-1.63752,-1.22301,-1.13477,-0.990774,0.703704,0.703704,0.703704,0.666667,0.444444,0.444444,0.518519,4.86074,4.54998,5.10333,0.123645,4.22538,4.34274,4.41204,4.56267,5.90771,5.94272,6.24008,3.50122,3.24091,3.81332,0.0710679,3.29,3.40549,3.45214,3.54426,4.4033,4.45205,4.50955,2.5256,2.17499,2.80838,0.134451,1.68714,1.82131,2.11086,2.6485,3.58505,3.61864,3.71877,3.36908,2.05504,2.55514,0.0998973,1.88082,1.89971,1.96082,2.27208,3.3566,3.3691,3.37616,-9999,-9999
20130421,19.703,1.0,14.99,3.463,1.0,23.07,5.705,1.0,19.717,15.625,2.718,22.639,6.013,19.703,1.0,14.99,3.463,1.0,23.07,5.705,1.0,422.923,315.492,1.0,317.382,315.492,1.0,337.43,0.854167,330.59,333.944,0.854167,330.888,1.0,329.745,330.888,1.0,14.027,1.0,15.144,14.027,1.0,101.536,101.5,1.0,0.0,0.0,0.0,3.461,3.461,0.0,-9999,0.0,-9999,0.0,-9999,0.0,-9999,0.0,-9999,0.0,-9999,0.0,401.025,0.854167,16.675,0.791667,45.295,0.854167,7.70348,0.791667,92.0725,0.854167,120.369,111.764,121.337,3.10773,7.74699,45.1181,0.854167,58.9844,54.7674,59.4584,2.9092,4.53384,6.0,1,20,28,20,28,1.97174,0.729167,0.143344,0.18626,2.0118,0.729167,0.144312,0.187007,1.8674,0.701042,0.033606,1.07567,1.75195,1.80134,1.92503,1.97844,1.98982,2.05294,0.541667,0.75,0.75,0.625,0.729167,0.729167,0.729167,4.77489,1.50409,0.95,0.180775,0.663927,-0.153388,2.12007,0.571429,0.198496,0.46828,4.76732,1.50943,0.95,0.178101,0.663204,-0.0818035,2.09301,0.571429,0.20162,0.469613,3.8138,4.32051,4.43473,4.5277,5.23694,5.59819,5.68803,0.95,0.95,0.95,0.95,0.95,0.95,0.95,-0.956369,-0.818629,-0.731937,-0.195615,-0.000682247,0.0296298,0.0600456,0.571429,0.392857,0.607143,0.607143,0.607143,0.642857,0.571429,4.88174,4.57286,5.13384,0.125794,4.25848,4.36532,4.4377,4.5876,5.9474,6.00491,6.29302,3.0028,2.56106,3.2654,0.124098,2.50571,2.52794,2.5668,2.63636,4.0281,4.30661,4.36799,3.02739,2.37031,3.4007,0.155785,2.12268,2.21378,2.36347,3.65666,4.28786,4.31149,4.47644,3.7307,2.03703,2.76731,0.116099,1.9029,1.95502,2.0398,2.61907,3.65169,3.7273,3.7307,-9999,-9999
20130422,21.781,1.0,17.57,3.311,1.0,24.789,4.942,1.0,21.31,17.28,3.799,24.189,5.727,21.781,1.0,17.57,3.311,1.0,24.789,4.942,1.0,424.976,316.292,1.0,318.188,316.292,1.0,352.429,0.770833,335.036,347.181,0.770833,332.103,1.0,334.926,332.103,1.0,18.349,1.0,18.142,18.349,1.0,101.259,101.5,1.0,0.0,0.0,0.0,3.704,3.704,0.0,-9999,-9999,-9999,-9999,-9999,-9999,-9999,-9999,-9999,-9999,-9999,-9999,400.808,0.791667,16.282,0.833333,40.957,0.770833,5.92772,0.833333,91.6026,0.791667,119.755,111.193,120.717,3.06551,7.69691,46.4898,0.791667,60.7776,56.4324,61.2661,2.94356,4.63716,5.0,1,20,28,20,28,2.63916,0.75,0.127898,0.175859,2.63352,0.770833,0.128828,0.176536,2.49192,0.688542,0.0461692,1.34803,2.41461,2.44318,2.55557,2.61314,2.65601,2.71368,0.291667,0.8125,0.5625,0.770833,0.8125,0.729167,0.583333,4.22339,0.907556,1.0,0.159154,0.549707,1.3431,1.76164,0.571429,0.178094,0.455848,4.12518,0.917233,1.0,0.157143,0.549128,1.40394,1.80307,0.607143,0.180814,0.456917,3.4764,3.79072,4.00204,4.07374,4.77207,4.84305,4.85269,0.1,1.0,1.0,1.0,0.6,0.6,0.6,-0.25625,0.56537,0.590076,1.25734,1.3912,1.40461,1.407,0.428571,0.5,0.535714,0.678571,0.607143,0.678571,0.678571,5.28638,4.9359,5.58704,0.145325,4.5514,4.70657,4.79266,4.97747,6.45676,6.64007,6.94745,2.63037,2.30237,3.0955,0.147446,2.16404,2.22191,2.2588,2.41459,3.99024,4.11042,4.51386,3.81327,2.77981,4.11292,0.1699,2.6105,2.78471,3.05685,4.58117,4.69018,5.08409,5.45822,3.51714,2.0375,2.83075,0.103028,1.9443,1.95761,2.10754,2.99212,3.48495,3.51754,3.52787,-9999,-9999
20130423,20.43,1.0,17.285,1.979,1.0,22.677,3.887,1.0,20.335,16.785,1.938,22.87,4.333,20.43,1.0,17.285,1.979,1.0,22.677,3.887,1.0,427.001,330.625,1.0,331.677,330.625,1.0,340.523,0.9375,313.44,338.359,0.9375,308.981,1.0,309.755,308.981,1.0,18.018,1.0,19.342,18.018,1.0,101.239,101.5,1.0,0.0,0.0,0.0,3.666,3.666,0.0,-9999,0.0,-9999,0.0,-9999,0.0,-9999,0.0,-9999,0.0,-9999,0.0,397.635,0.9375,17.803,0.770833,43.272,0.9375,10.6691,0.770833,101.95,0.916667,132.606,-9999,-9999,3.18083,-9999,44.6415,0.916667,58.0651,-9999,-9999,3.00346,-9999,5.0,2,20,28,20,28,1.37789,0.895833,0.147495,0.284017,1.38661,0.895833,0.151952,0.286357,1.45651,0.754167,0.0359264,1.01176,1.2409,1.28374,1.35269,1.65619,1.72633,1.8063,0.395833,0.895833,0.895833,0.895833,0.625,0.604167,0.5625,3.87709,0.795956,1.0,0.154466,0.45522,-0.493124,2.23068,0.821429,0.217244,0.238033,3.86839,0.742304,1.0,0.152104,0.454424,-0.472506,2.21634,0.821429,0.22629,0.246317,3.14684,3.60213,3.70811,3.75986,4.41155,4.45856,4.66057,0.0,1.0,1.0,1.0,0.55,0.55,0.5,-0.53506,-0.527956,-0.523029,-0.451015,-0.345031,-0.333382,-0.284777,0.571429,0.821429,0.821429,0.821429,0.607143,0.642857,0.821429,5.02626,4.72316,5.28071,0.127422,4.36925,4.51237,4.59075,4.75508,6.11512,6.16053,6.42857,3.47184,3.33655,3.82595,0.0994463,3.17388,3.24007,3.30701,3.4072,4.52179,4.68176,4.70881,4.07559,2.79672,4.23374,0.179671,2.63459,2.91452,3.1681,4.32874,4.8217,5.01002,6.11612,3.42033,2.10336,2.98172,0.102596,2.01702,2.06515,2.2143,3.09169,3.43158,3.55673,3.77374,-9999,-9999
20130424,16.316,1.0,11.93,1.375,1.0,19.448,4.834,1.0,17.93,13.299,2.174,21.238,5.333,16.316,1.0,11.93,1.375,1.0,19.448,4.834,1.0,428.995,318.167,1.0,324.738,318.167,1.0,330.291,0.916667,323.792,328.787,0.916667,315.878,1.0,321.821,315.878,1.0,9.082,1.0,12.97,9.082,1.0,101.115,101.5,1.0,0.0,0.0,0.0,2.595,2.595,0.0,-9999,0.0,-9999,0.0,-9999,0.0,-9999,0.0,-9999,0.0,-9999,0.0,410.389,0.916667,15.428,0.791667,42.977,0.916667,7.86769,0.791667,75.5316,0.895833,98.2825,-9999,-9999,2.81678,-9999,56.0388,0.895833,72.9183,-9999,-9999,2.73272,-9999,4.0,2,20,28,20,28,1.65959,0.75,0.145078,0.460401,1.66725,0.75,0.150377,0.462098,1.43567,0.722917,0.0580939,0.88668,0.931948,1.08322,1.64034,1.79502,1.80584,1.83994,0.666667,0.666667,0.666667,0.770833,0.770833,0.791667,0.791667,3.39261,0.229807,1.0,0.150386,0.173685,0.3183,2.49542,0.571429,0.214243,0.771996,3.39261,0.229807,1.0,0.149433,0.17286,0.330943,2.49936,0.571429,0.224317,0.774852,3.31943,3.39314,3.45054,3.45938,3.56693,3.56693,3.62863,1.0,1.0,1.0,1.0,1.0,1.0,1.0,-1.08376,-0.96536,-0.758355,0.28611,0.499891,0.517984,0.574318,0.428571,0.5,0.428571,0.607143,0.607143,0.642857,0.642857,4.26983,4.06636,4.43167,0.0896935,3.77434,3.90112,3.95789,4.07726,5.07357,5.11276,5.15942,2.94764,2.39912,2.996,0.142273,2.1338,2.14674,2.1613,2.42094,3.90481,4.07334,4.22608,3.82589,2.48293,3.8281,0.175524,2.33154,2.58865,2.8016,3.63298,4.38204,4.72654,5.83158,3.08421,2.03467,2.95515,0.11016,1.94155,2.02832,2.15762,3.03468,3.26662,3.77119,3.91766,-9999,-9999
20130425,14.547,1.0,11.975,0.872,1.0,16.384,2.398,1.0,15.442,11.964,1.82,17.927,3.85,14.547,1.0,11.975,0.872,1.0,16.384,2.398,1.0,430.959,318.708,1.0,320.066,318.708,1.0,327.266,0.75,325.027,324.393,0.75,314.519,1.0,323.261,314.519,1.0,4.95,1.0,7.455,4.95,1.0,101.76,101.5,1.0,0.0,0.0,0.0,3.06,3.06,0.0,-9999,0.0,-9999,0.0,-9999,0.0,-9999,0.0,-9999,0.0,-9999,0.0,411.253,0.75,15.181,0.666667,41.71,0.75,3.66413,0.666667,68.1449,0.8125,88.5318,-9999,-9999,2.77572,-9999,60.872,0.8125,79.0831,-9999,-9999,2.65075,-9999,3.0,2,20,28,20,28,1.89578,0.583333,0.139238,0.524241,1.98222,0.604167,0.145845,0.526035,1.83847,0.647917,0.0691793,1.06095,1.2287,1.32521,1.89578,2.19608,2.23952,2.29203,0.604167,0.6875,0.583333,0.583333,0.708333,0.708333,0.6875,3.55774,0.230637,1.0,0.150412,0.156368,0.590525,2.05936,0.285714,0.203384,0.880226,3.55774,0.230637,1.0,0.149566,0.155555,0.733319,1.99807,0.321429,0.215951,0.883214,3.54802,3.5545,3.56905,3.57538,3.63999,3.63999,3.63999,1.0,1.0,1.0,1.0,1.0,1.0,1.0,-0.78165,-0.567044,-0.410785,0.590525,1.074,1.14577,1.21467,0.321429,0.464286,0.285714,0.285714,0.5,0.5,0.464286,3.9341,3.78199,4.04729,0.0719325,3.52183,3.63862,3.67897,3.79139,4.52177,4.55439,4.66993,2.04746,1.79977,2.20687,0.133134,1.4054,1.43944,1.48289,1.51387,2.88103,3.26961,3.55537,3.86128,2.39371,3.74452,0.185638,2.24474,2.50187,2.70949,3.31131,4.29277,4.79827,5.95923,2.86525,2.03386,3.01926,0.129207,1.93356,2.06764,2.18152,2.87226,3.55541,4.1144,4.25799,-9999,-9999
20130426,15.729,1.0,12.043,1.842,1.0,18.363,4.7,1.0,16.139,12.004,3.06,19.092,4.867,15.729,1.0,12.043,1.842,1.0,18.363,4.7,1.0,432.893,305.702,1.0,319.96,305.702,1.0,333.225,0.875,328.071,332.149,0.875,328.856,1.0,326.808,328.856,1.0,7.099,1.0,8.749,7.099,1.0,102.206,101.767,1.0,0.0,0.0,0.0,2.923,3.863,0.416667,-9999,0.0,-9999,0.0,-9999,0.0,-9999,0.0,-9999,0.0,-9999,0.0,411.235,0.875,15.611,0.125,39.523,0.875,-0.00412138,0.125,71.295,0.833333,93.2062,-9999,-9999,2.77184,-9999,56.6269,0.833333,74.0302,-9999,-9999,2.66845,-9999,2.0,2,20,28,20,26,2.81407,0.666667,0.160886,0.846837,2.8892,0.6875,0.162497,0.847145,2.79827,0.715625,0.110523,1.74146,1.8475,2.12357,2.81407,3.50932,3.51033,3.51033,0.770833,0.604167,0.604167,0.666667,0.791667,0.791667,0.791667,3.88989,0.988752,1.0,0.156176,0.159269,1.87026,4.38557,0.428571,0.24659,1.39187,3.88989,0.988752,1.0,0.153088,0.156242,1.99436,4.34818,0.464286,0.25077,1.39262,3.85507,3.88073,3.88073,3.8852,3.94321,3.94321,3.94321,1.0,1.0,1.0,1.0,1.0,1.0,1.0,0.197854,0.285612,0.691489,1.87026,3.02532,3.02532,3.02532,0.285714,0.357143,0.321429,0.428571,0.642857,0.642857,0.642857,4.17841,4.00319,4.32267,0.0837863,3.73956,3.84706,3.90305,4.02659,4.93058,4.94993,4.99989,1.38335,1.11399,1.52284,0.183512,0.288611,0.337739,0.392723,0.771321,2.83345,2.96315,3.12517,4.52575,2.7125,4.32232,0.229676,2.62883,3.04101,3.33784,3.80473,4.85805,5.49787,7.33159,2.54361,1.95442,2.96904,0.149507,1.85006,2.02005,2.09815,2.55289,3.68675,4.22094,4.37881,-9999,-9999
20130427,17.526,1.0,13.101,2.844,1.0,20.687,6.378,1.0,18.128,13.907,3.304,21.142,5.771,17.526,1.0,13.101,2.844,1.0,20.687,6.378,1.0,434.796,319.49,1.0,324.61,319.49,1.0,335.17,1.0,332.874,335.17,1.0,335.8,1.0,332.407,335.8,1.0,10.031,1.0,10.842,10.031,1.0,102.101,102.073,1.0,0.0,0.0,0.0,2.699,3.553,0.9375,0.2872,0.9375,184.688625,1.0,609.468104167,1.0,41.0572291667,1.0,41.1953541667,1.0,427.111,1.0,406.951,1.0,16.152,0.0,38.215,1.0,5.90895,0.0,67.2938,1.0,87.9753,-9999,-9999,2.79248,-9999,59.509,1.0,77.7981,-9999,-9999,2.69252,-9999,1.0,2,20,28,20,28,2.44153,0.833333,0.113808,0.919535,2.56978,0.854167,0.11334,0.919477,2.53713,0.860417,0.138536,1.37,1.60936,1.62285,2.47927,3.41963,3.43429,3.46914,0.666667,0.729167,0.708333,0.854167,1.0,1.0,1.0,3.91581,0.964199,1.0,0.14866,0.342475,1.23632,3.229,0.714286,0.155148,1.77464,3.90151,0.955332,1.0,0.147911,0.34215,1.45839,3.05937,0.75,0.154579,1.77459,3.56043,3.70227,3.75187,3.83609,4.27324,4.31933,4.43784,1.0,1.0,1.0,1.0,1.0,1.0,1.0,-0.556988,-0.528813,-0.393703,1.2392,3.00688,3.00688,3.04316,0.535714,0.5,0.535714,0.75,1.0,1.0,1.0,4.5413,4.32922,4.631,0.08604,4.05659,4.15355,4.22279,4.37438,5.15387,5.34993,5.38369,2.06203,1.75944,2.09193,0.209773,0.733912,0.757663,0.769094,1.28739,3.45955,3.67131,3.76228,4.67281,3.14232,4.79554,0.229721,3.07445,3.51354,3.75526,4.4688,5.59737,6.29066,7.73008,2.41851,2.02489,3.10263,0.169743,1.91005,2.12173,2.16255,2.43666,4.12561,4.53019,4.67409,-9999,-9999
20130428,20.812,1.0,16.178,3.985,1.0,24.122,6.533,1.0,20.479,16.702,2.972,23.177,6.159,20.812,1.0,16.178,3.985,1.0,24.122,6.533,1.0,436.667,315.294,1.0,322.924,315.294,1.0,356.171,1.0,342.498,356.171,1.0,356.544,1.0,343.624,356.544,1.0,14.423,1.0,13.292,14.423,1.0,101.507,101.501,1.0,0.0,0.0,0.0,2.613,2.359,1.0,0.1841875,1.0,187.900895833,1.0,603.819041667,1.0,39.9300208333,1.0,40.4447083333,1.0,441.561645833,1.0,415.299,1.0,16.622,0.0,38.125,1.0,6.66552,0.0,79.1506,-9999,-9999,-9999,-9999,3.01214,-9999,55.8979,-9999,-9999,-9999,-9999,2.66023,-9999,-9999,-9999,20,28,20,28,2.90103,0.916667,0.117022,0.148433,2.859,0.916667,0.118709,0.149766,2.79882,0.888542,0.0338708,1.98164,2.74201,2.80259,2.82996,2.90103,2.92464,2.95042,0.875,0.9375,0.9375,0.8125,0.916667,0.8125,0.8125,4.41464,0.42662,1.0,0.143066,0.410188,1.63908,1.37064,0.857143,0.164099,0.336057,4.29322,0.351557,1.0,0.142968,0.410154,1.65639,1.34613,0.857143,0.167417,0.337689,3.77572,3.94116,4.08126,4.27772,4.68685,4.71002,5.02808,1.0,1.0,1.0,1.0,1.0,1.0,0.95,0.576659,1.12806,1.33674,1.63908,1.7146,1.7146,1.7146,0.785714,0.75,0.678571,0.857143,0.892857,0.892857,0.892857,4.86854,4.73503,4.86223,0.0528046,4.48214,4.67578,4.71778,4.79292,4.94254,5.23349,5.27418,1.92386,1.87603,2.06475,0.0340917,1.84417,1.90854,1.93177,1.97278,2.24858,2.3355,2.45425,4.32549,3.83076,5.31104,0.201875,3.78683,4.25713,4.27932,4.85603,6.74579,7.07477,7.33822,2.16665,1.99447,3.08504,0.180528,1.87543,1.9682,2.16255,2.22511,4.37605,4.48254,4.71449,-9999,-9999
20130429,24.192,1.0,19.947,1.582,1.0,27.224,4.204,1.0,22.465,17.88,3.123,25.741,5.296,24.192,1.0,19.947,1.582,1.0,27.224,4.204,1.0,438.507,324.415,1.0,325.134,324.415,1.0,367.472,1.0,347.824,367.472,1.0,358.377,1.0,349.833,358.377,1.0,20.967,1.0,17.979,20.967,1.0,100.98,101.029,1.0,0.0,0.0,0.0,4.158,4.491,1.0,0.320875,1.0,193.7300625,1.0,612.744770833,1.0,41.0340625,1.0,42.1451458333,1.0,454.3610625,1.0,404.166,1.0,17.474,0.0,38.173,1.0,7.99843,0.0,95.1528,-9999,-9999,-9999,-9999,3.69328,-9999,35.9574,-9999,-9999,-9999,-9999,3.47992,-9999,-9999,-9999,20,28,20,28,2.47323,1.0,0.171187,0.335716,2.41848,1.0,0.178658,0.339587,2.64342,0.978125,0.0533627,1.97192,2.43172,2.43443,2.45045,2.96271,3.00931,3.14093,0.9375,1.0,1.0,1.0,0.9375,0.958333,0.979167,4.24544,0.580882,1.0,0.13672,0.176769,1.05323,2.07712,1.0,0.265397,0.477195,4.11879,0.644551,1.0,0.13564,0.175935,1.05326,2.07599,1.0,0.278781,0.484766,2.98728,4.09267,4.1037,4.14807,4.28527,4.31676,4.70142,1.0,1.0,1.0,1.0,0.95,0.95,0.95,1.05323,1.06137,1.09038,1.09038,1.81553,1.85453,1.89243,1.0,1.0,1.0,1.0,0.964286,0.928571,0.928571,4.90579,4.79438,4.88587,0.0482876,4.18626,4.52876,4.90579,4.98965,5.04159,5.05759,5.10064,2.15026,2.37589,2.24377,0.0657919,1.32052,1.75468,2.06066,2.43292,2.54702,2.57653,2.66242,4.39672,4.27583,5.53924,0.170561,4.229,4.49353,4.73906,5.00723,6.54109,6.91337,7.2452,2.07844,1.96826,2.92946,0.158388,1.82955,1.99242,2.06594,2.21395,3.92478,4.13476,4.38045,-9999,-9999
20130430,21.206,1.0,18.337,3.546,1.0,23.256,4.181,1.0,22.355,19.599,2.915,24.325,4.737,21.206,1.0,18.337,3.546,1.0,23.256,4.181,1.0,440.316,327.228,1.0,332.19,327.228,1.0,337.545,1.0,331.259,337.545,1.0,316.466,1.0,330.524,316.466,1.0,19.839,1.0,20.861,19.839,1.0,100.877,100.993,1.0,0.0,0.0,0.0,5.011,7.424,1.0,0.511895833333,1.0,189.081875,1.0,608.7494375,1.0,39.2417291667,1.0,42.4866875,1.0,431.270125,1.0,401.15,1.0,15.808,0.0,38.383,1.0,6.4675,0.0,119.33,-9999,-9999,-9999,-9999,3.97553,-9999,10.2665,-9999,-9999,-9999,-9999,4.32919,-9999,-9999,-9999,20,28,20,28,1.58996,0.979167,0.206126,0.294005,1.58772,0.979167,0.221478,0.304964,1.61603,0.989583,0.0291359,1.39278,1.43232,1.46541,1.50506,1.80722,1.85161,1.88027,0.916667,1.0,1.0,1.0,0.979167,1.0,1.0,3.91043,0.728672,1.0,0.215145,0.349946,-0.166608,2.5196,0.964286,0.303864,0.338231,3.90569,0.723965,1.0,0.212288,0.348197,-0.166928,2.51901,0.964286,0.332973,0.364606,3.64344,3.64344,3.7241,3.81025,4.12404,4.19544,4.25858,1.0,1.0,1.0,1.0,1.0,1.0,1.0,-0.427001,-0.236317,-0.236317,-0.209312,0.0397192,0.0607795,0.0642998,0.892857,1.0,1.0,1.0,0.964286,1.0,1.0,4.44149,4.3581,4.31073,0.0417031,3.56329,4.07641,4.34907,4.39642,4.43091,4.44232,4.48059,2.81659,2.77039,2.69475,0.0506773,2.09192,2.19614,2.58211,2.81659,2.93766,2.96035,2.97338,3.99229,3.44614,4.18357,0.0774255,3.31351,3.71817,4.01297,4.10356,4.35312,4.83555,5.09203,2.2213,1.95419,2.58641,0.0860526,1.84662,2.13066,2.16612,2.2213,3.02717,3.26744,3.46584,-9999,-9999
20130501,21.676,1.0,18.84,1.854,1.0,23.702,4.633,1.0,22.186,18.814,1.948,24.595,4.753,21.676,1.0,18.84,1.854,1.0,23.702,4.633,1.0,442.093,337.164,1.0,341.088,337.164,1.0,336.263,1.0,316.585,336.263,1.0,310.715,1.0,313.421,310.715,1.0,21.783,1.0,23.312,21.783,1.0,101.544,101.598,1.0,0.0,0.0,0.0,4.36,7.153,1.0,0.465541666667,1.0,188.895104167,1.0,628.855208333,1.0,41.5422291667,1.0,44.7890208333,1.0,437.685083333,1.0,397.142,1.0,17.07,0.0,38.41,1.0,10.1708,0.0,112.211,-9999,-9999,-9999,-9999,4.27164,-9999,16.7228,-9999,-9999,-9999,-9999,5.52385,-9999,-9999,-9999,20,28,20,28,0.962506,0.979167,0.205167,0.21443,1.03065,1.0,0.214111,0.223002,0.994182,0.997917,0.0147665,0.694867,0.936652,0.956103,1.01509,1.05811,1.06134,1.06266,0.979167,1.0,1.0,1.0,1.0,1.0,1.0,2.96043,0.715304,1.0,0.155204,0.218187,-0.524568,1.97044,0.964286,0.320286,0.322438,2.95254,0.705463,1.0,0.149636,0.214262,-0.406358,2.19075,1.0,0.337168,0.339213,2.46275,2.72397,2.76509,2.97355,3.02547,3.03068,3.04121,1.0,1.0,1.0,1.0,1.0,1.0,1.0,-0.611211,-0.459332,-0.425578,-0.416812,-0.406358,-0.384957,-0.292405,0.964286,1.0,1.0,1.0,1.0,1.0,1.0,4.63518,4.54601,4.50416,0.0390197,3.81477,4.27363,4.52414,4.58453,4.62429,4.63482,4.66303,3.65764,3.51536,3.51004,0.030112,3.1199,3.31752,3.4622,3.56378,3.64737,3.65425,3.66605,4.30237,3.57602,4.27753,0.0633466,3.42942,3.91467,4.12885,4.2454,4.37137,4.58926,4.92312,2.20802,1.90435,2.45158,0.0663755,2.01496,2.11403,2.12814,2.23313,2.71389,2.92963,3.17021,-9999,-9999
20130502,22.449,1.0,17.521,3.137,1.0,25.968,5.174,1.0,21.822,17.429,2.92,24.961,5.778,22.449,1.0,17.521,3.137,1.0,25.968,5.174,1.0,443.838,331.331,1.0,336.215,331.331,1.0,348.519,1.0,329.079,348.519,1.0,323.3,1.0,327.983,323.3,1.0,23.176,1.0,21.836,23.176,1.0,102.05,102.035,1.0,0.0,0.0,0.0,2.981,3.429,1.0,0.209333333333,1.0,186.335270833,1.0,620.499291667,1.0,40.2303333333,1.0,43.0994375,1.0,448.517479167,1.0,401.904,1.0,17.378,0.0,38.393,1.0,11.6441,0.0,113.904,-9999,-9999,-9999,-9999,4.56337,-9999,41.0759,-9999,-9999,-9999,-9999,5.13885,-9999,-9999,-9999,20,28,20,28,3.33527,1.0,0.185902,0.739403,3.53986,1.0,0.179738,0.737877,3.13247,0.996875,0.114193,1.74474,2.373,2.43029,3.33527,3.79164,3.8043,3.82479,1.0,1.0,0.979167,1.0,1.0,1.0,1.0,3.7342,0.376078,1.0,0.13694,0.260701,2.84247,1.47021,1.0,0.291111,1.08113,3.73866,0.376971,1.0,0.134194,0.259269,3.17726,1.11366,1.0,0.281023,1.07846,2.74161,3.35598,3.44772,3.64766,3.7342,3.79966,3.8062,1.0,1.0,1.0,1.0,1.0,1.0,1.0,0.923947,1.52298,1.5521,2.84247,3.60266,3.60538,3.60847,1.0,1.0,0.964286,1.0,1.0,1.0,1.0,4.90326,4.7974,4.78855,0.0346802,4.21662,4.55168,4.76757,4.87526,4.91617,4.93109,4.94729,1.81385,1.25754,1.65161,0.0995967,0.964925,1.02876,1.07479,1.19143,2.25662,2.28391,2.50453,4.85915,4.17202,5.14928,0.116343,4.28115,4.60753,4.65506,4.8825,5.4631,5.63731,6.92004,1.68746,1.64116,2.28858,0.11125,1.58004,1.59336,1.62069,2.00028,2.80288,2.93278,3.8014,-9999,-9999
20130503,22.688,1.0,18.933,3.267,1.0,25.37,6.535,1.0,22.424,18.42,2.17,25.283,5.381,22.688,1.0,18.933,3.267,1.0,25.37,6.535,1.0,445.551,328.979,1.0,340.092,328.979,1.0,354.193,1.0,331.876,354.193,1.0,340.85,1.0,331.243,340.85,1.0,21.496,1.0,20.184,21.496,1.0,101.379,101.354,1.0,0.0,0.0,0.0,2.093,3.056,1.0,0.199958333333,1.0,190.895645833,1.0,614.7101875,1.0,37.601875,1.0,39.7492291667,1.0,450.802625,1.0,428.373,1.0,16.754,0.0,38.375,1.0,6.00328,0.0,91.2074,-9999,-9999,-9999,-9999,4.41822,-9999,56.4363,-9999,-9999,-9999,-9999,5.20713,-9999,-9999,-9999,20,28,20,28,3.27491,1.0,0.181119,0.906414,3.41679,1.0,0.187214,0.907652,3.09837,0.998958,0.136439,1.61938,2.12315,2.31987,3.27491,3.89406,3.89942,3.95973,1.0,1.0,1.0,1.0,1.0,1.0,1.0,3.98126,0.749197,1.0,0.176807,0.534049,2.56628,1.94193,1.0,0.271242,1.13829,3.95397,0.761845,1.0,0.175108,0.533489,2.82015,1.70556,1.0,0.28285,1.14111,2.80663,3.25172,3.3244,3.99048,4.25497,4.25959,4.27236,1.0,1.0,1.0,1.0,1.0,1.0,1.0,0.683861,1.18471,1.45651,2.56628,3.39537,3.39571,3.49394,1.0,1.0,1.0,1.0,1.0,1.0,1.0,5.0712,4.96106,5.02314,0.0162772,4.89688,4.92619,4.95674,5.03646,5.09698,5.11978,5.13783,1.97354,1.54427,1.92396,0.13619,0.976204,1.04127,1.10852,1.27534,2.77373,2.81796,3.08938,5.24339,4.75206,5.74698,0.157941,4.81861,5.03978,5.05363,5.3417,6.17753,6.37805,7.50967,1.5574,1.49691,2.19002,0.129494,1.44284,1.47235,1.50634,1.83005,2.66236,2.98133,3.70477,-9999,-9999
20130504,22.05,1.0,16.145,2.045,1.0,26.268,4.399,1.0,21.929,17.207,2.599,25.302,5.181,22.05,1.0,16.145,2.045,1.0,26.268,4.399,1.0,447.232,328.455,1.0,338.455,328.455,1.0,347.75,1.0,333.73,347.75,1.0,338.028,1.0,333.405,338.028,1.0,20.145,1.0,18.938,20.145,1.0,100.333,100.405,1.0,0.0,0.0,0.0,3.093,5.457,1.0,0.359208333333,1.0,188.2868125,1.0,624.4080625,1.0,37.9345416667,1.0,40.5198333333,1.0,445.745479167,1.0,401.545,1.0,-9999,-9999,38.385,1.0,5.03116,0.0,80.4971,-9999,-9999,-9999,-9999,4.05637,-9999,72.2473,-9999,-9999,-9999,-9999,4.79469,-9999,-9999,-9999,20,28,20,28,3.63305,0.979167,0.157422,0.232477,3.64893,1.0,0.155135,0.230934,3.50455,0.991146,0.0436433,2.70844,3.29394,3.49452,3.62422,3.63305,3.63607,3.64599,0.979167,1.0,0.979167,0.979167,0.979167,1.0,0.979167,4.51843,0.587246,1.0,0.146046,0.154332,2.77422,1.25331,0.964286,0.238215,0.353532,4.51852,0.588863,1.0,0.145282,0.153608,2.80039,1.28233,1.0,0.234328,0.350924,3.78754,4.40659,4.41774,4.47848,4.49417,4.50636,4.51318,1.0,1.0,1.0,1.0,1.0,1.0,1.0,1.76886,2.27595,2.61478,2.78191,2.79195,2.7984,2.84011,0.964286,1.0,0.964286,0.964286,1.0,1.0,0.964286,5.08045,4.97769,5.22508,0.0386215,4.94662,4.97853,5.0058,5.07049,5.47641,5.51964,5.62191,1.43446,1.32876,1.7206,0.0670352,1.33395,1.3545,1.37702,1.43446,1.9805,2.1274,2.56734,5.37003,5.19541,5.96208,0.197717,4.9934,5.23582,5.24176,5.46239,6.22877,6.57158,7.07902,1.21271,1.34922,1.89913,0.155301,1.06972,1.12301,1.19438,1.47937,2.26586,2.82351,3.11886,-9999,-9999
20130505,16.391,1.0,14.212,1.577,1.0,17.947,2.966,1.0,17.618,15.659,1.217,19.018,2.543,16.391,1.0,14.212,1.577,1.0,17.947,2.966,1.0,448.879,227.658,1.0,247.066,227.658,1.0,352.058,1.0,363.784,352.058,1.0,366.636,1.0,368.435,366.636,1.0,8.179,1.0,8.832,8.179,1.0,100.564,100.648,1.0,0.89,0.89,0.0,4.912,4.051,1.0,0.296729166667,1.0,134.199333333,1.0,449.20075,1.0,27.3099791667,1.0,26.1402708333,1.0,418.2543125,1.0,391.415,1.0,-9999,-9999,38.435,1.0,-7.16712,0.0,43.0896,-9999,-9999,-9999,-9999,2.81538,-9999,53.0347,-9999,-9999,-9999,-9999,3.58467,-9999,-9999,-9999,20,28,20,28,4.30409,0.979167,0.114231,0.441262,4.36688,0.979167,0.112011,0.440693,4.09201,0.944792,0.0644408,3.28555,3.54969,3.74172,4.30895,4.39788,4.40213,4.41184,0.895833,0.895833,0.916667,0.979167,0.958333,0.958333,0.958333,4.33199,0.578636,1.0,0.128783,0.225976,4.01594,1.56653,0.964286,0.164767,0.864287,4.33285,0.578791,1.0,0.12784,0.225441,4.11904,1.55043,0.964286,0.160938,0.863565,4.1075,4.20605,4.23874,4.30981,4.50796,4.57743,4.63231,1.0,1.0,1.0,1.0,1.0,1.0,1.0,2.15802,2.5406,2.92811,4.01594,4.23747,4.23747,4.24988,0.821429,0.821429,0.857143,0.964286,0.928571,0.928571,0.928571,4.39197,4.35405,4.47823,0.0334534,4.27837,4.283,4.28535,4.36079,4.63804,4.7034,4.85604,0.0830143,-0.0128267,0.386118,0.0958741,-0.124432,-0.118033,-0.105272,-0.0377291,0.896318,1.17335,1.35056,4.38257,4.45956,4.73954,0.141193,4.16228,4.30881,4.35181,4.46041,4.89379,5.00302,5.47905,0.996026,0.952363,1.30442,0.117053,0.8493,0.922104,0.939569,0.996026,1.35264,1.67532,2.02252,-9999,-9999
20130506,17.331,1.0,14.863,0.719,1.0,19.094,2.963,1.0,16.048,14.594,1.355,17.087,1.844,17.331,1.0,14.863,0.719,1.0,19.094,2.963,1.0,450.494,245.132,1.0,179.638,245.132,1.0,367.161,1.0,361.143,367.161,1.0,370.615,1.0,365.356,370.615,1.0,8.442,1.0,5.498,8.442,1.0,101.222,101.247,1.0,3.868,3.868,0.0,2.171,3.347,1.0,0.238208333333,1.0,159.294291667,1.0,482.289354167,1.0,31.085826087,0.958333333333,29.880673913,0.958333333333,423.470729167,1.0,393.236,1.0,-9999,-9999,38.397,1.0,-7.89151,0.0,57.172,-9999,-9999,-9999,-9999,2.89513,-9999,64.7099,-9999,-9999,-9999,-9999,3.19954,-9999,-9999,-9999,20,28,20,28,4.56206,1.0,0.104383,0.550917,4.66046,1.0,0.105555,0.55114,4.29131,0.9875,0.0857873,3.42356,3.67198,3.93327,4.56859,4.75326,4.75385,4.77799,0.916667,0.979167,0.979167,1.0,1.0,1.0,1.0,4.38161,0.196141,1.0,0.136576,0.241236,4.40664,1.4433,1.0,0.14219,1.04899,4.37902,0.196394,1.0,0.136301,0.241081,4.57105,1.55921,1.0,0.144664,1.04933,4.26675,4.27188,4.28659,4.33263,4.56406,4.66958,4.69477,1.0,1.0,1.0,1.0,1.0,1.0,1.0,2.34826,2.71258,3.20287,4.40853,4.79038,4.7912,4.8454,0.857143,0.964286,0.964286,1.0,1.0,1.0,1.0,5.04184,4.97231,5.15565,0.0477104,4.83615,4.86029,4.86767,4.97141,5.44387,5.52092,5.53827,0.47325,0.311848,0.864444,0.130753,0.0581615,0.109284,0.121714,0.320189,1.58764,1.74822,2.05394,4.79226,5.13218,5.11042,0.14063,4.68729,4.79226,4.81201,4.83565,5.13191,5.18914,5.40132,0.722972,0.855932,1.05493,0.136972,0.63114,0.690241,0.697216,0.735579,0.975221,1.08456,2.1821,-9999,-9999
20130507,17.868,1.0,15.492,1.43,1.0,19.565,2.815,1.0,16.368,13.993,1.859,18.064,2.425,17.868,1.0,15.492,1.43,1.0,19.565,2.815,1.0,452.077,302.303,1.0,197.37,302.303,1.0,364.734,1.0,359.994,364.734,1.0,354.058,1.0,364.017,354.058,1.0,9.284,1.0,7.222,9.284,1.0,101.626,101.637,1.0,0.591,0.591,0.0,2.079,4.812,1.0,0.316291666667,1.0,201.326145833,1.0,595.051625,1.0,36.3408541667,1.0,34.6083541667,1.0,430.335916667,1.0,376.336,1.0,-9999,-9999,38.289,1.0,2.72642,0.0,67.6801,-9999,-9999,-9999,-9999,3.45728,-9999,81.1591,-9999,-9999,-9999,-9999,3.2729,-9999,-9999,-9999,20,28,20,28,3.84138,1.0,0.14097,0.3524,3.90545,0.979167,0.122431,0.345402,3.65636,0.961979,0.0565839,2.7126,3.24298,3.5665,3.84138,3.88893,3.88893,3.92287,0.9375,0.9375,0.979167,1.0,0.958333,0.958333,0.979167,4.45257,0.450698,1.0,0.134645,0.231064,3.16543,1.54487,1.0,0.212091,0.700549,4.42528,0.466226,1.0,0.135141,0.231353,3.29076,1.38257,0.964286,0.17773,0.690923,4.25171,4.25993,4.25993,4.39445,4.57419,4.63549,4.66588,1.0,1.0,1.0,1.0,1.0,1.0,1.0,1.34223,2.04623,2.60141,3.16543,3.38157,3.38157,3.39543,0.892857,0.892857,0.964286,1.0,0.928571,0.928571,0.964286,5.48702,5.40008,5.58433,0.0454718,5.26936,5.29805,5.31666,5.40035,5.86699,5.9407,6.00199,1.65066,1.49463,1.92763,0.0901523,1.38044,1.40912,1.42067,1.49053,2.3995,2.5309,2.7983,5.05472,5.39386,5.30994,0.142973,4.99829,5.00026,5.00353,5.04234,5.19871,5.29182,5.47235,0.766945,0.851162,1.04627,0.173962,0.593052,0.595371,0.618517,0.740197,0.814249,0.901819,2.64401,-9999,-9999
20130508,15.414,1.0,13.393,0.89,1.0,16.857,2.838,1.0,15.913,13.048,1.557,17.958,3.257,15.414,1.0,13.393,0.89,1.0,16.857,2.838,1.0,453.625,245.945,1.0,261.469,245.945,1.0,352.843,1.0,350.141,352.843,1.0,358.838,1.0,352.532,358.838,1.0,6.128,1.0,8.094,6.128,1.0,101.944,101.902,1.0,0.001,0.001,0.0,2.422,6.114,1.0,0.4003125,1.0,158.752479167,1.0,488.810895833,1.0,30.3726458333,1.0,28.4227708333,1.0,410.841333333,1.0,379.041,1.0,-9999,-9999,38.293,1.0,-6.66597,0.0,49.6097,-9999,-9999,-9999,-9999,2.74265,-9999,76.286,-9999,-9999,-9999,-9999,3.53557,-9999,-9999,-9999,20,28,20,28,3.94473,0.979167,0.115589,0.166597,3.9741,1.0,0.104357,0.15901,4.0183,0.963021,0.0330266,3.7979,3.94473,4.00075,4.00183,4.12171,4.18468,4.21595,0.916667,0.979167,0.958333,0.958333,1.0,1.0,1.0,4.35242,0.444113,1.0,0.128025,0.169009,3.4077,1.21869,0.964286,0.167628,0.251252,4.35206,0.444082,1.0,0.128237,0.16917,3.45646,1.14863,1.0,0.146046,0.237398,4.26013,4.26013,4.26013,4.35031,4.45309,4.4808,4.53236,1.0,1.0,1.0,1.0,1.0,1.0,1.0,3.0633,3.4077,3.56198,3.56793,3.62814,3.78202,3.83366,0.857143,0.964286,0.928571,0.928571,1.0,1.0,1.0,5.12867,5.08418,5.1722,0.019637,5.04341,5.05421,5.07184,5.09781,5.25093,5.34653,5.37075,1.18725,1.11008,1.15374,0.0305478,1.04159,1.05239,1.06059,1.08949,1.14621,1.24387,1.38782,4.90954,4.9405,4.92227,0.108002,4.40113,4.68005,4.69073,4.75667,4.85166,5.01733,5.14316,0.882549,0.787869,1.0098,0.13977,0.6236,0.624572,0.644862,0.746051,0.870443,0.925683,2.18822,-9999,-9999
20130509,15.862,0.208333,14.523,1.546,0.5,16.819,2.733,0.0,16.633,12.931,2.993,19.278,4.377,17.806,0.208333,15.746,1.181,0.5,19.278,4.377,0.0,455.141,245.329,0.229167,316.885,316.474,0.229167,349.132,0.208333,345.389,349.563,0.208333,357.935,0.208333,346.994,356.219,0.208333,6.917,0.208333,8.629,9.694,0.208333,102.017,102.017,0.0,0.0,0.0,0.0,2.95,2.95,0.0,-9999,0.0,-9999,0.0,-9999,0.0,-9999,0.0,-9999,0.0,-9999,0.0,382.016,0.208333,-9999,-9999,38.301,0.208333,8.11536,0.0,41.4911,-9999,-9999,-9999,-9999,2.90221,-9999,72.8034,-9999,-9999,-9999,-9999,3.69487,-9999,-9999,-9999,20,28,20,28,4.01107,0.208333,0.105613,0.257859,4.00785,0.208333,0.101838,0.256336,3.94051,0.208333,0.0414841,3.28478,3.67633,4.00369,4.0106,4.0212,4.14681,4.16203,0.208333,0.208333,0.208333,0.208333,0.208333,0.208333,0.208333,4.48871,0.077048,0.5,0.13439,0.152914,3.41993,0.921625,0.0,0.145687,0.438301,4.48126,0.0771425,0.5,0.134225,0.152769,3.41993,0.921625,0.0,0.138241,0.435882,4.37104,4.39038,4.4118,4.48775,4.50464,4.53629,4.55711,0.5,0.5,0.5,0.5,0.5,0.5,0.5,2.21407,2.8181,3.38933,3.46434,3.47906,3.64486,3.65794,0.0,0.0,0.0,0.0,0.0,0.0,0.0,5.78351,5.68503,5.87083,0.0394371,5.62598,5.66083,5.68411,5.74806,5.97788,6.27979,6.29289,1.7709,1.67718,1.93033,0.0467171,1.58237,1.65003,1.67627,1.73621,2.15286,2.27713,2.35473,5.26161,5.17292,5.35913,0.143659,4.90289,4.90542,4.94266,5.16435,5.33715,5.41783,5.55931,1.10414,0.729781,1.09988,0.182943,0.545624,0.551586,0.581723,0.757834,0.915126,1.08826,2.76517,-9999,-9999
20130510,15.353,0.0,13.3,0.795,0.0,16.819,2.733,0.0,18.649,14.469,2.985,21.635,5.214,18.649,0.0,14.469,2.985,0.0,21.635,5.214,0.0,456.623,245.329,0.0,328.777,328.777,0.0,351.734,0.0,346.176,346.176,0.0,356.957,0.0,347.912,347.912,0.0,6.07,0.0,10.901,10.901,0.0,102.058,102.058,0.0,0.0,0.0,0.0,3.016,3.016,0.0,-9999,0.0,-9999,0.0,-9999,0.0,-9999,0.0,-9999,0.0,-9999,0.0,377.647,0.0,-9999,-9999,38.291,0.0,10.7525,0.0,43.3112,0.0,51.9573,-9999,-9999,2.77537,-9999,77.774,0.0,93.2999,-9999,-9999,3.67232,-9999,1.0,3,20,28,20,28,3.8992,0.0,0.105627,0.281698,3.8992,0.0,0.101761,0.280272,3.83792,0.0,0.0433787,3.20835,3.56654,3.8992,3.90268,3.91691,4.08883,4.09688,0.0,0.0,0.0,0.0,0.0,0.0,0.0,4.31733,0.21218,0.0,0.134424,0.140352,3.35754,0.87272,0.0,0.1457,0.438305,4.31733,0.21218,0.0,0.133876,0.139827,3.35754,0.87272,0.0,0.138257,0.435887,4.18986,4.27324,4.27324,4.27324,4.35365,4.35396,4.39207,0.0,0.0,0.0,0.0,0.0,0.0,0.0,2.30732,2.8181,3.35754,3.39478,3.39478,3.64486,3.65794,0.0,0.0,0.0,0.0,0.0,0.0,0.0,6.00724,5.88283,6.12206,0.0509663,5.8088,5.85245,5.88169,5.96232,6.2562,6.65165,6.66904,2.10061,1.98363,2.28414,0.0516949,1.93036,1.95621,1.9841,2.06271,2.58885,2.6417,2.76805,5.31671,5.2311,5.48934,0.163997,4.94696,4.95584,4.99427,5.2397,5.50813,5.61984,5.65297,1.12679,0.563711,0.994287,0.194975,0.394079,0.399346,0.42902,0.607558,0.730775,1.11032,2.85824,-9999,-9999
20130511,15.353,0.0,13.3,0.795,0.0,16.819,2.733,0.0,20.68,16.107,3.499,23.947,5.541,20.68,0.0,16.107,3.499,0.0,23.947,5.541,0.0,458.071,245.329,0.0,326.779,326.779,0.0,351.734,0.0,353.969,353.969,0.0,357.698,0.0,356.995,356.995,0.0,6.07,0.0,13.287,13.287,0.0,101.909,101.909,0.0,0.0,0.0,0.0,2.471,2.471,0.0,-9999,0.0,-9999,0.0,-9999,0.0,-9999,0.0,-9999,0.0,-9999,0.0,377.647,0.0,-9999,-9999,38.291,0.0,4.85288,0.0,39.3352,0.0,47.2125,-9999,-9999,2.94597,-9999,71.6998,0.0,86.0585,-9999,-9999,3.67616,-9999,2.0,3,20,28,20,28,4.00338,0.0,0.105691,0.26984,4.00443,0.0,0.101779,0.268332,3.91988,0.0,0.0454217,3.1548,3.61641,4.00338,4.01919,4.01919,4.11297,4.1296,0.0,0.0,0.0,0.0,0.0,0.0,0.0,4.31733,0.21218,0.0,0.134424,0.140352,3.52964,0.962942,0.0,0.145826,0.41826,4.31733,0.21218,0.0,0.133876,0.139827,3.53138,0.964822,0.0,0.138295,0.415694,4.18986,4.27324,4.27324,4.27324,4.35365,4.35396,4.39207,0.0,0.0,0.0,0.0,0.0,0.0,0.0,2.21886,2.90048,3.49072,3.58724,3.58724,3.68451,3.71198,0.0,0.0,0.0,0.0,0.0,0.0,0.0,6.50875,6.33528,6.67136,0.0717405,6.23237,6.29301,6.33369,6.44604,6.85779,7.41728,7.44203,2.49794,2.33085,2.75148,0.0725631,2.25784,2.28279,2.33254,2.43113,3.19941,3.29617,3.42989,5.46828,5.38984,5.78885,0.204631,5.07026,5.08124,5.13632,5.44689,5.7856,6.1348,6.29177,1.12309,0.426804,0.89015,0.198071,0.285636,0.290054,0.315154,0.473924,0.606814,1.10685,2.84169,-9999,-9999
20130512,16.822,0.0,14.383,0.794,0.0,18.42,2.54,0.0,20.84,16.152,2.335,23.911,4.927,20.84,0.0,16.152,2.335,0.0,23.911,4.927,0.0,459.485,263.975,0.0,342.146,342.146,0.0,360.844,0.0,344.136,344.136,0.0,341.699,0.0,345.534,345.534,0.0,7.917,0.0,13.356,13.356,0.0,101.899,101.899,0.0,0.0,0.0,0.0,2.714,2.714,0.0,-9999,0.0,-9999,0.0,-9999,0.0,-9999,0.0,-9999,0.0,-9999,0.0,381.849,0.0,-9999,-9999,38.324,0.0,8.34507,0.0,49.5623,0.0,59.4773,-9999,-9999,3.00266,-9999,72.6191,0.0,87.1465,-9999,-9999,3.56164,-9999,3.0,3,19,29,19,29,4.30873,0.0,0.0904526,0.421825,4.35726,0.0,0.0897115,0.421666,4.13409,0.0,0.0673315,3.1519,3.59588,3.99205,4.3163,4.41991,4.41991,4.51356,0.0,0.0,0.0,0.0,0.0,0.0,0.0,4.30857,0.20163,0.0,0.137922,0.156511,4.04957,0.610678,0.0,0.112468,0.682313,4.29284,0.199168,0.0,0.137349,0.156006,4.13729,0.533186,0.0,0.111252,0.682113,4.158,4.22572,4.24427,4.24577,4.36588,4.37368,4.41379,0.0,0.0,0.0,0.0,0.0,0.0,0.0,2.30308,2.92731,3.47553,4.04957,4.26805,4.27327,4.4184,0.0,0.0,0.0,0.0,0.0,0.0,0.0,6.54101,6.36648,6.70333,0.0718599,6.26278,6.32391,6.36488,6.47796,6.89122,7.45016,7.47481,2.22471,2.00922,2.56939,0.105361,1.81035,1.88437,1.99228,2.07036,3.23552,3.32044,3.48276,5.48422,5.4063,5.80947,0.205562,5.08357,5.09422,5.15126,5.47045,5.8029,6.1651,6.31544,1.14194,0.42569,0.907048,0.205597,0.287788,0.292128,0.316224,0.471998,0.603997,1.12468,2.95411,-9999,-9999
20130513,16.639,0.0,14.352,0.693,0.0,18.138,2.671,0.0,20.549,15.94,2.863,23.569,5.066,20.549,0.0,15.94,2.863,0.0,23.569,5.066,0.0,460.866,273.96,0.0,340.304,340.304,0.0,358.814,0.0,343.241,343.241,0.0,335.891,0.0,344.491,344.491,0.0,7.708,0.0,12.678,12.678,0.0,101.691,101.691,0.0,0.0,0.0,0.0,2.731,2.731,0.0,-9999,-9999,-9999,-9999,-9999,-9999,-9999,-9999,-9999,-9999,-9999,-9999,377.017,0.0,-9999,-9999,38.291,0.0,10.7525,0.0,49.8512,0.0,59.8187,-9999,-9999,2.94931,-9999,81.0666,0.0,97.2755,-9999,-9999,3.48352,-9999,4.0,3,19,29,19,29,4.04748,0.0,0.0903048,0.287407,4.04092,0.0,0.0897124,0.287222,3.92768,0.0,0.048317,3.20835,3.57622,3.9808,4.04863,4.05554,4.12192,4.12692,0.0,0.0,0.0,0.0,0.0,0.0,0.0,4.33111,0.229622,0.0,0.137926,0.157657,3.61811,0.615205,0.0,0.112163,0.42554,4.31514,0.229712,0.0,0.137351,0.157155,3.61811,0.615205,0.0,0.111253,0.425301,4.158,4.22094,4.24221,4.24221,4.35778,4.37368,4.41379,0.0,0.0,0.0,0.0,0.0,0.0,0.0,2.39311,2.89595,3.45759,3.67819,3.68341,3.71693,3.71693,0.0,0.0,0.0,0.0,0.0,0.0,0.0,6.47115,6.30294,6.62762,0.0692609,6.203,6.26191,6.30139,6.41038,6.8087,7.34746,7.37123,2.4161,2.26202,2.7001,0.0746158,2.19206,2.22198,2.26264,2.37463,3.14367,3.22869,3.39043,5.46156,5.38263,5.76738,0.200216,5.06505,5.07625,5.13003,5.4337,5.77816,6.09536,6.21908,1.14275,0.477976,0.944803,0.20339,0.329142,0.333743,0.359408,0.524213,0.666683,1.12559,2.94286,-9999,-9999
20130514,15.39,0.0,13.307,0.706,0.0,16.756,2.705,0.0,20.394,16.171,2.131,23.161,4.942,20.394,0.0,16.171,2.131,0.0,23.161,4.942,0.0,462.213,245.679,0.0,333.052,333.052,0.0,352.339,0.0,343.617,343.617,0.0,331.621,0.0,344.929,344.929,0.0,6.103,0.0,13.579,13.579,0.0,101.393,101.393,0.0,0.0,0.0,0.0,3.023,3.023,0.0,-9999,0.0,-9999,0.0,-9999,0.0,-9999,0.0,-9999,0.0,-9999,0.0,377.711,0.0,-9999,-9999,38.293,0.0,4.85288,0.0,39.2804,0.0,47.1318,-9999,-9999,2.99389,-9999,71.8801,0.0,86.2477,-9999,-9999,3.61123,-9999,5.0,3,19,29,19,29,4.00413,0.0,0.106714,0.270243,4.00519,0.0,0.101293,0.268148,3.91822,0.0,0.0453276,3.1548,3.61641,4.00413,4.01533,4.01533,4.11297,4.1296,0.0,0.0,0.0,0.0,0.0,0.0,0.0,4.29761,0.193568,0.0,0.138055,0.145895,3.57093,0.971377,0.0,0.144187,0.405031,4.29761,0.193568,0.0,0.137615,0.145478,3.57261,0.9731,0.0,0.134065,0.40154,4.158,4.23996,4.23996,4.23996,4.334,4.33433,4.37444,0.0,0.0,0.0,0.0,0.0,0.0,0.0,2.3077,2.96346,3.53335,3.62654,3.62654,3.72046,3.74698,0.0,0.0,0.0,0.0,0.0,0.0,0.0,6.42778,6.26517,6.578,0.0666946,6.16843,6.22546,6.26367,6.36906,6.75331,7.27093,7.29371,2.41621,2.25998,2.65978,0.06835,2.19458,2.21855,2.26164,2.35774,3.06866,3.14914,3.28157,5.45258,5.37307,5.74252,0.195565,5.05798,5.06945,5.12162,5.42148,5.76825,6.05038,6.14114,1.13933,0.465444,0.928695,0.200764,0.318198,0.322728,0.348289,0.512302,0.652278,1.12257,2.89498,-9999,-9999
20130515,16.822,0.0,14.383,0.794,0.0,18.42,2.54,0.0,18.075,14.786,1.831,20.229,4.422,18.075,0.0,14.786,1.831,0.0,20.229,4.422,0.0,463.525,263.975,0.0,338.52,338.52,0.0,360.844,0.0,332.915,332.915,0.0,342.503,0.0,332.454,332.454,0.0,7.917,0.0,11.577,11.577,0.0,101.609,101.609,0.0,0.0,0.0,0.0,3.114,3.114,0.0,-9999,0.0,-9999,0.0,-9999,0.0,-9999,0.0,-9999,0.0,-9999,0.0,381.849,0.0,-9999,-9999,38.324,0.0,8.34507,0.0,49.5623,0.0,59.4564,-9999,-9999,2.65085,-9999,72.6191,0.0,87.116,-9999,-9999,3.76738,-9999,1.0,3,19,29,19,29,4.30873,0.0,0.089163,0.42155,4.35726,0.0,0.0895611,0.421634,4.13409,0.0,0.0673315,3.1519,3.59588,3.99205,4.3163,4.41991,4.41991,4.51356,0.0,0.0,0.0,0.0,0.0,0.0,0.0,4.30857,0.20163,0.0,0.136206,0.155001,4.04957,0.610678,0.0,0.110732,0.682029,4.29284,0.199168,0.0,0.136737,0.155468,4.13729,0.533186,0.0,0.111267,0.682116,4.158,4.22572,4.24427,4.24577,4.36588,4.37368,4.41379,0.0,0.0,0.0,0.0,0.0,0.0,0.0,2.30308,2.92731,3.47553,4.04957,4.26805,4.27327,4.4184,0.0,0.0,0.0,0.0,0.0,0.0,0.0,5.85441,5.74776,5.9504,0.0430701,5.68399,5.72161,5.74677,5.81598,6.06598,6.39737,6.41183,1.53811,1.39049,1.81647,0.0850834,1.20806,1.28644,1.35779,1.41919,2.29794,2.41978,2.57467,5.27927,5.19156,5.40049,0.149984,4.91703,4.92094,4.9592,5.19056,5.39141,5.48697,5.5787,1.13979,0.58782,1.02329,0.19906,0.412259,0.417548,0.448089,0.63128,0.751826,1.12286,2.92819,-9999,-9999
20130516,16.639,0.0,14.352,0.693,0.0,18.138,2.671,0.0,16.283,14.198,0.89,17.649,2.5,16.283,0.0,14.198,0.89,0.0,17.649,2.5,0.0,464.803,273.96,0.0,213.029,213.029,0.0,358.814,0.0,358.276,358.276,0.0,336.643,0.0,362.015,362.015,0.0,7.708,0.0,8.101,8.101,0.0,101.592,101.592,0.0,0.078,0.078,0.0,3.271,3.271,0.0,-9999,0.0,-9999,0.0,-9999,0.0,-9999,0.0,-9999,0.0,-9999,0.0,377.017,0.0,-9999,-9999,38.291,0.0,10.7525,0.0,49.8512,0.0,59.8344,-9999,-9999,2.55355,-9999,81.0666,0.0,97.3011,-9999,-9999,3.64317,-9999,2.0,3,19,29,19,29,4.04748,0.0,0.0879241,0.286668,4.04092,0.0,0.0884126,0.286818,3.92768,0.0,0.048317,3.20835,3.57622,3.9808,4.04863,4.05554,4.12192,4.12692,0.0,0.0,0.0,0.0,0.0,0.0,0.0,4.33111,0.229622,0.0,0.134826,0.154952,3.61811,0.615205,0.0,0.108922,0.424698,4.31514,0.229712,0.0,0.135418,0.155468,3.61811,0.615205,0.0,0.109611,0.424875,4.158,4.22094,4.24221,4.24221,4.35778,4.37368,4.41379,0.0,0.0,0.0,0.0,0.0,0.0,0.0,2.39311,2.89595,3.45759,3.67819,3.68341,3.71693,3.71693,0.0,0.0,0.0,0.0,0.0,0.0,0.0,5.40939,5.34617,5.46365,0.0248263,5.30803,5.33056,5.34559,5.38669,5.53273,5.72078,5.72884,1.35434,1.30525,1.53613,0.0489872,1.26504,1.28272,1.30549,1.34835,1.61545,1.90705,2.11589,5.1455,5.05139,5.13595,0.11767,4.6626,4.80832,4.8274,5.00403,5.03889,5.17652,5.43237,0.909348,0.676279,0.920563,0.124771,0.541733,0.544306,0.56909,0.684834,0.852336,0.901654,1.93978,-9999,-9999
20130517,15.39,0.0,13.332,0.718,0.0,16.626,2.752,0.0,15.832,12.25,1.615,17.982,3.829,15.832,0.0,12.25,1.615,0.0,17.982,3.829,0.0,466.046,245.679,0.0,345.896,345.896,0.0,352.339,0.0,324.834,324.834,0.0,332.203,0.0,323.035,323.035,0.0,6.103,0.0,9.004,9.004,0.0,101.64,101.64,0.0,0.0,0.0,0.0,3.075,3.075,0.0,-9999,0.0,-9999,0.0,-9999,0.0,-9999,0.0,-9999,0.0,-9999,0.0,377.711,0.0,-9999,-9999,38.293,0.0,4.85288,0.0,39.2804,0.0,47.1384,-9999,-9999,2.21851,-9999,71.8801,0.0,86.2598,-9999,-9999,4.47536,-9999,3.0,3,18,30,18,30,4.00413,0.0,0.107631,0.270606,4.00519,0.0,0.106318,0.270087,3.91822,0.0,0.0453276,3.1548,3.61641,4.00413,4.01533,4.01533,4.11297,4.1296,0.0,0.0,0.0,0.0,0.0,0.0,0.0,4.31095,0.18998,0.0,0.136563,0.144137,3.58715,0.958607,0.0,0.14431,0.420024,4.31095,0.18998,0.0,0.136739,0.144304,3.58877,0.960265,0.0,0.141917,0.419208,4.2501,4.2501,4.2501,4.27059,4.34076,4.34232,4.3831,0.0,0.0,0.0,0.0,0.0,0.0,0.0,2.30182,2.94815,3.55619,3.64091,3.64091,3.73706,3.7627,0.0,0.0,0.0,0.0,0.0,0.0,0.0,5.3181,5.25875,5.3713,0.0238565,5.22323,5.24419,5.2582,5.29672,5.43562,5.61902,5.627,1.30653,1.25356,1.45308,0.0444682,1.21759,1.23195,1.25484,1.28285,1.52744,1.77182,1.94596,5.10199,5.00646,5.07694,0.114715,4.58203,4.77196,4.78637,4.93875,4.97183,5.12724,5.38514,1.15487,0.727555,1.13644,0.198709,0.53661,0.542475,0.573893,0.76237,0.908938,1.13736,2.98706,-9999,-9999
20130518,16.822,0.0,14.425,0.795,0.0,18.261,2.644,0.0,17.835,14.072,4.335,20.093,5.307,17.835,0.0,14.072,4.335,0.0,20.093,5.307,0.0,467.254,263.975,0.0,347.098,347.098,0.0,360.844,0.0,327.881,327.881,0.0,356.111,0.0,326.587,326.587,0.0,7.917,0.0,12.163,12.163,0.0,101.935,101.935,0.0,0.0,0.0,0.0,3.613,3.613,0.0,-9999,0.0,-9999,0.0,-9999,0.0,-9999,0.0,-9999,0.0,-9999,0.0,381.849,0.0,-9999,-9999,38.324,0.0,8.34507,0.0,49.5623,0.0,59.472,-9999,-9999,2.23032,-9999,72.6191,0.0,87.1389,-9999,-9999,4.78908,-9999,4.0,3,18,30,18,30,4.30873,0.0,0.0863201,0.420958,4.35726,0.0,0.0862769,0.420949,4.13409,0.0,0.0673315,3.1519,3.59588,3.99205,4.3163,4.41991,4.41991,4.51356,0.0,0.0,0.0,0.0,0.0,0.0,0.0,4.32252,0.197818,0.0,0.135976,0.149648,4.04984,0.600059,0.0,0.105153,0.684561,4.30591,0.196373,0.0,0.135945,0.14962,4.13463,0.524115,0.0,0.105083,0.68455,4.23506,4.25888,4.26047,4.27059,4.3823,4.38386,4.42464,0.0,0.0,0.0,0.0,0.0,0.0,0.0,2.29735,2.91321,3.5003,4.04984,4.25849,4.26608,4.40383,0.0,0.0,0.0,0.0,0.0,0.0,0.0,5.8146,5.70719,5.91369,0.0439739,5.64328,5.68096,5.7062,5.77582,6.02954,6.37068,6.38567,1.49831,1.34993,1.77976,0.0856398,1.1674,1.24577,1.31734,1.37923,2.27271,2.39362,2.53523,5.2523,5.16391,5.37224,0.150264,4.89416,4.89668,4.9339,5.15881,5.35272,5.45283,5.54954,1.15666,0.554313,1.01064,0.204821,0.388481,0.393437,0.421651,0.597662,0.732517,1.13911,2.99561,-9999,-9999
20130519,16.639,0.0,14.392,0.69,0.0,17.988,2.75,0.0,21.616,17.704,3.38,23.962,5.19,21.616,0.0,17.704,3.38,0.0,23.962,5.19,0.0,468.428,273.96,0.0,351.832,351.832,0.0,358.814,0.0,333.318,333.318,0.0,337.756,0.0,332.925,332.925,0.0,7.708,0.0,19.043,19.043,0.0,101.753,101.753,0.0,0.0,0.0,0.0,4.13,4.13,0.0,-9999,0.0,-9999,0.0,-9999,0.0,-9999,0.0,-9999,0.0,-9999,0.0,377.017,0.0,-9999,-9999,38.291,0.0,10.7525,0.0,49.8512,0.0,59.8155,-9999,-9999,1.25561,-9999,81.0666,0.0,97.2704,-9999,-9999,2.24744,-9999,5.0,3,18,30,18,30,4.04748,0.0,0.0866815,0.28629,4.04092,0.0,0.0868104,0.286329,3.92768,0.0,0.048317,3.20835,3.57622,3.9808,4.04863,4.05554,4.12192,4.12692,0.0,0.0,0.0,0.0,0.0,0.0,0.0,4.34631,0.226228,0.0,0.136308,0.150406,3.63276,0.609805,0.0,0.105703,0.43832,4.32945,0.227486,0.0,0.13652,0.150599,3.63276,0.609805,0.0,0.105856,0.438357,4.23816,4.2567,4.2567,4.27059,4.3823,4.38386,4.42464,0.0,0.0,0.0,0.0,0.0,0.0,0.0,2.38438,2.88289,3.48295,3.68829,3.69588,3.73365,3.73365,0.0,0.0,0.0,0.0,0.0,0.0,0.0,6.73276,6.53969,6.91284,0.079637,6.42504,6.49261,6.53791,6.66299,7.12059,7.74058,7.76796,2.67771,2.49877,2.98533,0.0829219,2.42174,2.45397,2.49949,2.62786,3.51305,3.61866,3.78716,5.54249,5.46732,5.92372,0.221253,5.13096,5.14017,5.20586,5.53596,5.86662,6.35798,6.59169,1.16266,0.319606,0.839754,0.214034,0.20818,0.211717,0.231242,0.364775,0.494928,1.1448,3.02995,-9999,-9999
20130520,15.39,0.0,13.332,0.718,0.0,16.626,2.752,0.0,22.893,18.405,1.979,25.585,5.182,22.893,0.0,18.405,1.979,0.0,25.585,5.182,0.0,469.567,245.679,0.0,355.573,355.573,0.0,352.339,0.0,333.307,333.307,0.0,333.159,0.0,332.911,332.911,0.0,6.103,0.0,22.161,22.161,0.0,101.459,101.459,0.0,0.0,0.0,0.0,3.047,3.047,0.0,-9999,-9999,-9999,-9999,-9999,-9999,-9999,-9999,-9999,-9999,-9999,-9999,377.711,0.0,-9999,-9999,38.293,0.0,4.85288,0.0,39.2804,0.0,47.1384,-9999,-9999,1.22286,-9999,71.8801,0.0,86.2598,-9999,-9999,2.25018,-9999,6.0,3,18,30,18,29,4.00413,0.0,0.0877974,0.263347,4.00519,0.0,0.0881279,0.263457,3.91822,0.0,0.0453276,3.1548,3.61641,4.00413,4.01533,4.01533,4.11297,4.1296,0.0,0.0,0.0,0.0,0.0,0.0,0.0,4.31095,0.18998,0.0,0.136802,0.144364,3.58715,0.958607,0.0,0.107665,0.408885,4.31095,0.18998,0.0,0.137302,0.144837,3.58877,0.960265,0.0,0.108078,0.408994,4.2501,4.2501,4.2501,4.27059,4.34076,4.34232,4.3831,0.0,0.0,0.0,0.0,0.0,0.0,0.0,2.30182,2.94815,3.55619,3.64091,3.64091,3.73706,3.7627,0.0,0.0,0.0,0.0,0.0,0.0,0.0,7.05036,6.82531,7.26233,0.0933627,6.69191,6.77051,6.82324,6.96898,7.50397,8.23319,8.2655,3.03879,2.82012,3.34411,0.0905674,2.73706,2.76679,2.822,2.95919,3.95512,4.10135,4.25337,5.63602,5.56535,6.11314,0.248815,5.20692,5.21509,5.29351,5.6428,5.96896,6.67808,7.06682,1.16597,0.207835,0.754909,0.218741,0.116782,0.119081,0.136359,0.243452,0.387332,1.14794,3.05534,-9999,-9999
20130521,16.822,0.0,14.425,0.795,0.0,18.261,2.644,0.0,17.968,14.97,1.285,19.766,3.103,17.968,0.0,14.97,1.285,0.0,19.766,3.103,0.0,470.671,263.975,0.0,344.275,344.275,0.0,360.844,0.0,329.183,329.183,0.0,363.197,0.0,328.104,328.104,0.0,7.917,0.0,11.964,11.964,0.0,101.381,101.381,0.0,0.0,0.0,0.0,4.776,4.776,0.0,-9999,0.0,-9999,0.0,-9999,0.0,-9999,0.0,-9999,0.0,-9999,0.0,381.849,0.0,-9999,-9999,38.324,0.0,8.34507,0.0,49.5623,0.0,59.4743,-9999,-9999,1.24432,-9999,72.6191,0.0,87.1422,-9999,-9999,2.1806,-9999,7.0,3,18,30,18,30,4.30873,0.0,0.0843244,0.420553,4.35726,0.0,0.0844906,0.420586,4.13409,0.0,0.0673315,3.1519,3.59588,3.99205,4.3163,4.41991,4.41991,4.51356,0.0,0.0,0.0,0.0,0.0,0.0,0.0,4.32252,0.197818,0.0,0.133111,0.14705,4.04984,0.600059,0.0,0.102592,0.684172,4.30591,0.196373,0.0,0.133254,0.14718,4.13463,0.524115,0.0,0.10285,0.684211,4.23506,4.25888,4.26047,4.27059,4.3823,4.38386,4.42464,0.0,0.0,0.0,0.0,0.0,0.0,0.0,2.29735,2.91321,3.5003,4.04984,4.25849,4.26608,4.40383,0.0,0.0,0.0,0.0,0.0,0.0,0.0,5.81916,5.71836,5.90804,0.0402461,5.65786,5.69358,5.71743,5.78289,6.01773,6.32525,6.33857,1.50286,1.3611,1.77411,0.0833689,1.18002,1.25876,1.32706,1.38481,2.22276,2.35411,2.53748,5.27594,5.18779,5.38129,0.145498,4.91475,4.91794,4.95609,5.18435,5.36718,5.4514,5.57491,1.15032,0.601096,1.04007,0.201847,0.414349,0.419909,0.453665,0.64728,0.771084,1.13305,2.97172,-9999,-9999
20130522,16.639,0.0,14.392,0.69,0.0,17.988,2.75,0.0,15.506,12.728,1.533,17.173,3.794,15.506,0.0,12.728,1.533,0.0,17.173,3.794,0.0,471.74,273.96,0.0,363.114,363.114,0.0,358.814,0.0,299.886,299.886,0.0,343.608,0.0,293.957,293.957,0.0,7.708,0.0,13.058,13.058,0.0,101.373,101.373,0.0,0.0,0.0,0.0,5.648,5.648,0.0,-9999,0.0,-9999,0.0,-9999,0.0,-9999,0.0,-9999,0.0,-9999,0.0,377.017,0.0,-9999,-9999,38.291,0.0,10.7525,0.0,49.8512,0.0,59.8187,-9999,-9999,1.26733,-9999,81.0666,0.0,97.2755,-9999,-9999,2.0681,-9999,8.0,3,18,30,18,30,4.04748,0.0,0.0871426,0.28643,4.04092,0.0,0.0873544,0.286494,3.92768,0.0,0.048317,3.20835,3.57622,3.9808,4.04863,4.05554,4.12192,4.12692,0.0,0.0,0.0,0.0,0.0,0.0,0.0,4.34631,0.226228,0.0,0.144094,0.157497,3.63276,0.609805,0.0,0.102848,0.43764,4.32945,0.227486,0.0,0.144938,0.15827,3.63276,0.609805,0.0,0.102848,0.43764,4.23816,4.2567,4.2567,4.27059,4.3823,4.38386,4.42464,0.0,0.0,0.0,0.0,0.0,0.0,0.0,2.38438,2.88289,3.48295,3.68829,3.69588,3.73365,3.73365,0.0,0.0,0.0,0.0,0.0,0.0,0.0,5.23671,5.18531,5.28232,0.0205282,5.15449,5.17268,5.18483,5.21821,5.33811,5.49541,5.50223,1.18166,1.14439,1.3548,0.0479843,1.10767,1.12197,1.14346,1.17958,1.41055,1.72106,1.93962,5.07764,4.98094,5.02868,0.109397,4.46446,4.75219,4.75378,4.88755,4.9419,5.09865,5.3585,1.17768,0.557929,1.03137,0.213107,0.372617,0.37788,0.41196,0.608283,0.754007,1.15912,3.11208,-9999,-9999
20130523,-9999,-9999,13.387,0.699,0.0,16.626,2.752,0.0,15.417,12.544,2.616,17.141,4.367,15.417,0.0,12.544,2.616,0.0,17.141,4.367,0.0,472.774,245.679,0.0,355.417,355.417,0.0,-9999,-9999,312.642,312.642,0.0,-9999,-9999,308.825,308.825,0.0,-9999,-9999,10.656,10.656,0.0,101.436,101.436,0.0,0.0,0.0,0.0,2.695,2.695,0.0,-9999,0.0,-9999,0.0,-9999,0.0,-9999,0.0,-9999,0.0,-9999,0.0,-9999,-9999,-9999,-9999,-9999,-9999,4.85288,0.0,39.2804,0.0,47.1254,-9999,-9999,-9999,-9999,71.8801,0.0,86.2359,-9999,-9999,-9999,-9999,9.0,3,18,30,0,0,4.00413,0.0,-9999,-9999,4.00519,0.0,-9999,-9999,3.91822,0.0,0.0453276,3.1548,3.61641,4.00413,4.01533,4.01533,4.11297,4.1296,0.0,0.0,0.0,0.0,0.0,0.0,0.0,4.31095,0.18998,0.0,-9999,-9999,3.58715,0.958607,0.0,-9999,-9999,4.31095,0.18998,0.0,-9999,-9999,3.58877,0.960265,0.0,-9999,-9999,4.2501,4.2501,4.2501,4.27059,4.34076,4.34232,4.3831,0.0,0.0,0.0,0.0,0.0,0.0,0.0,2.30182,2.94815,3.55619,3.64091,3.64091,3.73706,3.7627,0.0,0.0,0.0,0.0,0.0,0.0,0.0,5.22324,5.17122,5.27036,0.0210129,5.14016,5.15848,5.17074,5.20449,5.32661,5.48873,5.4958,1.21167,1.16603,1.35214,0.0439146,1.13219,1.14586,1.16728,1.19044,1.39471,1.66846,1.84884,5.06717,4.97024,5.01857,0.109662,4.46395,4.74327,4.74477,4.87463,4.93023,5.0871,5.34721,1.17077,0.704456,1.13131,0.204557,0.51235,0.517944,0.549866,0.744453,0.876737,1.15269,3.05841,-9999,-9999
20130524,-9999,-9999,-9999,-9999,-9999,-9999,-9999,-9999,16.351,12.343,2.374,18.756,4.546,16.351,0.0,12.343,2.374,0.0,18.756,4.546,0.0,473.773,-9999,-9999,355.694,355.694,0.0,-9999,-9999,317.181,317.181,0.0,-9999,-9999,314.116,314.116,0.0,-9999,-9999,10.858,10.858,0.0,101.491,101.491,0.0,0.0,0.0,0.0,3.398,3.398,0.0,-9999,0.0,-9999,0.0,-9999,0.0,-9999,0.0,-9999,0.0,-9999,0.0,-9999,-9999,-9999,-9999,-9999,-9999,8.34507,0.0,49.5623,0.0,59.4603,-9999,-9999,-9999,-9999,72.6191,0.0,87.1217,-9999,-9999,-9999,-9999,10.0,3,18,30,0,0,4.30873,0.0,-9999,-9999,4.35726,0.0,-9999,-9999,4.13409,0.0,0.0673315,3.1519,3.59588,3.99205,4.3163,4.41991,4.41991,4.51356,0.0,0.0,0.0,0.0,0.0,0.0,0.0,4.32252,0.197818,0.0,-9999,-9999,4.04984,0.600059,0.0,-9999,-9999,4.30591,0.196373,0.0,-9999,-9999,4.13463,0.524115,0.0,-9999,-9999,4.23506,4.25888,4.26047,4.27059,4.3823,4.38386,4.42464,0.0,0.0,0.0,0.0,0.0,0.0,0.0,2.29735,2.91321,3.5003,4.04984,4.25849,4.26608,4.40383,0.0,0.0,0.0,0.0,0.0,0.0,0.0,5.44992,5.3771,5.51632,0.0295775,5.33368,5.35929,5.37643,5.42365,5.59501,5.82364,5.83364,1.13362,1.01984,1.38239,0.0774471,0.845731,0.926335,0.977322,1.03302,1.71228,1.94047,2.15963,5.13955,5.0459,5.15457,0.124122,4.77865,4.80235,4.82135,5.00511,5.0729,5.17156,5.42628,1.17256,0.633031,1.07976,0.207089,0.44838,0.453845,0.485567,0.677394,0.793953,1.15444,3.06158,-9999,-9999
20130525,-9999,-9999,-9999,-9999,-9999,-9999,-9999,-9999,15.954,12.193,2.248,18.211,4.535,15.954,0.0,12.193,2.248,0.0,18.211,4.535,0.0,474.736,-9999,-9999,345.873,345.873,0.0,-9999,-9999,324.571,324.571,0.0,-9999,-9999,322.729,322.729,0.0,-9999,-9999,9.708,9.708,0.0,101.586,101.586,0.0,0.0,0.0,0.0,3.024,3.024,0.0,-9999,0.0,-9999,0.0,-9999,0.0,-9999,0.0,-9999,0.0,-9999,0.0,-9999,-9999,-9999,-9999,-9999,-9999,10.7525,0.0,49.8512,0.0,59.7987,-9999,-9999,-9999,-9999,81.0666,0.0,97.243,-9999,-9999,-9999,-9999,11.0,3,18,30,0,0,4.04748,0.0,-9999,-9999,4.04092,0.0,-9999,-9999,3.92768,0.0,0.048317,3.20835,3.57622,3.9808,4.04863,4.05554,4.12192,4.12692,0.0,0.0,0.0,0.0,0.0,0.0,0.0,4.34631,0.226228,0.0,-9999,-9999,3.63276,0.609805,0.0,-9999,-9999,4.32945,0.227486,0.0,-9999,-9999,3.63276,0.609805,0.0,-9999,-9999,4.23816,4.2567,4.2567,4.27059,4.3823,4.38386,4.42464,0.0,0.0,0.0,0.0,0.0,0.0,0.0,2.38438,2.88289,3.48295,3.68829,3.69588,3.73365,3.73365,0.0,0.0,0.0,0.0,0.0,0.0,0.0,5.35423,5.28999,5.41281,0.0260768,5.25169,5.27428,5.2894,5.33106,5.48219,5.68381,5.69262,1.29918,1.24908,1.48529,0.0493419,1.20874,1.22654,1.24931,1.29274,1.58053,1.85424,2.06123,5.10845,5.01341,5.09706,0.118004,4.64804,4.77694,4.79268,4.95572,4.98915,5.13532,5.39232,1.15812,0.672883,1.09716,0.200534,0.48703,0.492845,0.524261,0.713514,0.834425,1.14072,2.98767,-9999,-9999
20130526,-9999,-9999,-9999,-9999,-9999,-9999,-9999,-9999,16.407,12.886,2.313,18.519,3.835,16.407,0.0,12.886,2.313,0.0,18.519,3.835,0.0,475.664,-9999,-9999,347.278,347.278,0.0,-9999,-9999,333.45,333.45,0.0,-9999,-9999,333.079,333.079,0.0,-9999,-9999,8.65,8.65,0.0,101.88,101.88,0.0,0.0,0.0,0.0,3.578,3.578,0.0,-9999,0.0,-9999,0.0,-9999,0.0,-9999,0.0,-9999,0.0,-9999,0.0,-9999,-9999,-9999,-9999,-9999,-9999,4.85288,0.0,39.2804,0.0,47.0664,-9999,-9999,-9999,-9999,71.8801,0.0,86.128,-9999,-9999,-9999,-9999,11.0,3,18,30,0,0,4.00413,0.0,-9999,-9999,4.00519,0.0,-9999,-9999,3.91822,0.0,0.0453276,3.1548,3.61641,4.00413,4.01533,4.01533,4.11297,4.1296,0.0,0.0,0.0,0.0,0.0,0.0,0.0,4.31095,0.18998,0.0,-9999,-9999,3.58715,0.958607,0.0,-9999,-9999,4.31095,0.18998,0.0,-9999,-9999,3.58877,0.960265,0.0,-9999,-9999,4.2501,4.2501,4.2501,4.27059,4.34076,4.34232,4.3831,0.0,0.0,0.0,0.0,0.0,0.0,0.0,2.30182,2.94815,3.55619,3.64091,3.64091,3.73706,3.7627,0.0,0.0,0.0,0.0,0.0,0.0,0.0,5.45502,5.38384,5.51869,0.0286028,5.34123,5.36638,5.38318,5.42938,5.59589,5.81557,5.82512,1.44345,1.37865,1.60047,0.0457731,1.33928,1.35476,1.37997,1.4158,1.7282,1.92268,2.08658,5.14786,5.05434,5.15956,0.123055,4.76392,4.80952,4.8284,5.01468,5.07588,5.18057,5.43522,1.16462,0.765654,1.16833,0.198578,0.571458,0.5777,0.609408,0.79625,0.959752,1.14705,3.00185,-9999,-9999
20130527,-9999,-9999,-9999,-9999,-9999,-9999,-9999,-9999,15.83,13.212,1.528,17.401,2.946,15.83,0.0,13.212,1.528,0.0,17.401,2.946,0.0,476.557,-9999,-9999,260.92,260.92,0.0,-9999,-9999,361.212,361.212,0.0,-9999,-9999,365.437,365.437,0.0,-9999,-9999,7.0,7.0,0.0,101.845,101.845,0.0,0.692,0.692,0.0,3.742,3.742,0.0,-9999,-9999,-9999,-9999,-9999,-9999,-9999,-9999,-9999,-9999,-9999,-9999,-9999,-9999,-9999,-9999,-9999,-9999,8.34507,0.0,49.5623,0.0,59.3224,-9999,-9999,-9999,-9999,72.6191,0.0,86.9196,-9999,-9999,-9999,-9999,11.0,3,18,30,0,0,4.30873,0.0,-9999,-9999,4.35726,0.0,-9999,-9999,4.13409,0.0,0.0673315,3.1519,3.59588,3.99205,4.3163,4.41991,4.41991,4.51356,0.0,0.0,0.0,0.0,0.0,0.0,0.0,4.32252,0.197818,0.0,-9999,-9999,4.04984,0.600059,0.0,-9999,-9999,4.30591,0.196373,0.0,-9999,-9999,4.13463,0.524115,0.0,-9999,-9999,4.23506,4.25888,4.26047,4.27059,4.3823,4.38386,4.42464,0.0,0.0,0.0,0.0,0.0,0.0,0.0,2.29735,2.91321,3.5003,4.04984,4.25849,4.26608,4.40383,0.0,0.0,0.0,0.0,0.0,0.0,0.0,5.30714,5.25132,5.35568,0.0220617,5.21772,5.23757,5.25081,5.28708,5.41652,5.58441,5.59164,0.990845,0.89406,1.22175,0.0739324,0.724012,0.805691,0.844984,0.902578,1.47286,1.7767,2.01138,5.10661,5.01098,5.07282,0.112468,4.54121,4.77621,4.7907,4.94126,4.97608,5.13178,5.39001,1.07465,0.838462,1.12566,0.150943,0.684187,0.68603,0.712778,0.845582,1.04304,1.06973,2.36143,-9999,-9999
20130528,-9999,-9999,-9999,-9999,-9999,-9999,-9999,-9999,17.417,14.628,1.874,19.091,3.583,17.417,0.0,14.628,1.874,0.0,19.091,3.583,0.0,477.414,-9999,-9999,267.86,267.86,0.0,-9999,-9999,369.132,369.132,0.0,-9999,-9999,374.669,374.669,0.0,-9999,-9999,7.466,7.466,0.0,101.44,101.44,0.0,1.031,1.031,0.0,3.233,3.233,0.0,-9999,0.0,-9999,0.0,-9999,0.0,-9999,0.0,-9999,0.0,-9999,0.0,-9999,-9999,-9999,-9999,-9999,-9999,10.7525,0.0,49.8512,0.0,59.648,-9999,-9999,-9999,-9999,81.0666,0.0,96.998,-9999,-9999,-9999,-9999,11.0,3,18,30,0,0,4.04748,0.0,-9999,-9999,4.04092,0.0,-9999,-9999,3.92768,0.0,0.048317,3.20835,3.57622,3.9808,4.04863,4.05554,4.12192,4.12692,0.0,0.0,0.0,0.0,0.0,0.0,0.0,4.34631,0.226228,0.0,-9999,-9999,3.63276,0.609805,0.0,-9999,-9999,4.32945,0.227486,0.0,-9999,-9999,3.63276,0.609805,0.0,-9999,-9999,4.23816,4.2567,4.2567,4.27059,4.3823,4.38386,4.42464,0.0,0.0,0.0,0.0,0.0,0.0,0.0,2.38438,2.88289,3.48295,3.68829,3.69588,3.73365,3.73365,0.0,0.0,0.0,0.0,0.0,0.0,0.0,5.68898,5.59913,5.76837,0.0358986,5.54522,5.57705,5.5983,5.65665,5.86608,6.1406,6.1525,1.63393,1.55821,1.84085,0.0531025,1.51042,1.53311,1.55855,1.61896,2.04555,2.2194,2.40389,5.23142,5.14136,5.3025,0.137053,4.87605,4.88054,4.91097,5.12758,5.27717,5.32479,5.52633,1.02888,0.699112,1.01572,0.156551,0.537068,0.543722,0.569772,0.721522,0.878916,1.01708,2.38505,-9999,-9999
20130529,-9999,-9999,-9999,-9999,-9999,-9999,-9999,-9999,18.268,15.454,2.286,19.957,3.458,18.268,0.0,15.454,2.286,0.0,19.957,3.458,0.0,478.236,-9999,-9999,305.513,305.513,0.0,-9999,-9999,351.709,351.709,0.0,-9999,-9999,354.361,354.361,0.0,-9999,-9999,10.462,10.462,0.0,101.338,101.338,0.0,0.0,0.0,0.0,3.405,3.405,0.0,-9999,0.0,-9999,0.0,-9999,0.0,-9999,0.0,-9999,0.0,-9999,0.0,-9999,-9999,-9999,-9999,-9999,-9999,4.85288,0.0,39.2804,0.0,46.984,-9999,-9999,-9999,-9999,71.8801,0.0,85.9772,-9999,-9999,-9999,-9999,11.0,3,18,30,0,0,4.00413,0.0,-9999,-9999,4.00519,0.0,-9999,-9999,3.91822,0.0,0.0453276,3.1548,3.61641,4.00413,4.01533,4.01533,4.11297,4.1296,0.0,0.0,0.0,0.0,0.0,0.0,0.0,4.31095,0.18998,0.0,-9999,-9999,3.58715,0.958607,0.0,-9999,-9999,4.31095,0.18998,0.0,-9999,-9999,3.58877,0.960265,0.0,-9999,-9999,4.2501,4.2501,4.2501,4.27059,4.34076,4.34232,4.3831,0.0,0.0,0.0,0.0,0.0,0.0,0.0,2.30182,2.94815,3.55619,3.64091,3.64091,3.73706,3.7627,0.0,0.0,0.0,0.0,0.0,0.0,0.0,5.89444,5.78615,5.9906,0.0434114,5.72124,5.75955,5.78515,5.85546,6.10829,6.44077,6.4552,1.88287,1.78096,2.07238,0.0524611,1.7309,1.74987,1.78242,1.84279,2.36647,2.44306,2.53759,5.29808,5.21101,5.42588,0.151322,4.93271,4.93809,4.97684,5.21305,5.42659,5.52518,5.59914,1.10058,0.668969,1.04444,0.179498,0.489467,0.495517,0.526178,0.704217,0.83162,1.08593,2.68579,-9999,-9999
20130530,-9999,-9999,-9999,-9999,-9999,-9999,-9999,-9999,19.55,15.707,2.945,21.856,5.273,19.55,0.0,15.707,2.945,0.0,21.856,5.273,0.0,479.022,-9999,-9999,358.053,358.053,0.0,-9999,-9999,329.367,329.367,0.0,-9999,-9999,328.319,328.319,0.0,-9999,-9999,15.285,15.285,0.0,101.423,101.423,0.0,0.0,0.0,0.0,3.593,3.593,0.0,-9999,0.0,-9999,0.0,-9999,0.0,-9999,0.0,-9999,0.0,-9999,0.0,-9999,-9999,-9999,-9999,-9999,-9999,8.34507,0.0,49.5623,0.0,59.2624,-9999,-9999,-9999,-9999,72.6191,0.0,86.8318,-9999,-9999,-9999,-9999,11.0,3,18,30,0,0,4.30873,0.0,-9999,-9999,4.35726,0.0,-9999,-9999,4.13409,0.0,0.0673315,3.1519,3.59588,3.99205,4.3163,4.41991,4.41991,4.51356,0.0,0.0,0.0,0.0,0.0,0.0,0.0,4.32252,0.197818,0.0,-9999,-9999,4.04984,0.600059,0.0,-9999,-9999,4.30591,0.196373,0.0,-9999,-9999,4.13463,0.524115,0.0,-9999,-9999,4.23506,4.25888,4.26047,4.27059,4.3823,4.38386,4.42464,0.0,0.0,0.0,0.0,0.0,0.0,0.0,2.29735,2.91321,3.5003,4.04984,4.25849,4.26608,4.40383,0.0,0.0,0.0,0.0,0.0,0.0,0.0,6.22321,6.07963,6.35545,0.058774,5.99415,6.04455,6.0783,6.17137,6.51035,6.96603,6.98606,1.90691,1.72236,2.22152,0.095604,1.53099,1.607,1.69823,1.77789,2.83276,2.88158,3.04219,5.38771,5.30525,5.61954,0.179683,5.00503,5.01807,5.06082,5.3284,5.68214,5.84563,5.87727,1.18086,0.454412,0.951805,0.213944,0.311378,0.315737,0.340111,0.500117,0.63958,1.16261,3.08225,-9999,-9999
20130531,-9999,-9999,-9999,-9999,-9999,-9999,-9999,-9999,23.159,18.536,3.901,25.933,6.402,23.159,0.0,18.536,3.901,0.0,25.933,6.402,0.0,479.772,-9999,-9999,359.617,359.617,0.0,-9999,-9999,340.135,340.135,0.0,-9999,-9999,340.87,340.87,0.0,-9999,-9999,22.609,22.609,0.0,101.374,101.374,0.0,0.0,0.0,0.0,3.905,3.905,0.0,-9999,0.0,-9999,0.0,-9999,0.0,-9999,0.0,-9999,0.0,-9999,0.0,-9999,-9999,-9999,-9999,-9999,-9999,10.7525,0.0,49.8512,0.0,59.582,-9999,-9999,-9999,-9999,81.0666,0.0,96.8907,-9999,-9999,-9999,-9999,11.0,3,18,30,0,0,4.04748,0.0,-9999,-9999,4.04092,0.0,-9999,-9999,3.92768,0.0,0.048317,3.20835,3.57622,3.9808,4.04863,4.05554,4.12192,4.12692,0.0,0.0,0.0,0.0,0.0,0.0,0.0,4.34631,0.226228,0.0,-9999,-9999,3.63276,0.609805,0.0,-9999,-9999,4.32945,0.227486,0.0,-9999,-9999,3.63276,0.609805,0.0,-9999,-9999,4.23816,4.2567,4.2567,4.27059,4.3823,4.38386,4.42464,0.0,0.0,0.0,0.0,0.0,0.0,0.0,2.38438,2.88289,3.48295,3.68829,3.69588,3.73365,3.73365,0.0,0.0,0.0,0.0,0.0,0.0,0.0,7.12956,6.89233,7.35647,0.0992836,6.75213,6.8347,6.89015,7.04367,7.61025,8.38976,8.42448,3.07451,2.85141,3.42896,0.0997121,2.76204,2.79828,2.85229,3.00962,3.98446,4.26784,4.44368,5.64746,5.57777,6.15828,0.259422,5.21556,5.22392,5.30422,5.6596,5.98171,6.76228,7.2342,1.18273,0.260918,0.80157,0.219034,0.177243,0.180285,0.194469,0.301744,0.413672,1.1644,3.09331,-9999,-9999
20130601,-9999,-9999,-9999,-9999,-9999,-9999,-9999,-9999,24.873,20.283,2.903,27.627,6.329,24.873,0.0,20.283,2.903,0.0,27.627,6.329,0.0,480.487,-9999,-9999,357.222,357.222,0.0,-9999,-9999,350.92,350.92,0.0,-9999,-9999,353.44,353.44,0.0,-9999,-9999,23.856,23.856,0.0,100.971,100.971,0.0,0.0,0.0,0.0,3.114,3.114,0.0,-9999,0.0,-9999,0.0,-9999,0.0,-9999,0.0,-9999,0.0,-9999,0.0,-9999,-9999,-9999,-9999,-9999,-9999,4.85288,0.0,39.2804,0.0,46.9417,-9999,-9999,-9999,-9999,71.8801,0.0,85.8997,-9999,-9999,-9999,-9999,11.0,3,18,30,0,0,4.00413,0.0,-9999,-9999,4.00519,0.0,-9999,-9999,3.91822,0.0,0.0453276,3.1548,3.61641,4.00413,4.01533,4.01533,4.11297,4.1296,0.0,0.0,0.0,0.0,0.0,0.0,0.0,4.31095,0.18998,0.0,-9999,-9999,3.58715,0.958607,0.0,-9999,-9999,4.31095,0.18998,0.0,-9999,-9999,3.58877,0.960265,0.0,-9999,-9999,4.2501,4.2501,4.2501,4.27059,4.34076,4.34232,4.3831,0.0,0.0,0.0,0.0,0.0,0.0,0.0,2.30182,2.94815,3.55619,3.64091,3.64091,3.73706,3.7627,0.0,0.0,0.0,0.0,0.0,0.0,0.0,7.55756,7.27651,7.82871,0.118226,7.11067,7.20831,7.27393,7.45574,8.12877,9.05964,9.10123,3.54599,3.27131,3.91049,0.113027,3.1726,3.20743,3.27341,3.44734,4.4787,4.9278,5.08909,5.77152,5.70787,6.41331,0.297829,5.31621,5.32606,5.42047,5.81747,6.11749,7.19478,7.88343,1.18133,0.237608,0.779145,0.218355,0.158189,0.160898,0.174766,0.276174,0.385831,1.16313,3.07722,-9999,-9999
20130602,-9999,-9999,-9999,-9999,-9999,-9999,-9999,-9999,23.121,19.564,1.732,25.255,4.414,23.121,0.0,19.564,1.732,0.0,25.255,4.414,0.0,481.165,-9999,-9999,355.102,355.102,0.0,-9999,-9999,348.162,348.162,0.0,-9999,-9999,350.226,350.226,0.0,-9999,-9999,17.136,17.136,0.0,100.599,100.599,0.0,0.0,0.0,0.0,2.836,2.836,0.0,-9999,0.0,-9999,0.0,-9999,0.0,-9999,0.0,-9999,0.0,-9999,0.0,-9999,-9999,-9999,-9999,-9999,-9999,8.34507,0.0,49.5623,0.0,59.269,-9999,-9999,-9999,-9999,72.6191,0.0,86.8414,-9999,-9999,-9999,-9999,11.0,3,18,30,0,0,4.30873,0.0,-9999,-9999,4.35726,0.0,-9999,-9999,4.13409,0.0,0.0673315,3.1519,3.59588,3.99205,4.3163,4.41991,4.41991,4.51356,0.0,0.0,0.0,0.0,0.0,0.0,0.0,4.32252,0.197818,0.0,-9999,-9999,4.04984,0.600059,0.0,-9999,-9999,4.30591,0.196373,0.0,-9999,-9999,4.13463,0.524115,0.0,-9999,-9999,4.23506,4.25888,4.26047,4.27059,4.3823,4.38386,4.42464,0.0,0.0,0.0,0.0,0.0,0.0,0.0,2.29735,2.91321,3.5003,4.04984,4.25849,4.26608,4.40383,0.0,0.0,0.0,0.0,0.0,0.0,0.0,7.09985,6.87251,7.31214,0.0938579,6.73753,6.81708,6.87041,7.01769,7.55674,8.28768,8.31996,2.78356,2.51524,3.17821,0.123166,2.30352,2.37412,2.51062,2.6114,4.00806,4.15441,4.32791,5.6579,5.58804,6.14359,0.250713,5.22507,5.23348,5.31403,5.66923,5.99276,6.7252,7.10821,1.18082,0.391296,0.902349,0.214844,0.256089,0.260212,0.284239,0.437956,0.570773,1.16272,3.06389,-9999,-9999
20130603,-9999,-9999,-9999,-9999,-9999,-9999,-9999,-9999,20.857,16.357,2.438,23.557,5.087,20.857,0.0,16.357,2.438,0.0,23.557,5.087,0.0,481.809,-9999,-9999,354.916,354.916,0.0,-9999,-9999,346.01,346.01,0.0,-9999,-9999,347.718,347.718,0.0,-9999,-9999,14.264,14.264,0.0,100.778,100.778,0.0,0.0,0.0,0.0,3.132,3.132,0.0,-9999,-9999,-9999,-9999,-9999,-9999,-9999,-9999,-9999,-9999,-9999,-9999,-9999,-9999,-9999,-9999,-9999,-9999,10.7525,0.0,49.8512,0.0,59.732,-9999,-9999,-9999,-9999,81.0666,0.0,97.1345,-9999,-9999,-9999,-9999,11.0,3,18,30,0,0,4.04748,0.0,-9999,-9999,4.04092,0.0,-9999,-9999,3.92768,0.0,0.048317,3.20835,3.57622,3.9808,4.04863,4.05554,4.12192,4.12692,0.0,0.0,0.0,0.0,0.0,0.0,0.0,4.34631,0.226228,0.0,-9999,-9999,3.63276,0.609805,0.0,-9999,-9999,4.32945,0.227486,0.0,-9999,-9999,3.63276,0.609805,0.0,-9999,-9999,4.23816,4.2567,4.2567,4.27059,4.3823,4.38386,4.42464,0.0,0.0,0.0,0.0,0.0,0.0,0.0,2.38438,2.88289,3.48295,3.68829,3.69588,3.73365,3.73365,0.0,0.0,0.0,0.0,0.0,0.0,0.0,6.54458,6.36993,6.70686,0.0718725,6.26614,6.32732,6.36833,6.48149,6.89492,7.45378,7.47843,2.48953,2.32902,2.77934,0.0766592,2.25721,2.28773,2.32966,2.4459,3.2472,3.33531,3.49763,5.48595,5.40809,5.81172,0.205664,5.08501,5.09563,5.15289,5.47304,5.80478,6.16846,6.31801,1.17995,0.424324,0.926802,0.213697,0.278589,0.283036,0.30923,0.473872,0.61036,1.16189,3.06159,-9999,-9999
20130604,-9999,-9999,-9999,-9999,-9999,-9999,-9999,-9999,19.321,15.34,2.058,21.71,4.725,19.321,0.0,15.34,2.058,0.0,21.71,4.725,0.0,482.416,-9999,-9999,344.901,344.901,0.0,-9999,-9999,346.854,346.854,0.0,-9999,-9999,348.701,348.701,0.0,-9999,-9999,12.329,12.329,0.0,101.175,101.175,0.0,0.0,0.0,0.0,3.018,3.018,0.0,-9999,0.0,-9999,0.0,-9999,0.0,-9999,0.0,-9999,0.0,-9999,0.0,-9999,-9999,-9999,-9999,-9999,-9999,4.85288,0.0,39.2804,0.0,47.1268,-9999,-9999,-9999,-9999,71.8801,0.0,86.2384,-9999,-9999,-9999,-9999,11.0,3,18,30,0,0,4.00413,0.0,-9999,-9999,4.00519,0.0,-9999,-9999,3.91822,0.0,0.0453276,3.1548,3.61641,4.00413,4.01533,4.01533,4.11297,4.1296,0.0,0.0,0.0,0.0,0.0,0.0,0.0,4.31095,0.18998,0.0,-9999,-9999,3.58715,0.958607,0.0,-9999,-9999,4.31095,0.18998,0.0,-9999,-9999,3.58877,0.960265,0.0,-9999,-9999,4.2501,4.2501,4.2501,4.27059,4.34076,4.34232,4.3831,0.0,0.0,0.0,0.0,0.0,0.0,0.0,2.30182,2.94815,3.55619,3.64091,3.64091,3.73706,3.7627,0.0,0.0,0.0,0.0,0.0,0.0,0.0,6.16213,6.02568,6.28679,0.0555981,5.94433,5.99231,6.02443,6.1129,6.43424,6.86414,6.88299,2.15056,2.02049,2.36857,0.0601801,1.9625,1.98406,2.02205,2.10093,2.72452,2.80171,2.92111,5.37287,5.28957,5.58407,0.173883,4.99318,5.00663,5.04692,5.30889,5.63556,5.75162,5.81087,1.17121,0.534168,0.997791,0.205699,0.364067,0.369278,0.399698,0.58306,0.733063,1.15376,2.99151,-9999,-9999
20130605,-9999,-9999,-9999,-9999,-9999,-9999,-9999,-9999,18.866,15.02,2.651,21.174,4.914,18.866,0.0,15.02,2.651,0.0,21.174,4.914,0.0,482.987,-9999,-9999,346.649,346.649,0.0,-9999,-9999,347.657,347.657,0.0,-9999,-9999,349.638,349.638,0.0,-9999,-9999,11.286,11.286,0.0,101.392,101.392,0.0,0.0,0.0,0.0,2.785,2.785,0.0,-9999,0.0,-9999,0.0,-9999,0.0,-9999,0.0,-9999,0.0,-9999,0.0,-9999,-9999,-9999,-9999,-9999,-9999,8.34507,0.0,49.5623,0.0,59.5794,-9999,-9999,-9999,-9999,72.6191,0.0,87.2962,-9999,-9999,-9999,-9999,11.0,3,18,30,0,0,4.30873,0.0,-9999,-9999,4.35726,0.0,-9999,-9999,4.13409,0.0,0.0673315,3.1519,3.59588,3.99205,4.3163,4.41991,4.41991,4.51356,0.0,0.0,0.0,0.0,0.0,0.0,0.0,4.32252,0.197818,0.0,-9999,-9999,4.04984,0.600059,0.0,-9999,-9999,4.30591,0.196373,0.0,-9999,-9999,4.13463,0.524115,0.0,-9999,-9999,4.23506,4.25888,4.26047,4.27059,4.3823,4.38386,4.42464,0.0,0.0,0.0,0.0,0.0,0.0,0.0,2.29735,2.91321,3.5003,4.04984,4.25849,4.26608,4.40383,0.0,0.0,0.0,0.0,0.0,0.0,0.0,6.05365,5.92676,6.16964,0.0517087,5.85111,5.89572,5.92559,6.00787,6.30675,6.70664,6.72417,1.73736,1.56949,2.03571,0.0906852,1.38217,1.45925,1.54149,1.6155,2.60804,2.68755,2.78035,5.33687,5.25199,5.51849,0.166062,4.96371,4.97487,5.01318,5.264,5.54803,5.64176,5.69832,1.1719,0.611325,1.05612,0.203891,0.431137,0.436611,0.467777,0.655137,0.778151,1.15439,3.00253,-9999,-9999
20130606,-9999,-9999,-9999,-9999,-9999,-9999,-9999,-9999,20.808,16.717,3.713,23.263,5.828,20.808,0.0,16.717,3.713,0.0,23.263,5.828,0.0,483.522,-9999,-9999,346.462,346.462,0.0,-9999,-9999,354.415,354.415,0.0,-9999,-9999,357.515,357.515,0.0,-9999,-9999,14.031,14.031,0.0,101.214,101.214,0.0,0.0,0.0,0.0,2.619,2.619,0.0,-9999,0.0,-9999,0.0,-9999,0.0,-9999,0.0,-9999,0.0,-9999,0.0,-9999,-9999,-9999,-9999,-9999,-9999,10.7525,0.0,49.8512,0.0,60.1025,-9999,-9999,-9999,-9999,81.0666,0.0,97.737,-9999,-9999,-9999,-9999,11.0,3,18,30,0,0,4.04748,0.0,-9999,-9999,4.04092,0.0,-9999,-9999,3.92768,0.0,0.048317,3.20835,3.57622,3.9808,4.04863,4.05554,4.12192,4.12692,0.0,0.0,0.0,0.0,0.0,0.0,0.0,4.34631,0.226228,0.0,-9999,-9999,3.63276,0.609805,0.0,-9999,-9999,4.32945,0.227486,0.0,-9999,-9999,3.63276,0.609805,0.0,-9999,-9999,4.23816,4.2567,4.2567,4.27059,4.3823,4.38386,4.42464,0.0,0.0,0.0,0.0,0.0,0.0,0.0,2.38438,2.88289,3.48295,3.68829,3.69588,3.73365,3.73365,0.0,0.0,0.0,0.0,0.0,0.0,0.0,6.53878,6.3629,6.70336,0.0726684,6.25852,6.32003,6.36128,6.4752,6.89246,7.45885,7.48389,2.48373,2.32198,2.77584,0.0772875,2.24987,2.28049,2.32263,2.43964,3.25106,3.34051,3.50309,5.47883,5.40083,5.80702,0.20666,5.07891,5.08965,5.1462,5.46463,5.79711,6.16445,6.3294,1.1736,0.469365,0.951715,0.208452,0.319214,0.323783,0.349884,0.517067,0.660251,1.15605,3.00368,-9999,-9999
20130607,-9999,-9999,-9999,-9999,-9999,-9999,-9999,-9999,24.065,19.245,4.393,26.958,6.984,24.065,0.0,19.245,4.393,0.0,26.958,6.984,0.0,484.022,-9999,-9999,353.305,353.305,0.0,-9999,-9999,361.482,361.482,0.0,-9999,-9999,365.752,365.752,0.0,-9999,-9999,18.578,18.578,0.0,100.874,100.874,0.0,0.0,0.0,0.0,2.874,2.874,0.0,-9999,0.0,-9999,0.0,-9999,0.0,-9999,0.0,-9999,0.0,-9999,0.0,-9999,-9999,-9999,-9999,-9999,-9999,4.85288,0.0,39.2804,0.0,47.4905,-9999,-9999,-9999,-9999,71.8801,0.0,86.9041,-9999,-9999,-9999,-9999,11.0,3,18,30,0,0,4.00413,0.0,-9999,-9999,4.00519,0.0,-9999,-9999,3.91822,0.0,0.0453276,3.1548,3.61641,4.00413,4.01533,4.01533,4.11297,4.1296,0.0,0.0,0.0,0.0,0.0,0.0,0.0,4.31095,0.18998,0.0,-9999,-9999,3.58715,0.958607,0.0,-9999,-9999,4.31095,0.18998,0.0,-9999,-9999,3.58877,0.960265,0.0,-9999,-9999,4.2501,4.2501,4.2501,4.27059,4.34076,4.34232,4.3831,0.0,0.0,0.0,0.0,0.0,0.0,0.0,2.30182,2.94815,3.55619,3.64091,3.64091,3.73706,3.7627,0.0,0.0,0.0,0.0,0.0,0.0,0.0,7.36289,7.09932,7.61811,0.111096,6.94391,7.0354,7.0969,7.26738,7.89925,8.77506,8.81424,3.35132,3.09412,3.69989,0.106476,3.00042,3.03361,3.09615,3.25855,4.27908,4.64322,4.8021,5.70831,5.64182,6.29632,0.282526,5.26456,5.27368,5.36123,5.73833,6.04844,7.00061,7.61751,1.18171,0.312483,0.837569,0.215499,0.213291,0.216725,0.233569,0.354624,0.470125,1.1637,3.05326,-9999,-9999
20130608,-9999,-9999,-9999,-9999,-9999,-9999,-9999,-9999,26.17,20.381,2.998,29.643,6.445,26.17,0.0,20.381,2.998,0.0,29.643,6.445,0.0,484.485,-9999,-9999,351.948,351.948,0.0,-9999,-9999,377.463,377.463,0.0,-9999,-9999,384.379,384.379,0.0,-9999,-9999,19.931,19.931,0.0,100.57,100.57,0.0,0.0,0.0,0.0,2.975,2.975,0.0,-9999,0.0,-9999,0.0,-9999,0.0,-9999,0.0,-9999,0.0,-9999,0.0,-9999,-9999,-9999,-9999,-9999,-9999,8.34507,0.0,49.5623,0.0,60.0182,-9999,-9999,-9999,-9999,72.6191,0.0,87.9392,-9999,-9999,-9999,-9999,11.0,3,18,30,0,0,4.30873,0.0,-9999,-9999,4.35726,0.0,-9999,-9999,4.13409,0.0,0.0673315,3.1519,3.59588,3.99205,4.3163,4.41991,4.41991,4.51356,0.0,0.0,0.0,0.0,0.0,0.0,0.0,4.32252,0.197818,0.0,-9999,-9999,4.04984,0.600059,0.0,-9999,-9999,4.30591,0.196373,0.0,-9999,-9999,4.13463,0.524115,0.0,-9999,-9999,4.23506,4.25888,4.26047,4.27059,4.3823,4.38386,4.42464,0.0,0.0,0.0,0.0,0.0,0.0,0.0,2.29735,2.91321,3.5003,4.04984,4.25849,4.26608,4.40383,0.0,0.0,0.0,0.0,0.0,0.0,0.0,7.89305,7.57333,8.20641,0.135729,7.38524,7.49593,7.5704,7.77709,8.54642,9.62072,9.66898,3.57676,3.21606,4.07248,0.159936,2.96923,3.05351,3.23267,3.37308,4.82849,5.48745,5.67693,5.85705,5.79798,6.6118,0.332193,5.38498,5.39592,5.50062,5.92851,6.21133,7.5383,8.4453,1.17899,0.271781,0.801575,0.215063,0.18717,0.190329,0.204673,0.31041,0.419583,1.1611,3.042,-9999,-9999
20130609,-9999,-9999,-9999,-9999,-9999,-9999,-9999,-9999,19.935,16.845,1.133,21.789,3.406,19.935,0.0,16.845,1.133,0.0,21.789,3.406,0.0,484.913,-9999,-9999,324.184,324.184,0.0,-9999,-9999,371.982,371.982,0.0,-9999,-9999,377.991,377.991,0.0,-9999,-9999,10.203,10.203,0.0,100.975,100.975,0.0,0.0,0.0,0.0,3.879,3.879,0.0,-9999,0.0,-9999,0.0,-9999,0.0,-9999,0.0,-9999,0.0,-9999,0.0,-9999,-9999,-9999,-9999,-9999,-9999,10.7525,0.0,49.8512,0.0,60.4653,-9999,-9999,-9999,-9999,81.0666,0.0,98.327,-9999,-9999,-9999,-9999,11.0,3,18,30,0,0,4.04748,0.0,-9999,-9999,4.04092,0.0,-9999,-9999,3.92768,0.0,0.048317,3.20835,3.57622,3.9808,4.04863,4.05554,4.12192,4.12692,0.0,0.0,0.0,0.0,0.0,0.0,0.0,4.34631,0.226228,0.0,-9999,-9999,3.63276,0.609805,0.0,-9999,-9999,4.32945,0.227486,0.0,-9999,-9999,3.63276,0.609805,0.0,-9999,-9999,4.23816,4.2567,4.2567,4.27059,4.3823,4.38386,4.42464,0.0,0.0,0.0,0.0,0.0,0.0,0.0,2.38438,2.88289,3.48295,3.68829,3.69588,3.73365,3.73365,0.0,0.0,0.0,0.0,0.0,0.0,0.0,6.29978,6.15405,6.43076,0.058854,6.06691,6.11832,6.15271,6.24726,6.58879,7.04132,7.06105,2.24473,2.11313,2.50324,0.0668737,2.04938,2.07728,2.11367,2.21096,2.9194,2.96728,3.12794,5.42665,5.34545,5.66878,0.18157,5.0376,5.04985,5.09733,5.38052,5.73909,5.90527,5.94862,1.14519,0.694882,1.09131,0.189497,0.508087,0.51446,0.546547,0.731486,0.863452,1.12927,2.83632,-9999,-9999
20130610,-9999,-9999,-9999,-9999,-9999,-9999,-9999,-9999,17.612,15.542,1.436,18.854,2.53,17.612,0.0,15.542,1.436,0.0,18.854,2.53,0.0,485.304,-9999,-9999,227.838,227.838,0.0,-9999,-9999,369.187,369.187,0.0,-9999,-9999,374.733,374.733,0.0,-9999,-9999,8.453,8.453,0.0,101.254,101.254,0.0,0.072,0.072,0.0,2.921,2.921,0.0,-9999,-9999,-9999,-9999,-9999,-9999,-9999,-9999,-9999,-9999,-9999,-9999,-9999,-9999,-9999,-9999,-9999,-9999,4.85288,0.0,39.2804,0.0,47.7204,-9999,-9999,-9999,-9999,71.8801,0.0,87.3248,-9999,-9999,-9999,-9999,11.0,3,18,30,0,0,4.00413,0.0,-9999,-9999,4.00519,0.0,-9999,-9999,3.91822,0.0,0.0453276,3.1548,3.61641,4.00413,4.01533,4.01533,4.11297,4.1296,0.0,0.0,0.0,0.0,0.0,0.0,0.0,4.31095,0.18998,0.0,-9999,-9999,3.58715,0.958607,0.0,-9999,-9999,4.31095,0.18998,0.0,-9999,-9999,3.58877,0.960265,0.0,-9999,-9999,4.2501,4.2501,4.2501,4.27059,4.34076,4.34232,4.3831,0.0,0.0,0.0,0.0,0.0,0.0,0.0,2.30182,2.94815,3.55619,3.64091,3.64091,3.73706,3.7627,0.0,0.0,0.0,0.0,0.0,0.0,0.0,5.72753,5.6365,5.80655,0.0360231,5.58171,5.61407,5.63566,5.69482,5.90589,6.17969,6.19148,1.71596,1.63131,1.88833,0.0486785,1.58612,1.60351,1.63271,1.68172,2.0983,2.22726,2.36518,5.25092,5.16148,5.32747,0.138048,4.89437,4.89699,4.92967,5.15017,5.29921,5.36104,5.54749,1.0431,0.799959,1.05894,0.135734,0.647327,0.649264,0.677233,0.806316,0.997824,1.03417,2.12036,-9999,-9999
20130611,-9999,-9999,-9999,-9999,-9999,-9999,-9999,-9999,19.221,15.689,2.648,21.341,4.213,19.221,0.0,15.689,2.648,0.0,21.341,4.213,0.0,485.659,-9999,-9999,324.064,324.064,0.0,-9999,-9999,349.676,349.676,0.0,-9999,-9999,351.991,351.991,0.0,-9999,-9999,11.434,11.434,0.0,101.377,101.377,0.0,0.081,0.081,0.0,2.645,2.645,0.0,-9999,0.0,-9999,0.0,-9999,0.0,-9999,0.0,-9999,0.0,-9999,0.0,-9999,-9999,-9999,-9999,-9999,-9999,8.34507,0.0,49.5623,0.0,60.3083,-9999,-9999,-9999,-9999,72.6191,0.0,88.3642,-9999,-9999,-9999,-9999,11.0,3,18,30,0,0,4.30873,0.0,-9999,-9999,4.35726,0.0,-9999,-9999,4.13409,0.0,0.0673315,3.1519,3.59588,3.99205,4.3163,4.41991,4.41991,4.51356,0.0,0.0,0.0,0.0,0.0,0.0,0.0,4.32252,0.197818,0.0,-9999,-9999,4.04984,0.600059,0.0,-9999,-9999,4.30591,0.196373,0.0,-9999,-9999,4.13463,0.524115,0.0,-9999,-9999,4.23506,4.25888,4.26047,4.27059,4.3823,4.38386,4.42464,0.0,0.0,0.0,0.0,0.0,0.0,0.0,2.29735,2.91321,3.5003,4.04984,4.25849,4.26608,4.40383,0.0,0.0,0.0,0.0,0.0,0.0,0.0,6.13413,6.00151,6.25432,0.0537944,5.92232,5.96903,6.00028,6.08631,6.39789,6.8127,6.83083,1.81783,1.64424,2.12039,0.0921124,1.45547,1.53217,1.6176,1.69517,2.6917,2.76668,2.88633,5.36747,5.2838,5.56789,0.170751,4.98895,5.00256,5.04186,5.30149,5.61503,5.69816,5.77941,1.16049,0.593911,1.02142,0.194799,0.412184,0.41767,0.449961,0.638857,0.765481,1.14416,2.85261,-9999,-9999
20130612,-9999,-9999,-9999,-9999,-9999,-9999,-9999,-9999,20.809,16.473,2.043,23.411,4.635,20.809,0.0,16.473,2.043,0.0,23.411,4.635,0.0,485.979,-9999,-9999,362.242,362.242,0.0,-9999,-9999,335.698,335.698,0.0,-9999,-9999,335.698,335.698,0.0,-9999,-9999,15.226,15.226,0.0,101.347,101.347,0.0,0.0,0.0,0.0,2.981,2.981,0.0,-9999,0.0,-9999,0.0,-9999,0.0,-9999,0.0,-9999,0.0,-9999,0.0,-9999,-9999,-9999,-9999,-9999,-9999,10.7525,0.0,49.8512,0.0,60.7448,-9999,-9999,-9999,-9999,81.0666,0.0,98.7816,-9999,-9999,-9999,-9999,11.0,3,18,30,0,0,4.04748,0.0,-9999,-9999,4.04092,0.0,-9999,-9999,3.92768,0.0,0.048317,3.20835,3.57622,3.9808,4.04863,4.05554,4.12192,4.12692,0.0,0.0,0.0,0.0,0.0,0.0,0.0,4.34631,0.226228,0.0,-9999,-9999,3.63276,0.609805,0.0,-9999,-9999,4.32945,0.227486,0.0,-9999,-9999,3.63276,0.609805,0.0,-9999,-9999,4.23816,4.2567,4.2567,4.27059,4.3823,4.38386,4.42464,0.0,0.0,0.0,0.0,0.0,0.0,0.0,2.38438,2.88289,3.48295,3.68829,3.69588,3.73365,3.73365,0.0,0.0,0.0,0.0,0.0,0.0,0.0,6.52837,6.35663,6.68697,0.0704334,6.25444,6.31469,6.35504,6.46636,6.87216,7.4187,7.44275,2.47332,2.31571,2.75946,0.07553,2.24469,2.27495,2.31634,2.43069,3.21397,3.30002,3.46195,5.4849,5.40685,5.80285,0.20323,5.08437,5.09506,5.15191,5.46808,5.80356,6.15081,6.27952,1.19226,0.423474,0.935271,0.217532,0.282785,0.287072,0.311725,0.472114,0.605822,1.17368,3.11756,-9999,-9999
20130613,-9999,-9999,-9999,-9999,-9999,-9999,-9999,-9999,20.306,16.314,3.471,22.701,5.326,20.306,0.0,16.314,3.471,0.0,22.701,5.326,0.0,486.263,-9999,-9999,366.292,366.292,0.0,-9999,-9999,327.784,327.784,0.0,-9999,-9999,326.473,326.473,0.0,-9999,-9999,16.158,16.158,0.0,101.655,101.655,0.0,0.0,0.0,0.0,3.244,3.244,0.0,-9999,0.0,-9999,0.0,-9999,0.0,-9999,0.0,-9999,0.0,-9999,0.0,-9999,-9999,-9999,-9999,-9999,-9999,4.85288,0.0,39.2804,0.0,47.8932,-9999,-9999,-9999,-9999,71.8801,0.0,87.6409,-9999,-9999,-9999,-9999,11.0,3,18,30,0,0,4.00413,0.0,-9999,-9999,4.00519,0.0,-9999,-9999,3.91822,0.0,0.0453276,3.1548,3.61641,4.00413,4.01533,4.01533,4.11297,4.1296,0.0,0.0,0.0,0.0,0.0,0.0,0.0,4.31095,0.18998,0.0,-9999,-9999,3.58715,0.958607,0.0,-9999,-9999,4.31095,0.18998,0.0,-9999,-9999,3.58877,0.960265,0.0,-9999,-9999,4.2501,4.2501,4.2501,4.27059,4.34076,4.34232,4.3831,0.0,0.0,0.0,0.0,0.0,0.0,0.0,2.30182,2.94815,3.55619,3.64091,3.64091,3.73706,3.7627,0.0,0.0,0.0,0.0,0.0,0.0,0.0,6.41093,6.24879,6.56128,0.0666402,6.15241,6.20922,6.2473,6.35237,6.73595,7.25379,7.2766,2.39936,2.2436,2.64306,0.0683081,2.17837,2.20229,2.24526,2.34103,3.05143,3.13202,3.26447,5.44372,5.36394,5.73132,0.195081,5.05055,5.06219,5.11331,5.41104,5.75865,6.0346,6.12847,1.19658,0.417177,0.934797,0.219585,0.280447,0.284604,0.308222,0.465015,0.596282,1.17775,3.14624,-9999,-9999
20130614,-9999,-9999,-9999,-9999,-9999,-9999,-9999,-9999,22.66,17.863,2.252,25.538,5.068,22.66,0.0,17.863,2.252,0.0,25.538,5.068,0.0,486.51,-9999,-9999,361.638,361.638,0.0,-9999,-9999,336.558,336.558,0.0,-9999,-9999,336.701,336.701,0.0,-9999,-9999,20.52,20.52,0.0,101.143,101.143,0.0,0.0,0.0,0.0,3.109,3.109,0.0,-9999,0.0,-9999,0.0,-9999,0.0,-9999,0.0,-9999,0.0,-9999,0.0,-9999,-9999,-9999,-9999,-9999,-9999,8.34507,0.0,49.5623,0.0,60.3972,-9999,-9999,-9999,-9999,72.6191,0.0,88.4945,-9999,-9999,-9999,-9999,11.0,3,18,30,0,0,4.30873,0.0,-9999,-9999,4.35726,0.0,-9999,-9999,4.13409,0.0,0.0673315,3.1519,3.59588,3.99205,4.3163,4.41991,4.41991,4.51356,0.0,0.0,0.0,0.0,0.0,0.0,0.0,4.32252,0.197818,0.0,-9999,-9999,4.04984,0.600059,0.0,-9999,-9999,4.30591,0.196373,0.0,-9999,-9999,4.13463,0.524115,0.0,-9999,-9999,4.23506,4.25888,4.26047,4.27059,4.3823,4.38386,4.42464,0.0,0.0,0.0,0.0,0.0,0.0,0.0,2.29735,2.91321,3.5003,4.04984,4.25849,4.26608,4.40383,0.0,0.0,0.0,0.0,0.0,0.0,0.0,6.99366,6.77393,7.20057,0.0911388,6.64369,6.72043,6.77191,6.9142,7.43648,8.14831,8.17984,2.67736,2.41667,3.06664,0.120885,2.20688,2.27799,2.41023,2.50772,3.8943,4.01504,4.18779,5.61827,5.54679,6.07915,0.2442,5.19245,5.20042,5.27688,5.62047,5.94956,6.62127,6.98645,1.19035,0.242517,0.794441,0.222098,0.143678,0.14646,0.164823,0.279792,0.427499,1.17186,3.11167,-9999,-9999
20130615,-9999,-9999,-9999,-9999,-9999,-9999,-9999,-9999,20.084,15.778,2.37,22.668,5.013,20.084,0.0,15.778,2.37,0.0,22.668,5.013,0.0,486.721,-9999,-9999,363.108,363.108,0.0,-9999,-9999,335.114,335.114,0.0,-9999,-9999,335.018,335.018,0.0,-9999,-9999,13.561,13.561,0.0,101.19,101.19,0.0,0.0,0.0,0.0,3.065,3.065,0.0,-9999,0.0,-9999,0.0,-9999,0.0,-9999,0.0,-9999,0.0,-9999,0.0,-9999,-9999,-9999,-9999,-9999,-9999,10.7525,0.0,49.8512,0.0,60.7031,-9999,-9999,-9999,-9999,81.0666,0.0,98.7138,-9999,-9999,-9999,-9999,11.0,3,18,30,0,0,4.04748,0.0,-9999,-9999,4.04092,0.0,-9999,-9999,3.92768,0.0,0.048317,3.20835,3.57622,3.9808,4.04863,4.05554,4.12192,4.12692,0.0,0.0,0.0,0.0,0.0,0.0,0.0,4.34631,0.226228,0.0,-9999,-9999,3.63276,0.609805,0.0,-9999,-9999,4.32945,0.227486,0.0,-9999,-9999,3.63276,0.609805,0.0,-9999,-9999,4.23816,4.2567,4.2567,4.27059,4.3823,4.38386,4.42464,0.0,0.0,0.0,0.0,0.0,0.0,0.0,2.38438,2.88289,3.48295,3.68829,3.69588,3.73365,3.73365,0.0,0.0,0.0,0.0,0.0,0.0,0.0,6.35293,6.19725,6.49662,0.0638159,6.10461,6.15922,6.19581,6.29672,6.66451,7.15962,7.18141,2.29788,2.15633,2.56911,0.0704781,2.08989,2.11866,2.1569,2.26066,2.98128,3.08874,3.20061,5.42871,5.34812,5.69747,0.189751,5.03849,5.05053,5.09924,5.39148,5.74217,5.9755,6.03602,1.19297,0.472376,0.972757,0.216324,0.322461,0.327072,0.353062,0.520687,0.663839,1.17436,3.12325,-9999,-9999
20130616,-9999,-9999,-9999,-9999,-9999,-9999,-9999,-9999,20.495,16.214,2.968,23.063,5.128,20.495,0.0,16.214,2.968,0.0,23.063,5.128,0.0,486.897,-9999,-9999,359.008,359.008,0.0,-9999,-9999,340.625,340.625,0.0,-9999,-9999,341.442,341.442,0.0,-9999,-9999,14.13,14.13,0.0,101.655,101.655,0.0,0.0,0.0,0.0,3.547,3.547,0.0,-9999,0.0,-9999,0.0,-9999,0.0,-9999,0.0,-9999,0.0,-9999,0.0,-9999,-9999,-9999,-9999,-9999,-9999,4.85288,0.0,39.2804,0.0,47.7693,-9999,-9999,-9999,-9999,71.8801,0.0,87.4141,-9999,-9999,-9999,-9999,11.0,3,18,30,0,0,4.00413,0.0,-9999,-9999,4.00519,0.0,-9999,-9999,3.91822,0.0,0.0453276,3.1548,3.61641,4.00413,4.01533,4.01533,4.11297,4.1296,0.0,0.0,0.0,0.0,0.0,0.0,0.0,4.31095,0.18998,0.0,-9999,-9999,3.58715,0.958607,0.0,-9999,-9999,4.31095,0.18998,0.0,-9999,-9999,3.58877,0.960265,0.0,-9999,-9999,4.2501,4.2501,4.2501,4.27059,4.34076,4.34232,4.3831,0.0,0.0,0.0,0.0,0.0,0.0,0.0,2.30182,2.94815,3.55619,3.64091,3.64091,3.73706,3.7627,0.0,0.0,0.0,0.0,0.0,0.0,0.0,6.45584,6.28972,6.60987,0.0682745,6.19096,6.24918,6.28819,6.39584,6.78883,7.31934,7.34271,2.44427,2.28453,2.69165,0.0695793,2.21816,2.24245,2.2862,2.38461,3.1152,3.19776,3.33058,5.45859,5.37946,5.75851,0.198452,5.06272,5.07401,5.12724,5.42962,5.77487,6.07937,6.18981,1.18917,0.464148,0.962405,0.214832,0.313569,0.318112,0.34436,0.512224,0.655983,1.17079,3.09475,-9999,-9999
20130617,-9999,-9999,-9999,-9999,-9999,-9999,-9999,-9999,19.341,15.576,1.707,21.6,3.963,19.341,0.0,15.576,1.707,0.0,21.6,3.963,0.0,487.036,-9999,-9999,361.549,361.549,0.0,-9999,-9999,337.111,337.111,0.0,-9999,-9999,337.345,337.345,0.0,-9999,-9999,11.791,11.791,0.0,101.695,101.695,0.0,0.0,0.0,0.0,4.159,4.159,0.0,-9999,-9999,-9999,-9999,-9999,-9999,-9999,-9999,-9999,-9999,-9999,-9999,-9999,-9999,-9999,-9999,-9999,-9999,8.34507,0.0,49.5623,0.0,60.1649,-9999,-9999,-9999,-9999,72.6191,0.0,88.154,-9999,-9999,-9999,-9999,11.0,3,18,30,0,0,4.30873,0.0,-9999,-9999,4.35726,0.0,-9999,-9999,4.13409,0.0,0.0673315,3.1519,3.59588,3.99205,4.3163,4.41991,4.41991,4.51356,0.0,0.0,0.0,0.0,0.0,0.0,0.0,4.32252,0.197818,0.0,-9999,-9999,4.04984,0.600059,0.0,-9999,-9999,4.30591,0.196373,0.0,-9999,-9999,4.13463,0.524115,0.0,-9999,-9999,4.23506,4.25888,4.26047,4.27059,4.3823,4.38386,4.42464,0.0,0.0,0.0,0.0,0.0,0.0,0.0,2.29735,2.91321,3.5003,4.04984,4.25849,4.26608,4.40383,0.0,0.0,0.0,0.0,0.0,0.0,0.0,6.16101,6.02645,6.2827,0.0545183,5.94607,5.99349,6.02521,6.1125,6.42843,6.84852,6.86687,1.84472,1.66919,2.14877,0.0926131,1.47994,1.5565,1.643,1.72178,2.71966,2.79311,2.92244,5.37775,5.29448,5.58452,0.172366,4.99744,5.01082,5.05149,5.31404,5.63739,5.73005,5.80656,1.19241,0.56599,1.04073,0.213136,0.38457,0.390045,0.42288,0.614007,0.759172,1.17386,3.11343,-9999,-9999
20130618,-9999,-9999,-9999,-9999,-9999,-9999,-9999,-9999,17.126,14.316,1.421,18.812,3.457,17.126,0.0,14.316,1.421,0.0,18.812,3.457,0.0,487.14,-9999,-9999,320.98,320.98,0.0,-9999,-9999,343.734,343.734,0.0,-9999,-9999,345.065,345.065,0.0,-9999,-9999,8.461,8.461,0.0,101.566,101.566,0.0,0.075,0.075,0.0,4.248,4.248,0.0,-9999,0.0,-9999,0.0,-9999,0.0,-9999,0.0,-9999,0.0,-9999,0.0,-9999,-9999,-9999,-9999,-9999,-9999,10.7525,0.0,49.8512,0.0,60.4062,-9999,-9999,-9999,-9999,81.0666,0.0,98.2309,-9999,-9999,-9999,-9999,11.0,3,18,30,0,0,4.04748,0.0,-9999,-9999,4.04092,0.0,-9999,-9999,3.92768,0.0,0.048317,3.20835,3.57622,3.9808,4.04863,4.05554,4.12192,4.12692,0.0,0.0,0.0,0.0,0.0,0.0,0.0,4.34631,0.226228,0.0,-9999,-9999,3.63276,0.609805,0.0,-9999,-9999,4.32945,0.227486,0.0,-9999,-9999,3.63276,0.609805,0.0,-9999,-9999,4.23816,4.2567,4.2567,4.27059,4.3823,4.38386,4.42464,0.0,0.0,0.0,0.0,0.0,0.0,0.0,2.38438,2.88289,3.48295,3.68829,3.69588,3.73365,3.73365,0.0,0.0,0.0,0.0,0.0,0.0,0.0,5.61805,5.53478,5.69133,0.0331881,5.48477,5.51429,5.534,5.58809,5.78195,6.03541,6.04637,1.563,1.49386,1.76381,0.0519072,1.44794,1.47001,1.49417,1.55025,1.93786,2.13978,2.33089,5.20902,5.11793,5.26005,0.132112,4.85385,4.85998,4.88937,5.10027,5.23596,5.2549,5.50185,1.12407,0.738236,1.1148,0.184581,0.55732,0.56386,0.593133,0.768941,0.925636,1.10871,2.79549,-9999,-9999
20130619,-9999,-9999,-9999,-9999,-9999,-9999,-9999,-9999,17.995,14.614,3.212,20.024,4.387,17.995,0.0,14.614,3.212,0.0,20.024,4.387,0.0,487.207,-9999,-9999,363.333,363.333,0.0,-9999,-9999,325.442,325.442,0.0,-9999,-9999,323.744,323.744,0.0,-9999,-9999,12.031,12.031,0.0,101.638,101.638,0.0,0.0,0.0,0.0,4.034,4.034,0.0,-9999,0.0,-9999,0.0,-9999,0.0,-9999,0.0,-9999,0.0,-9999,0.0,-9999,-9999,-9999,-9999,-9999,-9999,4.85288,0.0,39.2804,0.0,47.5367,-9999,-9999,-9999,-9999,71.8801,0.0,86.9885,-9999,-9999,-9999,-9999,11.0,3,18,30,0,0,4.00413,0.0,-9999,-9999,4.00519,0.0,-9999,-9999,3.91822,0.0,0.0453276,3.1548,3.61641,4.00413,4.01533,4.01533,4.11297,4.1296,0.0,0.0,0.0,0.0,0.0,0.0,0.0,4.31095,0.18998,0.0,-9999,-9999,3.58715,0.958607,0.0,-9999,-9999,4.31095,0.18998,0.0,-9999,-9999,3.58877,0.960265,0.0,-9999,-9999,4.2501,4.2501,4.2501,4.27059,4.34076,4.34232,4.3831,0.0,0.0,0.0,0.0,0.0,0.0,0.0,2.30182,2.94815,3.55619,3.64091,3.64091,3.73706,3.7627,0.0,0.0,0.0,0.0,0.0,0.0,0.0,5.83957,5.73337,5.93552,0.0429773,5.66993,5.70735,5.73239,5.80129,6.05054,6.38163,6.39609,1.828,1.72818,2.0173,0.0522172,1.6788,1.69755,1.72963,1.78857,2.30741,2.38395,2.48215,5.27136,5.18342,5.3904,0.149516,4.91037,4.91368,4.95178,5.18131,5.37811,5.47299,5.57013,1.19414,0.582313,1.05457,0.213507,0.400638,0.405895,0.437909,0.630169,0.765938,1.17548,3.12583,-9999,-9999
20130620,-9999,-9999,-9999,-9999,-9999,-9999,-9999,-9999,19.9,15.997,2.581,22.242,4.813,19.9,0.0,15.997,2.581,0.0,22.242,4.813,0.0,487.239,-9999,-9999,361.069,361.069,0.0,-9999,-9999,334.393,334.393,0.0,-9999,-9999,334.178,334.178,0.0,-9999,-9999,14.534,14.534,0.0,101.422,101.422,0.0,0.0,0.0,0.0,3.821,3.821,0.0,-9999,0.0,-9999,0.0,-9999,0.0,-9999,0.0,-9999,0.0,-9999,0.0,-9999,-9999,-9999,-9999,-9999,-9999,8.34507,0.0,49.5623,0.0,59.9033,-9999,-9999,-9999,-9999,72.6191,0.0,87.7708,-9999,-9999,-9999,-9999,11.0,3,18,30,0,0,4.30873,0.0,-9999,-9999,4.35726,0.0,-9999,-9999,4.13409,0.0,0.0673315,3.1519,3.59588,3.99205,4.3163,4.41991,4.41991,4.51356,0.0,0.0,0.0,0.0,0.0,0.0,0.0,4.32252,0.197818,0.0,-9999,-9999,4.04984,0.600059,0.0,-9999,-9999,4.30591,0.196373,0.0,-9999,-9999,4.13463,0.524115,0.0,-9999,-9999,4.23506,4.25888,4.26047,4.27059,4.3823,4.38386,4.42464,0.0,0.0,0.0,0.0,0.0,0.0,0.0,2.29735,2.91321,3.5003,4.04984,4.25849,4.26608,4.40383,0.0,0.0,0.0,0.0,0.0,0.0,0.0,6.30513,6.15487,6.44302,0.0613897,6.06537,6.11814,6.15349,6.2509,6.60525,7.08062,7.10149,1.98883,1.79761,2.30909,0.0974943,1.60459,1.68016,1.77505,1.85316,2.93345,2.99842,3.14277,5.4164,5.33515,5.66931,0.18523,5.0286,5.04096,5.08771,5.37134,5.72867,5.92665,5.9613,1.19208,0.460216,0.962077,0.216068,0.307863,0.312434,0.339273,0.509661,0.653535,1.17356,3.11002,-9999,-9999
20130621,-9999,-9999,-9999,-9999,-9999,-9999,-9999,-9999,21.442,16.82,3.02,24.215,5.347,21.442,0.0,16.82,3.02,0.0,24.215,5.347,0.0,487.235,-9999,-9999,360.127,360.127,0.0,-9999,-9999,340.398,340.398,0.0,-9999,-9999,341.177,341.177,0.0,-9999,-9999,16.988,16.988,0.0,101.332,101.332,0.0,0.0,0.0,0.0,3.871,3.871,0.0,-9999,0.0,-9999,0.0,-9999,0.0,-9999,0.0,-9999,0.0,-9999,0.0,-9999,-9999,-9999,-9999,-9999,-9999,10.7525,0.0,49.8512,0.0,60.176,-9999,-9999,-9999,-9999,81.0666,0.0,97.8566,-9999,-9999,-9999,-9999,11.0,3,18,30,0,0,4.04748,0.0,-9999,-9999,4.04092,0.0,-9999,-9999,3.92768,0.0,0.048317,3.20835,3.57622,3.9808,4.04863,4.05554,4.12192,4.12692,0.0,0.0,0.0,0.0,0.0,0.0,0.0,4.34631,0.226228,0.0,-9999,-9999,3.63276,0.609805,0.0,-9999,-9999,4.32945,0.227486,0.0,-9999,-9999,3.63276,0.609805,0.0,-9999,-9999,4.23816,4.2567,4.2567,4.27059,4.3823,4.38386,4.42464,0.0,0.0,0.0,0.0,0.0,0.0,0.0,2.38438,2.88289,3.48295,3.68829,3.69588,3.73365,3.73365,0.0,0.0,0.0,0.0,0.0,0.0,0.0,6.69293,6.50264,6.87114,0.0786677,6.38972,6.45627,6.50089,6.62415,7.07571,7.689,7.71612,2.63788,2.46172,2.94362,0.0821251,2.38552,2.41747,2.46243,2.58894,3.46244,3.56708,3.73532,5.52739,5.45161,5.89951,0.218917,5.11852,5.12808,5.19171,5.51738,5.85017,6.31942,6.54703,1.19099,0.364655,0.888132,0.217978,0.245113,0.248986,0.269521,0.409313,0.536288,1.17253,3.10327,-9999,-9999
20130622,-9999,-9999,-9999,-9999,-9999,-9999,-9999,-9999,22.932,18.4,2.561,25.651,5.621,22.932,0.0,18.4,2.561,0.0,25.651,5.621,0.0,487.194,-9999,-9999,358.23,358.23,0.0,-9999,-9999,347.741,347.741,0.0,-9999,-9999,349.735,349.735,0.0,-9999,-9999,19.011,19.011,0.0,101.147,101.147,0.0,0.0,0.0,0.0,3.425,3.425,0.0,-9999,0.0,-9999,0.0,-9999,0.0,-9999,0.0,-9999,0.0,-9999,0.0,-9999,-9999,-9999,-9999,-9999,-9999,4.85288,0.0,39.2804,0.0,47.3795,-9999,-9999,-9999,-9999,71.8801,0.0,86.7009,-9999,-9999,-9999,-9999,11.0,3,18,30,0,0,4.00413,0.0,-9999,-9999,4.00519,0.0,-9999,-9999,3.91822,0.0,0.0453276,3.1548,3.61641,4.00413,4.01533,4.01533,4.11297,4.1296,0.0,0.0,0.0,0.0,0.0,0.0,0.0,4.31095,0.18998,0.0,-9999,-9999,3.58715,0.958607,0.0,-9999,-9999,4.31095,0.18998,0.0,-9999,-9999,3.58877,0.960265,0.0,-9999,-9999,4.2501,4.2501,4.2501,4.27059,4.34076,4.34232,4.3831,0.0,0.0,0.0,0.0,0.0,0.0,0.0,2.30182,2.94815,3.55619,3.64091,3.64091,3.73706,3.7627,0.0,0.0,0.0,0.0,0.0,0.0,0.0,7.06383,6.83618,7.27925,0.0946914,6.70135,6.78078,6.83408,6.98148,7.52341,8.26418,8.29705,3.05226,2.83099,3.36103,0.091736,2.74724,2.77719,2.83288,2.97176,3.9694,4.13234,4.28492,5.6365,5.56598,6.12061,0.25109,5.20713,5.21532,5.29396,5.64407,5.96956,6.69295,7.10166,1.18887,0.325413,0.854351,0.2177,0.221729,0.225291,0.242837,0.369064,0.488448,1.17054,3.08962,-9999,-9999
20130623,-9999,-9999,-9999,-9999,-9999,-9999,-9999,-9999,18.47,16.996,1.015,19.354,2.191,18.47,0.0,16.996,1.015,0.0,19.354,2.191,0.0,487.118,-9999,-9999,223.896,223.896,0.0,-9999,-9999,376.287,376.287,0.0,-9999,-9999,383.008,383.008,0.0,-9999,-9999,8.026,8.026,0.0,101.026,101.026,0.0,0.343,0.343,0.0,3.457,3.457,0.0,-9999,0.0,-9999,0.0,-9999,0.0,-9999,0.0,-9999,0.0,-9999,0.0,-9999,-9999,-9999,-9999,-9999,-9999,8.34507,0.0,49.5623,0.0,59.7356,-9999,-9999,-9999,-9999,72.6191,0.0,87.5251,-9999,-9999,-9999,-9999,11.0,3,18,30,0,0,4.30873,0.0,-9999,-9999,4.35726,0.0,-9999,-9999,4.13409,0.0,0.0673315,3.1519,3.59588,3.99205,4.3163,4.41991,4.41991,4.51356,0.0,0.0,0.0,0.0,0.0,0.0,0.0,4.32252,0.197818,0.0,-9999,-9999,4.04984,0.600059,0.0,-9999,-9999,4.30591,0.196373,0.0,-9999,-9999,4.13463,0.524115,0.0,-9999,-9999,4.23506,4.25888,4.26047,4.27059,4.3823,4.38386,4.42464,0.0,0.0,0.0,0.0,0.0,0.0,0.0,2.29735,2.91321,3.5003,4.04984,4.25849,4.26608,4.40383,0.0,0.0,0.0,0.0,0.0,0.0,0.0,5.9319,5.82335,6.0263,0.0430265,5.75802,5.7966,5.82234,5.89288,6.14478,6.47194,6.48604,1.61561,1.46608,1.89237,0.0850673,1.28305,1.36126,1.4339,1.49646,2.37153,2.49399,2.65258,5.31963,5.23319,5.45074,0.151654,4.95083,4.9584,4.99705,5.23828,5.46146,5.55876,5.62249,1.0193,0.829788,1.07383,0.130966,0.689593,0.696208,0.718765,0.826839,1.00801,1.02289,2.07723,-9999,-9999
20130624,-9999,-9999,-9999,-9999,-9999,-9999,-9999,-9999,17.451,17.09,1.075,17.667,1.854,17.451,0.0,17.09,1.075,0.0,17.667,1.854,0.0,487.006,-9999,-9999,94.838,94.838,0.0,-9999,-9999,396.314,396.314,0.0,-9999,-9999,406.352,406.352,0.0,-9999,-9999,5.392,5.392,0.0,101.138,101.138,0.0,1.081,1.081,0.0,2.736,2.736,0.0,-9999,-9999,-9999,-9999,-9999,-9999,-9999,-9999,-9999,-9999,-9999,-9999,-9999,-9999,-9999,-9999,-9999,-9999,10.7525,0.0,49.8512,0.0,60.0863,-9999,-9999,-9999,-9999,81.0666,0.0,97.7106,-9999,-9999,-9999,-9999,11.0,3,18,30,0,0,4.04748,0.0,-9999,-9999,4.04092,0.0,-9999,-9999,3.92768,0.0,0.048317,3.20835,3.57622,3.9808,4.04863,4.05554,4.12192,4.12692,0.0,0.0,0.0,0.0,0.0,0.0,0.0,4.34631,0.226228,0.0,-9999,-9999,3.63276,0.609805,0.0,-9999,-9999,4.32945,0.227486,0.0,-9999,-9999,3.63276,0.609805,0.0,-9999,-9999,4.23816,4.2567,4.2567,4.27059,4.3823,4.38386,4.42464,0.0,0.0,0.0,0.0,0.0,0.0,0.0,2.38438,2.88289,3.48295,3.68829,3.69588,3.73365,3.73365,0.0,0.0,0.0,0.0,0.0,0.0,0.0,5.68281,5.59735,5.75582,0.0335237,5.54575,5.57624,5.59655,5.65213,5.84936,6.10277,6.11363,1.62776,1.55643,1.8283,0.0520519,1.50977,1.53209,1.55675,1.61434,2.00491,2.20639,2.39622,5.24122,5.15117,5.30193,0.133923,4.88422,4.88691,4.92025,5.13761,5.28742,5.31595,5.53679,0.632895,0.521515,0.63214,0.0558906,0.450872,0.466158,0.476782,0.499544,0.636351,0.664357,0.936923,-9999,-9999
20130625,-9999,-9999,-9999,-9999,-9999,-9999,-9999,-9999,18.135,17.259,1.436,18.66,1.409,18.135,0.0,17.259,1.436,0.0,18.66,1.409,0.0,486.858,-9999,-9999,68.149,68.149,0.0,-9999,-9999,399.009,399.009,0.0,-9999,-9999,409.492,409.492,0.0,-9999,-9999,2.988,2.988,0.0,101.483,101.483,0.0,4.789,4.789,0.0,2.683,2.683,0.0,-9999,0.0,-9999,0.0,-9999,0.0,-9999,0.0,-9999,0.0,-9999,0.0,-9999,-9999,-9999,-9999,-9999,-9999,4.85288,0.0,39.2804,0.0,47.3509,-9999,-9999,-9999,-9999,71.8801,0.0,86.6486,-9999,-9999,-9999,-9999,11.0,3,18,30,0,0,4.00413,0.0,-9999,-9999,4.00519,0.0,-9999,-9999,3.91822,0.0,0.0453276,3.1548,3.61641,4.00413,4.01533,4.01533,4.11297,4.1296,0.0,0.0,0.0,0.0,0.0,0.0,0.0,4.31095,0.18998,0.0,-9999,-9999,3.58715,0.958607,0.0,-9999,-9999,4.31095,0.18998,0.0,-9999,-9999,3.58877,0.960265,0.0,-9999,-9999,4.2501,4.2501,4.2501,4.27059,4.34076,4.34232,4.3831,0.0,0.0,0.0,0.0,0.0,0.0,0.0,2.30182,2.94815,3.55619,3.64091,3.64091,3.73706,3.7627,0.0,0.0,0.0,0.0,0.0,0.0,0.0,5.84798,5.74779,5.93425,0.0394891,5.6874,5.72308,5.74686,5.81199,6.04378,6.34305,6.3559,1.83641,1.7426,2.01603,0.0503542,1.69473,1.713,1.74403,1.79913,2.2645,2.36082,2.48844,5.29499,5.20735,5.40104,0.145151,4.93084,4.93507,4.97396,5.20693,5.39526,5.47315,5.59552,0.562084,0.452986,0.539723,0.0402716,0.397167,0.408759,0.415722,0.430321,0.574423,0.604377,0.697362,-9999,-9999
20130626,-9999,-9999,-9999,-9999,-9999,-9999,-9999,-9999,21.701,18.731,2.32,23.483,3.589,21.701,0.0,18.731,2.32,0.0,23.483,3.589,0.0,486.675,-9999,-9999,298.709,298.709,0.0,-9999,-9999,389.675,389.675,0.0,-9999,-9999,398.614,398.614,0.0,-9999,-9999,8.737,8.737,0.0,101.651,101.651,0.0,0.279,0.279,0.0,2.142,2.142,0.0,-9999,0.0,-9999,0.0,-9999,0.0,-9999,0.0,-9999,0.0,-9999,0.0,-9999,-9999,-9999,-9999,-9999,-9999,8.34507,0.0,49.5623,0.0,59.7985,-9999,-9999,-9999,-9999,72.6191,0.0,87.6173,-9999,-9999,-9999,-9999,11.0,3,18,30,0,0,4.30873,0.0,-9999,-9999,4.35726,0.0,-9999,-9999,4.13409,0.0,0.0673315,3.1519,3.59588,3.99205,4.3163,4.41991,4.41991,4.51356,0.0,0.0,0.0,0.0,0.0,0.0,0.0,4.32252,0.197818,0.0,-9999,-9999,4.04984,0.600059,0.0,-9999,-9999,4.30591,0.196373,0.0,-9999,-9999,4.13463,0.524115,0.0,-9999,-9999,4.23506,4.25888,4.26047,4.27059,4.3823,4.38386,4.42464,0.0,0.0,0.0,0.0,0.0,0.0,0.0,2.29735,2.91321,3.5003,4.04984,4.25849,4.26608,4.40383,0.0,0.0,0.0,0.0,0.0,0.0,0.0,6.73946,6.55029,6.91268,0.0772282,6.43756,6.50403,6.54854,6.67119,7.11708,7.71456,7.74078,2.42316,2.19302,2.77875,0.109574,1.99048,2.06351,2.17957,2.26395,3.48273,3.58538,3.74873,5.55754,5.48262,5.93018,0.217935,5.14391,5.15289,5.21999,5.55257,5.88283,6.35977,6.54918,1.09057,0.653322,1.02401,0.175723,0.478881,0.485156,0.51513,0.688262,0.821574,1.07671,2.6282,-9999,-9999
20130627,-9999,-9999,-9999,-9999,-9999,-9999,-9999,-9999,23.595,19.739,3.916,25.91,4.964,23.595,0.0,19.739,3.916,0.0,25.91,4.964,0.0,486.456,-9999,-9999,347.263,347.263,0.0,-9999,-9999,378.495,378.495,0.0,-9999,-9999,385.582,385.582,0.0,-9999,-9999,12.897,12.897,0.0,101.727,101.727,0.0,0.0,0.0,0.0,2.936,2.936,0.0,-9999,0.0,-9999,0.0,-9999,0.0,-9999,0.0,-9999,0.0,-9999,0.0,-9999,-9999,-9999,-9999,-9999,-9999,10.7525,0.0,49.8512,0.0,60.2238,-9999,-9999,-9999,-9999,81.0666,0.0,97.9343,-9999,-9999,-9999,-9999,11.0,3,18,30,0,0,4.04748,0.0,-9999,-9999,4.04092,0.0,-9999,-9999,3.92768,0.0,0.048317,3.20835,3.57622,3.9808,4.04863,4.05554,4.12192,4.12692,0.0,0.0,0.0,0.0,0.0,0.0,0.0,4.34631,0.226228,0.0,-9999,-9999,3.63276,0.609805,0.0,-9999,-9999,4.32945,0.227486,0.0,-9999,-9999,3.63276,0.609805,0.0,-9999,-9999,4.23816,4.2567,4.2567,4.27059,4.3823,4.38386,4.42464,0.0,0.0,0.0,0.0,0.0,0.0,0.0,2.38438,2.88289,3.48295,3.68829,3.69588,3.73365,3.73365,0.0,0.0,0.0,0.0,0.0,0.0,0.0,7.22817,6.98479,7.45838,0.101217,6.84066,6.92557,6.98256,7.14013,7.71946,8.51113,8.54626,3.17312,2.94388,3.53087,0.101423,2.85264,2.8895,2.94477,3.10623,4.08468,4.38921,4.56546,5.68667,5.61853,6.21827,0.264614,5.24793,5.25672,5.34098,5.70753,6.02442,6.85781,7.33524,1.17091,0.50996,0.982179,0.207282,0.354313,0.359068,0.385355,0.553952,0.707468,1.15336,3.00632,-9999,-9999
20130628,-9999,-9999,-9999,-9999,-9999,-9999,-9999,-9999,26.794,22.086,3.318,29.62,5.517,26.794,0.0,22.086,3.318,0.0,29.62,5.517,0.0,486.201,-9999,-9999,348.797,348.797,0.0,-9999,-9999,383.841,383.841,0.0,-9999,-9999,391.814,391.814,0.0,-9999,-9999,19.947,19.947,0.0,101.401,101.401,0.0,0.0,0.0,0.0,2.988,2.988,0.0,-9999,0.0,-9999,0.0,-9999,0.0,-9999,0.0,-9999,0.0,-9999,0.0,-9999,-9999,-9999,-9999,-9999,-9999,4.85288,0.0,39.2804,0.0,47.5379,-9999,-9999,-9999,-9999,71.8801,0.0,86.9907,-9999,-9999,-9999,-9999,11.0,3,18,30,0,0,4.00413,0.0,-9999,-9999,4.00519,0.0,-9999,-9999,3.91822,0.0,0.0453276,3.1548,3.61641,4.00413,4.01533,4.01533,4.11297,4.1296,0.0,0.0,0.0,0.0,0.0,0.0,0.0,4.31095,0.18998,0.0,-9999,-9999,3.58715,0.958607,0.0,-9999,-9999,4.31095,0.18998,0.0,-9999,-9999,3.58877,0.960265,0.0,-9999,-9999,4.2501,4.2501,4.2501,4.27059,4.34076,4.34232,4.3831,0.0,0.0,0.0,0.0,0.0,0.0,0.0,2.30182,2.94815,3.55619,3.64091,3.64091,3.73706,3.7627,0.0,0.0,0.0,0.0,0.0,0.0,0.0,8.04559,7.71249,8.37039,0.140995,7.51636,7.6318,7.70944,7.92482,8.72514,9.83913,9.88908,4.03403,3.7073,4.45217,0.13434,3.59397,3.63356,3.70958,3.91771,4.98189,5.70729,5.87694,5.90661,5.8498,6.70243,0.343768,5.42542,5.43694,5.54706,5.99071,6.26892,7.69003,8.64575,1.17901,0.295376,0.820199,0.21392,0.203927,0.207262,0.22248,0.337382,0.451264,1.16125,3.02272,-9999,-9999
20130629,-9999,-9999,-9999,-9999,-9999,-9999,-9999,-9999,28.352,24.09,2.172,30.91,5.325,28.352,0.0,24.09,2.172,0.0,30.91,5.325,0.0,485.91,-9999,-9999,356.872,356.872,0.0,-9999,-9999,377.506,377.506,0.0,-9999,-9999,384.429,384.429,0.0,-9999,-9999,25.403,25.403,0.0,101.055,101.055,0.0,0.0,0.0,0.0,2.874,2.874,0.0,-9999,0.0,-9999,0.0,-9999,0.0,-9999,0.0,-9999,0.0,-9999,0.0,-9999,-9999,-9999,-9999,-9999,-9999,8.34507,0.0,49.5623,0.0,60.0881,-9999,-9999,-9999,-9999,72.6191,0.0,88.0415,-9999,-9999,-9999,-9999,11.0,3,18,30,0,0,4.30873,0.0,-9999,-9999,4.35726,0.0,-9999,-9999,4.13409,0.0,0.0673315,3.1519,3.59588,3.99205,4.3163,4.41991,4.41991,4.51356,0.0,0.0,0.0,0.0,0.0,0.0,0.0,4.32252,0.197818,0.0,-9999,-9999,4.04984,0.600059,0.0,-9999,-9999,4.30591,0.196373,0.0,-9999,-9999,4.13463,0.524115,0.0,-9999,-9999,4.23506,4.25888,4.26047,4.27059,4.3823,4.38386,4.42464,0.0,0.0,0.0,0.0,0.0,0.0,0.0,2.29735,2.91321,3.5003,4.04984,4.25849,4.26608,4.40383,0.0,0.0,0.0,0.0,0.0,0.0,0.0,8.44257,8.06636,8.81243,0.160013,7.84521,7.97534,8.06292,8.30608,9.21228,10.48,10.537,4.12627,3.70909,4.6785,0.182282,3.44633,3.54603,3.7388,3.90346,5.39434,6.3467,6.54491,6.0146,5.9633,6.9376,0.382139,5.51262,5.52547,5.64825,6.12953,6.45517,8.09369,9.27611,1.18711,0.191757,0.74343,0.219965,0.119155,0.121373,0.134801,0.222582,0.340795,1.16884,3.08013,-9999,-9999
20130630,-9999,-9999,-9999,-9999,-9999,-9999,-9999,-9999,27.133,22.485,2.891,29.923,5.356,27.133,0.0,22.485,2.891,0.0,29.923,5.356,0.0,485.585,-9999,-9999,353.617,353.617,0.0,-9999,-9999,381.574,381.574,0.0,-9999,-9999,389.171,389.171,0.0,-9999,-9999,21.023,21.023,0.0,100.806,100.806,0.0,0.0,0.0,0.0,2.86,2.86,0.0,-9999,0.0,-9999,0.0,-9999,0.0,-9999,0.0,-9999,0.0,-9999,0.0,-9999,-9999,-9999,-9999,-9999,-9999,10.7525,0.0,49.8512,0.0,60.5461,-9999,-9999,-9999,-9999,81.0666,0.0,98.4584,-9999,-9999,-9999,-9999,11.0,3,18,30,0,0,4.04748,0.0,-9999,-9999,4.04092,0.0,-9999,-9999,3.92768,0.0,0.048317,3.20835,3.57622,3.9808,4.04863,4.05554,4.12192,4.12692,0.0,0.0,0.0,0.0,0.0,0.0,0.0,4.34631,0.226228,0.0,-9999,-9999,3.63276,0.609805,0.0,-9999,-9999,4.32945,0.227486,0.0,-9999,-9999,3.63276,0.609805,0.0,-9999,-9999,4.23816,4.2567,4.2567,4.27059,4.3823,4.38386,4.42464,0.0,0.0,0.0,0.0,0.0,0.0,0.0,2.38438,2.88289,3.48295,3.68829,3.69588,3.73365,3.73365,0.0,0.0,0.0,0.0,0.0,0.0,0.0,8.1307,7.78879,8.46441,0.144809,7.58751,7.70598,7.78566,8.00672,8.82845,9.97296,10.0243,4.07565,3.74787,4.5369,0.141478,3.62905,3.67489,3.74913,3.97526,5.016,5.85104,6.04349,5.93097,5.87535,6.75303,0.351582,5.44515,5.45696,5.56988,6.02177,6.30947,7.77612,8.77571,1.18385,0.263034,0.800225,0.217245,0.174377,0.177489,0.192909,0.306493,0.424334,1.16577,3.0573,-9999,-9999
20130701,-9999,-9999,-9999,-9999,-9999,-9999,-9999,-9999,27.514,22.981,3.578,30.233,5.923,27.514,0.0,22.981,3.578,0.0,30.233,5.923,0.0,485.224,-9999,-9999,346.134,346.134,0.0,-9999,-9999,387.207,387.207,0.0,-9999,-9999,395.737,395.737,0.0,-9999,-9999,22.482,22.482,0.0,100.908,100.908,0.0,0.0,0.0,0.0,2.037,2.037,0.0,-9999,-9999,-9999,-9999,-9999,-9999,-9999,-9999,-9999,-9999,-9999,-9999,-9999,-9999,-9999,-9999,-9999,-9999,4.85288,0.0,39.2804,0.0,47.7921,-9999,-9999,-9999,-9999,71.8801,0.0,87.456,-9999,-9999,-9999,-9999,11.0,3,18,30,0,0,4.00413,0.0,-9999,-9999,4.00519,0.0,-9999,-9999,3.91822,0.0,0.0453276,3.1548,3.61641,4.00413,4.01533,4.01533,4.11297,4.1296,0.0,0.0,0.0,0.0,0.0,0.0,0.0,4.31095,0.18998,0.0,-9999,-9999,3.58715,0.958607,0.0,-9999,-9999,4.31095,0.18998,0.0,-9999,-9999,3.58877,0.960265,0.0,-9999,-9999,4.2501,4.2501,4.2501,4.27059,4.34076,4.34232,4.3831,0.0,0.0,0.0,0.0,0.0,0.0,0.0,2.30182,2.94815,3.55619,3.64091,3.64091,3.73706,3.7627,0.0,0.0,0.0,0.0,0.0,0.0,0.0,8.23141,7.87688,8.57959,0.150694,7.66843,7.7911,7.87364,8.1028,8.95646,10.15,10.2036,4.21984,3.87169,4.66137,0.143554,3.75241,3.79394,3.87405,4.09621,5.17401,6.01813,6.19147,5.95402,5.89974,6.81242,0.362928,5.46354,5.47566,5.59148,6.05224,6.35102,7.88029,8.95713,1.17153,0.23693,0.768211,0.213484,0.15911,0.162036,0.175564,0.276198,0.386116,1.15402,2.99963,-9999,-9999
20130702,-9999,-9999,-9999,-9999,-9999,-9999,-9999,-9999,27.381,23.144,2.557,29.923,5.088,27.381,0.0,23.144,2.557,0.0,29.923,5.088,0.0,484.828,-9999,-9999,316.533,316.533,0.0,-9999,-9999,397.799,397.799,0.0,-9999,-9999,408.082,408.082,0.0,-9999,-9999,21.065,21.065,0.0,101.13,101.13,0.0,0.0,0.0,0.0,2.721,2.721,0.0,-9999,0.0,-9999,0.0,-9999,0.0,-9999,0.0,-9999,0.0,-9999,0.0,-9999,-9999,-9999,-9999,-9999,-9999,8.34507,0.0,49.5623,0.0,60.4089,-9999,-9999,-9999,-9999,72.6191,0.0,88.5116,-9999,-9999,-9999,-9999,11.0,3,18,30,0,0,4.30873,0.0,-9999,-9999,4.35726,0.0,-9999,-9999,4.13409,0.0,0.0673315,3.1519,3.59588,3.99205,4.3163,4.41991,4.41991,4.51356,0.0,0.0,0.0,0.0,0.0,0.0,0.0,4.32252,0.197818,0.0,-9999,-9999,4.04984,0.600059,0.0,-9999,-9999,4.30591,0.196373,0.0,-9999,-9999,4.13463,0.524115,0.0,-9999,-9999,4.23506,4.25888,4.26047,4.27059,4.3823,4.38386,4.42464,0.0,0.0,0.0,0.0,0.0,0.0,0.0,2.29735,2.91321,3.5003,4.04984,4.25849,4.26608,4.40383,0.0,0.0,0.0,0.0,0.0,0.0,0.0,8.19159,7.84409,8.53033,0.147071,7.63948,7.75992,7.84091,8.0656,8.90046,10.0623,10.1144,3.87529,3.48683,4.3964,0.170313,3.23206,3.32402,3.50992,3.66227,5.13492,5.92907,6.12237,5.95013,5.8954,6.7892,0.35646,5.46076,5.4728,5.58784,6.04591,6.34049,7.83695,8.85903,1.14762,0.239921,0.743942,0.200925,0.152474,0.155476,0.171208,0.278937,0.409026,1.13189,2.7932,-9999,-9999
20130703,-9999,-9999,-9999,-9999,-9999,-9999,-9999,-9999,26.982,23.075,3.299,29.326,5.591,26.982,0.0,23.075,3.299,0.0,29.326,5.591,0.0,484.395,-9999,-9999,340.846,340.846,0.0,-9999,-9999,392.972,392.972,0.0,-9999,-9999,402.456,402.456,0.0,-9999,-9999,21.539,21.539,0.0,100.981,100.981,0.0,0.0,0.0,0.0,2.524,2.524,0.0,-9999,0.0,-9999,0.0,-9999,0.0,-9999,0.0,-9999,0.0,-9999,0.0,-9999,-9999,-9999,-9999,-9999,-9999,10.7525,0.0,49.8512,0.0,60.9001,-9999,-9999,-9999,-9999,81.0666,0.0,99.034,-9999,-9999,-9999,-9999,11.0,3,18,30,0,0,4.04748,0.0,-9999,-9999,4.04092,0.0,-9999,-9999,3.92768,0.0,0.048317,3.20835,3.57622,3.9808,4.04863,4.05554,4.12192,4.12692,0.0,0.0,0.0,0.0,0.0,0.0,0.0,4.34631,0.226228,0.0,-9999,-9999,3.63276,0.609805,0.0,-9999,-9999,4.32945,0.227486,0.0,-9999,-9999,3.63276,0.609805,0.0,-9999,-9999,4.23816,4.2567,4.2567,4.27059,4.3823,4.38386,4.42464,0.0,0.0,0.0,0.0,0.0,0.0,0.0,2.38438,2.88289,3.48295,3.68829,3.69588,3.73365,3.73365,0.0,0.0,0.0,0.0,0.0,0.0,0.0,8.09136,7.75419,8.41972,0.142618,7.55562,7.6725,7.7511,7.96912,8.77892,9.90527,9.95575,4.03631,3.71327,4.4922,0.139414,3.59576,3.64117,3.71451,3.93754,4.97525,5.78335,5.97495,5.92142,5.86527,6.72971,0.347316,5.4375,5.44919,5.56094,6.00929,6.29266,7.73561,8.70691,1.1667,0.248179,0.774983,0.21157,0.159479,0.1625,0.178238,0.289779,0.416925,1.14953,2.96186,-9999,-9999
20130704,-9999,-9999,-9999,-9999,-9999,-9999,-9999,-9999,29.613,23.93,2.831,33.022,5.925,29.613,0.0,23.93,2.831,0.0,33.022,5.925,0.0,483.929,-9999,-9999,337.546,337.546,0.0,-9999,-9999,398.599,398.599,0.0,-9999,-9999,409.015,409.015,0.0,-9999,-9999,29.66,29.66,0.0,100.554,100.554,0.0,0.0,0.0,0.0,2.645,2.645,0.0,-9999,0.0,-9999,0.0,-9999,0.0,-9999,0.0,-9999,0.0,-9999,0.0,-9999,-9999,-9999,-9999,-9999,-9999,4.85288,0.0,39.2804,0.0,48.1036,-9999,-9999,-9999,-9999,71.8801,0.0,88.026,-9999,-9999,-9999,-9999,11.0,3,18,30,0,0,4.00413,0.0,-9999,-9999,4.00519,0.0,-9999,-9999,3.91822,0.0,0.0453276,3.1548,3.61641,4.00413,4.01533,4.01533,4.11297,4.1296,0.0,0.0,0.0,0.0,0.0,0.0,0.0,4.31095,0.18998,0.0,-9999,-9999,3.58715,0.958607,0.0,-9999,-9999,4.31095,0.18998,0.0,-9999,-9999,3.58877,0.960265,0.0,-9999,-9999,4.2501,4.2501,4.2501,4.27059,4.34076,4.34232,4.3831,0.0,0.0,0.0,0.0,0.0,0.0,0.0,2.30182,2.94815,3.55619,3.64091,3.64091,3.73706,3.7627,0.0,0.0,0.0,0.0,0.0,0.0,0.0,8.77561,8.35735,9.19422,0.179763,8.11231,8.25643,8.35354,8.62366,9.63667,11.0693,11.1342,4.76404,4.35216,5.276,0.17149,4.21431,4.26246,4.35475,4.61866,5.73702,6.93751,7.12203,6.0904,6.04349,7.13459,0.420307,5.57307,5.58692,5.71926,6.22972,6.60948,8.43858,9.8828,1.15831,0.131786,0.666251,0.210268,0.0791926,0.0809147,0.0910727,0.150876,0.25342,1.14137,2.93522,-9999,-9999
20130705,-9999,-9999,-9999,-9999,-9999,-9999,-9999,-9999,22.819,20.138,1.339,24.427,3.763,22.819,0.0,20.138,1.339,0.0,24.427,3.763,0.0,483.427,-9999,-9999,358.203,358.203,0.0,-9999,-9999,349.443,349.443,0.0,-9999,-9999,351.72,351.72,0.0,-9999,-9999,16.445,16.445,0.0,100.632,100.632,0.0,0.0,0.0,0.0,3.273,3.273,0.0,-9999,0.0,-9999,0.0,-9999,0.0,-9999,0.0,-9999,0.0,-9999,0.0,-9999,-9999,-9999,-9999,-9999,-9999,8.34507,0.0,49.5623,0.0,60.7946,-9999,-9999,-9999,-9999,72.6191,0.0,89.0768,-9999,-9999,-9999,-9999,11.0,3,18,30,0,0,4.30873,0.0,-9999,-9999,4.35726,0.0,-9999,-9999,4.13409,0.0,0.0673315,3.1519,3.59588,3.99205,4.3163,4.41991,4.41991,4.51356,0.0,0.0,0.0,0.0,0.0,0.0,0.0,4.32252,0.197818,0.0,-9999,-9999,4.04984,0.600059,0.0,-9999,-9999,4.30591,0.196373,0.0,-9999,-9999,4.13463,0.524115,0.0,-9999,-9999,4.23506,4.25888,4.26047,4.27059,4.3823,4.38386,4.42464,0.0,0.0,0.0,0.0,0.0,0.0,0.0,2.29735,2.91321,3.5003,4.04984,4.25849,4.26608,4.40383,0.0,0.0,0.0,0.0,0.0,0.0,0.0,7.01788,6.80104,7.21816,0.0889687,6.67205,6.74809,6.79904,6.93958,7.45203,8.14233,8.17271,2.70158,2.44377,3.08423,0.119093,2.23454,2.30579,2.43675,2.53302,3.89244,4.00906,4.18066,5.64009,5.56914,6.09577,0.24159,5.21095,5.21911,5.29735,5.64542,5.97315,6.64018,6.95917,1.18502,0.394208,0.90804,0.216805,0.241953,0.246136,0.274947,0.448215,0.587756,1.16672,3.08652,-9999,-9999
20130706,-9999,-9999,-9999,-9999,-9999,-9999,-9999,-9999,21.038,17.712,2.239,23.033,4.572,21.038,0.0,17.712,2.239,0.0,23.033,4.572,0.0,482.89,-9999,-9999,355.699,355.699,0.0,-9999,-9999,348.432,348.432,0.0,-9999,-9999,350.541,350.541,0.0,-9999,-9999,12.897,12.897,0.0,100.77,100.77,0.0,0.0,0.0,0.0,2.71,2.71,0.0,-9999,0.0,-9999,0.0,-9999,0.0,-9999,0.0,-9999,0.0,-9999,0.0,-9999,-9999,-9999,-9999,-9999,-9999,10.7525,0.0,49.8512,0.0,61.2443,-9999,-9999,-9999,-9999,81.0666,0.0,99.5937,-9999,-9999,-9999,-9999,11.0,3,18,30,0,0,4.04748,0.0,-9999,-9999,4.04092,0.0,-9999,-9999,3.92768,0.0,0.048317,3.20835,3.57622,3.9808,4.04863,4.05554,4.12192,4.12692,0.0,0.0,0.0,0.0,0.0,0.0,0.0,4.34631,0.226228,0.0,-9999,-9999,3.63276,0.609805,0.0,-9999,-9999,4.32945,0.227486,0.0,-9999,-9999,3.63276,0.609805,0.0,-9999,-9999,4.23816,4.2567,4.2567,4.27059,4.3823,4.38386,4.42464,0.0,0.0,0.0,0.0,0.0,0.0,0.0,2.38438,2.88289,3.48295,3.68829,3.69588,3.73365,3.73365,0.0,0.0,0.0,0.0,0.0,0.0,0.0,6.58028,6.40495,6.74134,0.0716948,6.30053,6.3621,6.40334,6.517,6.93063,7.48594,7.51033,2.52523,2.36404,2.81383,0.0765212,2.29195,2.32256,2.36468,2.48142,3.2801,3.36738,3.52953,5.50479,5.42753,5.83457,0.206246,5.10078,5.11101,5.17055,5.49342,5.82523,6.20148,6.3379,1.18232,0.528643,1.0057,0.211229,0.358334,0.363348,0.393565,0.57601,0.736507,1.16415,3.0691,-9999,-9999
20130707,-9999,-9999,-9999,-9999,-9999,-9999,-9999,-9999,21.319,17.13,3.039,23.832,5.124,21.319,0.0,17.13,3.039,0.0,23.832,5.124,0.0,482.318,-9999,-9999,359.341,359.341,0.0,-9999,-9999,343.633,343.633,0.0,-9999,-9999,344.948,344.948,0.0,-9999,-9999,13.855,13.855,0.0,100.929,100.929,0.0,0.0,0.0,0.0,2.603,2.603,0.0,-9999,0.0,-9999,0.0,-9999,0.0,-9999,0.0,-9999,0.0,-9999,0.0,-9999,-9999,-9999,-9999,-9999,-9999,4.85288,0.0,39.2804,0.0,48.3327,-9999,-9999,-9999,-9999,71.8801,0.0,88.4452,-9999,-9999,-9999,-9999,11.0,3,18,30,0,0,4.00413,0.0,-9999,-9999,4.00519,0.0,-9999,-9999,3.91822,0.0,0.0453276,3.1548,3.61641,4.00413,4.01533,4.01533,4.11297,4.1296,0.0,0.0,0.0,0.0,0.0,0.0,0.0,4.31095,0.18998,0.0,-9999,-9999,3.58715,0.958607,0.0,-9999,-9999,4.31095,0.18998,0.0,-9999,-9999,3.58877,0.960265,0.0,-9999,-9999,4.2501,4.2501,4.2501,4.27059,4.34076,4.34232,4.3831,0.0,0.0,0.0,0.0,0.0,0.0,0.0,2.30182,2.94815,3.55619,3.64091,3.64091,3.73706,3.7627,0.0,0.0,0.0,0.0,0.0,0.0,0.0,6.6589,6.47311,6.83194,0.0765671,6.36275,6.4278,6.4714,6.59177,7.03192,7.62773,7.65402,2.64734,2.46792,2.91372,0.0762432,2.39596,2.42207,2.46966,2.58102,3.40148,3.50715,3.64189,5.52046,5.44423,5.87982,0.215084,5.11307,5.12283,5.18522,5.50861,5.84252,6.28339,6.48388,1.18595,0.447896,0.949841,0.215227,0.300534,0.305025,0.330828,0.497807,0.636754,1.16756,3.09479,-9999,-9999
20130708,-9999,-9999,-9999,-9999,-9999,-9999,-9999,-9999,21.937,17.414,3.259,24.651,5.384,21.937,0.0,17.414,3.259,0.0,24.651,5.384,0.0,481.711,-9999,-9999,359.725,359.725,0.0,-9999,-9999,345.117,345.117,0.0,-9999,-9999,346.678,346.678,0.0,-9999,-9999,14.438,14.438,0.0,101.283,101.283,0.0,0.0,0.0,0.0,2.53,2.53,0.0,-9999,-9999,-9999,-9999,-9999,-9999,-9999,-9999,-9999,-9999,-9999,-9999,-9999,-9999,-9999,-9999,-9999,-9999,8.34507,0.0,49.5623,0.0,61.0557,-9999,-9999,-9999,-9999,72.6191,0.0,89.4593,-9999,-9999,-9999,-9999,11.0,3,18,30,0,0,4.30873,0.0,-9999,-9999,4.35726,0.0,-9999,-9999,4.13409,0.0,0.0673315,3.1519,3.59588,3.99205,4.3163,4.41991,4.41991,4.51356,0.0,0.0,0.0,0.0,0.0,0.0,0.0,4.32252,0.197818,0.0,-9999,-9999,4.04984,0.600059,0.0,-9999,-9999,4.30591,0.196373,0.0,-9999,-9999,4.13463,0.524115,0.0,-9999,-9999,4.23506,4.25888,4.26047,4.27059,4.3823,4.38386,4.42464,0.0,0.0,0.0,0.0,0.0,0.0,0.0,2.29735,2.91321,3.5003,4.04984,4.25849,4.26608,4.40383,0.0,0.0,0.0,0.0,0.0,0.0,0.0,6.81613,6.61353,7.00649,0.0839196,6.49339,6.56418,6.61167,6.74288,7.22412,7.87908,7.90807,2.49983,2.25626,2.87256,0.114938,2.05062,2.12284,2.24584,2.33597,3.6344,3.74581,3.91602,5.56388,5.48985,5.97293,0.229442,5.14816,5.15681,5.2259,5.56377,5.89009,6.44297,6.72977,1.18643,0.424569,0.932587,0.215993,0.287208,0.291487,0.315165,0.471811,0.604481,1.16799,3.09784,-9999,-9999
20130709,-9999,-9999,-9999,-9999,-9999,-9999,-9999,-9999,23.958,19.268,3.84,26.773,5.957,23.958,0.0,19.268,3.84,0.0,26.773,5.957,0.0,481.069,-9999,-9999,354.992,354.992,0.0,-9999,-9999,359.958,359.958,0.0,-9999,-9999,363.976,363.976,0.0,-9999,-9999,17.65,17.65,0.0,101.491,101.491,0.0,0.0,0.0,0.0,2.234,2.234,0.0,-9999,0.0,-9999,0.0,-9999,0.0,-9999,0.0,-9999,0.0,-9999,0.0,-9999,-9999,-9999,-9999,-9999,-9999,10.7525,0.0,49.8512,0.0,61.4836,-9999,-9999,-9999,-9999,81.0666,0.0,99.983,-9999,-9999,-9999,-9999,11.0,3,18,30,0,0,4.04748,0.0,-9999,-9999,4.04092,0.0,-9999,-9999,3.92768,0.0,0.048317,3.20835,3.57622,3.9808,4.04863,4.05554,4.12192,4.12692,0.0,0.0,0.0,0.0,0.0,0.0,0.0,4.34631,0.226228,0.0,-9999,-9999,3.63276,0.609805,0.0,-9999,-9999,4.32945,0.227486,0.0,-9999,-9999,3.63276,0.609805,0.0,-9999,-9999,4.23816,4.2567,4.2567,4.27059,4.3823,4.38386,4.42464,0.0,0.0,0.0,0.0,0.0,0.0,0.0,2.38438,2.88289,3.48295,3.68829,3.69588,3.73365,3.73365,0.0,0.0,0.0,0.0,0.0,0.0,0.0,7.32783,7.07095,7.57405,0.107644,6.9192,7.00857,7.0686,7.23482,7.84873,8.69443,8.73213,3.27278,3.03003,3.64653,0.107153,2.9351,2.97316,3.03098,3.20125,4.1884,4.57251,4.75133,5.7066,5.63973,6.2765,0.276538,5.26362,5.27269,5.35964,5.73456,6.04641,6.96195,7.52649,1.18,0.344538,0.86435,0.215272,0.238288,0.241929,0.259559,0.386708,0.50378,1.16187,3.06291,-9999,-9999
20130710,-9999,-9999,-9999,-9999,-9999,-9999,-9999,-9999,22.669,18.955,1.998,24.897,4.614,22.669,0.0,18.955,1.998,0.0,24.897,4.614,0.0,480.393,-9999,-9999,331.161,331.161,0.0,-9999,-9999,362.32,362.32,0.0,-9999,-9999,366.729,366.729,0.0,-9999,-9999,15.345,15.345,0.0,101.361,101.361,0.0,0.0,0.0,0.0,2.854,2.854,0.0,-9999,0.0,-9999,0.0,-9999,0.0,-9999,0.0,-9999,0.0,-9999,0.0,-9999,-9999,-9999,-9999,-9999,-9999,4.85288,0.0,39.2804,0.0,48.4953,-9999,-9999,-9999,-9999,71.8801,0.0,88.7428,-9999,-9999,-9999,-9999,11.0,3,18,30,0,0,4.00413,0.0,-9999,-9999,4.00519,0.0,-9999,-9999,3.91822,0.0,0.0453276,3.1548,3.61641,4.00413,4.01533,4.01533,4.11297,4.1296,0.0,0.0,0.0,0.0,0.0,0.0,0.0,4.31095,0.18998,0.0,-9999,-9999,3.58715,0.958607,0.0,-9999,-9999,4.31095,0.18998,0.0,-9999,-9999,3.58877,0.960265,0.0,-9999,-9999,4.2501,4.2501,4.2501,4.27059,4.34076,4.34232,4.3831,0.0,0.0,0.0,0.0,0.0,0.0,0.0,2.30182,2.94815,3.55619,3.64091,3.64091,3.73706,3.7627,0.0,0.0,0.0,0.0,0.0,0.0,0.0,6.98835,6.77177,7.1903,0.0893365,6.64316,6.71896,6.76978,6.91009,7.42338,8.11879,8.1495,2.97678,2.76658,3.27209,0.087054,2.68585,2.71483,2.76844,2.9001,3.87635,3.98695,4.13737,5.62395,5.55248,6.0771,0.24143,5.19745,5.20545,5.28221,5.62631,5.95563,6.61321,6.9475,1.14266,0.397997,0.876716,0.201719,0.261204,0.265504,0.29013,0.446738,0.575482,1.12641,2.87967,-9999,-9999
20130711,-9999,-9999,-9999,-9999,-9999,-9999,-9999,-9999,20.901,17.264,2.138,23.084,5.033,20.901,0.0,17.264,2.138,0.0,23.084,5.033,0.0,479.682,-9999,-9999,352.06,352.06,0.0,-9999,-9999,345.375,345.375,0.0,-9999,-9999,346.978,346.978,0.0,-9999,-9999,14.162,14.162,0.0,101.271,101.271,0.0,0.0,0.0,0.0,2.491,2.491,0.0,-9999,0.0,-9999,0.0,-9999,0.0,-9999,0.0,-9999,0.0,-9999,0.0,-9999,-9999,-9999,-9999,-9999,-9999,8.34507,0.0,49.5623,0.0,61.2606,-9999,-9999,-9999,-9999,72.6191,0.0,89.7595,-9999,-9999,-9999,-9999,11.0,3,18,30,0,0,4.30873,0.0,-9999,-9999,4.35726,0.0,-9999,-9999,4.13409,0.0,0.0673315,3.1519,3.59588,3.99205,4.3163,4.41991,4.41991,4.51356,0.0,0.0,0.0,0.0,0.0,0.0,0.0,4.32252,0.197818,0.0,-9999,-9999,4.04984,0.600059,0.0,-9999,-9999,4.30591,0.196373,0.0,-9999,-9999,4.13463,0.524115,0.0,-9999,-9999,4.23506,4.25888,4.26047,4.27059,4.3823,4.38386,4.42464,0.0,0.0,0.0,0.0,0.0,0.0,0.0,2.29735,2.91321,3.5003,4.04984,4.25849,4.26608,4.40383,0.0,0.0,0.0,0.0,0.0,0.0,0.0,6.55008,6.37651,6.71027,0.0711597,6.27323,6.33412,6.37491,6.48741,6.89745,7.44952,7.47381,2.23378,2.01925,2.57634,0.104824,1.82057,1.89463,2.00212,2.07979,3.23601,3.31967,3.48176,5.49235,5.41462,5.81602,0.204777,5.09049,5.101,5.15889,5.48071,5.81169,6.17234,6.3079,1.1719,0.454489,0.944725,0.210834,0.309533,0.31408,0.339234,0.503414,0.64083,1.15403,3.03744,-9999,-9999
20130712,-9999,-9999,-9999,-9999,-9999,-9999,-9999,-9999,20.942,16.869,3.201,23.386,5.387,20.942,0.0,16.869,3.201,0.0,23.386,5.387,0.0,478.937,-9999,-9999,357.007,357.007,0.0,-9999,-9999,341.796,341.796,0.0,-9999,-9999,342.806,342.806,0.0,-9999,-9999,14.156,14.156,0.0,101.251,101.251,0.0,0.0,0.0,0.0,2.491,2.491,0.0,-9999,0.0,-9999,0.0,-9999,0.0,-9999,0.0,-9999,0.0,-9999,0.0,-9999,-9999,-9999,-9999,-9999,-9999,10.7525,0.0,49.8512,0.0,61.68,-9999,-9999,-9999,-9999,81.0666,0.0,100.302,-9999,-9999,-9999,-9999,11.0,3,18,30,0,0,4.04748,0.0,-9999,-9999,4.04092,0.0,-9999,-9999,3.92768,0.0,0.048317,3.20835,3.57622,3.9808,4.04863,4.05554,4.12192,4.12692,0.0,0.0,0.0,0.0,0.0,0.0,0.0,4.34631,0.226228,0.0,-9999,-9999,3.63276,0.609805,0.0,-9999,-9999,4.32945,0.227486,0.0,-9999,-9999,3.63276,0.609805,0.0,-9999,-9999,4.23816,4.2567,4.2567,4.27059,4.3823,4.38386,4.42464,0.0,0.0,0.0,0.0,0.0,0.0,0.0,2.38438,2.88289,3.48295,3.68829,3.69588,3.73365,3.73365,0.0,0.0,0.0,0.0,0.0,0.0,0.0,6.56722,6.38995,6.73226,0.0730333,6.28465,6.34672,6.38832,6.50317,6.92306,7.49132,7.5164,2.51217,2.34903,2.80474,0.077578,2.2765,2.30725,2.34969,2.46764,3.28338,3.373,3.5356,5.49152,5.41397,5.82487,0.207852,5.08947,5.09993,5.1581,5.48035,5.8109,6.19163,6.35522,1.18052,0.442481,0.942277,0.21401,0.298887,0.303287,0.32821,0.491254,0.627739,1.16226,3.07626,-9999,-9999
20130713,-9999,-9999,-9999,-9999,-9999,-9999,-9999,-9999,21.949,17.359,3.217,24.703,5.492,21.949,0.0,17.359,3.217,0.0,24.703,5.492,0.0,478.157,-9999,-9999,357.026,357.026,0.0,-9999,-9999,345.204,345.204,0.0,-9999,-9999,346.779,346.779,0.0,-9999,-9999,15.086,15.086,0.0,101.322,101.322,0.0,0.0,0.0,0.0,2.721,2.721,0.0,-9999,0.0,-9999,0.0,-9999,0.0,-9999,0.0,-9999,0.0,-9999,0.0,-9999,-9999,-9999,-9999,-9999,-9999,4.85288,0.0,39.2804,0.0,48.6574,-9999,-9999,-9999,-9999,71.8801,0.0,89.0394,-9999,-9999,-9999,-9999,11.0,3,18,30,0,0,4.00413,0.0,-9999,-9999,4.00519,0.0,-9999,-9999,3.91822,0.0,0.0453276,3.1548,3.61641,4.00413,4.01533,4.01533,4.11297,4.1296,0.0,0.0,0.0,0.0,0.0,0.0,0.0,4.31095,0.18998,0.0,-9999,-9999,3.58715,0.958607,0.0,-9999,-9999,4.31095,0.18998,0.0,-9999,-9999,3.58877,0.960265,0.0,-9999,-9999,4.2501,4.2501,4.2501,4.27059,4.34076,4.34232,4.3831,0.0,0.0,0.0,0.0,0.0,0.0,0.0,2.30182,2.94815,3.55619,3.64091,3.64091,3.73706,3.7627,0.0,0.0,0.0,0.0,0.0,0.0,0.0,6.81982,6.61656,7.01106,0.0842578,6.49605,6.56706,6.61469,6.74633,7.22934,7.88723,7.91637,2.80826,2.61137,3.09284,0.0826865,2.53452,2.56222,2.61318,2.73601,3.65062,3.75539,3.90423,5.56416,5.49017,5.97502,0.230023,5.14835,5.15698,5.22617,5.56416,5.89041,6.447,6.73884,1.17962,0.409408,0.916522,0.214607,0.281734,0.285817,0.307299,0.452897,0.580106,1.16135,3.07587,-9999,-9999
20130714,-9999,-9999,-9999,-9999,-9999,-9999,-9999,-9999,21.878,17.333,2.7,24.605,5.336,21.878,0.0,17.333,2.7,0.0,24.605,5.336,0.0,477.344,-9999,-9999,357.652,357.652,0.0,-9999,-9999,343.247,343.247,0.0,-9999,-9999,344.498,344.498,0.0,-9999,-9999,15.08,15.08,0.0,101.344,101.344,0.0,0.0,0.0,0.0,2.482,2.482,0.0,-9999,0.0,-9999,0.0,-9999,0.0,-9999,0.0,-9999,0.0,-9999,0.0,-9999,-9999,-9999,-9999,-9999,-9999,8.34507,0.0,49.5623,0.0,61.4137,-9999,-9999,-9999,-9999,72.6191,0.0,89.9838,-9999,-9999,-9999,-9999,11.0,3,18,30,0,0,4.30873,0.0,-9999,-9999,4.35726,0.0,-9999,-9999,4.13409,0.0,0.0673315,3.1519,3.59588,3.99205,4.3163,4.41991,4.41991,4.51356,0.0,0.0,0.0,0.0,0.0,0.0,0.0,4.32252,0.197818,0.0,-9999,-9999,4.04984,0.600059,0.0,-9999,-9999,4.30591,0.196373,0.0,-9999,-9999,4.13463,0.524115,0.0,-9999,-9999,4.23506,4.25888,4.26047,4.27059,4.3823,4.38386,4.42464,0.0,0.0,0.0,0.0,0.0,0.0,0.0,2.29735,2.91321,3.5003,4.04984,4.25849,4.26608,4.40383,0.0,0.0,0.0,0.0,0.0,0.0,0.0,6.79958,6.59909,6.98761,0.0829593,6.48015,6.55024,6.59725,6.7271,7.20306,7.85014,7.87876,2.48328,2.24182,2.85368,0.114159,2.03668,2.10903,2.23091,2.32014,3.60679,3.71687,3.88671,5.5604,5.48615,5.96346,0.227659,5.14542,5.15417,5.22265,5.55905,5.88625,6.42583,6.70045,1.17947,0.396731,0.907299,0.215197,0.269815,0.273887,0.295644,0.440105,0.565804,1.16118,3.0795,-9999,-9999
20130715,-9999,-9999,-9999,-9999,-9999,-9999,-9999,-9999,19.532,15.886,1.876,21.921,4.421,19.532,0.0,15.886,1.876,0.0,21.921,4.421,0.0,476.496,-9999,-9999,352.134,352.134,0.0,-9999,-9999,340.181,340.181,0.0,-9999,-9999,340.924,340.924,0.0,-9999,-9999,11.241,11.241,0.0,101.133,101.133,0.0,0.0,0.0,0.0,2.916,2.916,0.0,-9999,-9999,-9999,-9999,-9999,-9999,-9999,-9999,-9999,-9999,-9999,-9999,-9999,-9999,-9999,-9999,-9999,-9999,10.7525,0.0,49.8512,0.0,61.7848,-9999,-9999,-9999,-9999,81.0666,0.0,100.473,-9999,-9999,-9999,-9999,11.0,3,19,29,0,0,4.04748,0.0,-9999,-9999,4.04092,0.0,-9999,-9999,3.92768,0.0,0.048317,3.20835,3.57622,3.9808,4.04863,4.05554,4.12192,4.12692,0.0,0.0,0.0,0.0,0.0,0.0,0.0,4.33111,0.229622,0.0,-9999,-9999,3.61811,0.615205,0.0,-9999,-9999,4.31514,0.229712,0.0,-9999,-9999,3.61811,0.615205,0.0,-9999,-9999,4.158,4.22094,4.24221,4.24221,4.35778,4.37368,4.41379,0.0,0.0,0.0,0.0,0.0,0.0,0.0,2.39311,2.89595,3.45759,3.67819,3.68341,3.71693,3.71693,0.0,0.0,0.0,0.0,0.0,0.0,0.0,6.21003,6.07011,6.33731,0.0568804,5.98662,6.03586,6.06882,6.15957,6.48866,6.92782,6.94705,2.15498,2.02919,2.4098,0.0654855,1.96717,1.9945,2.02971,2.12312,2.80749,2.85245,3.01638,5.39091,5.30833,5.61345,0.176758,5.00805,5.02109,5.06382,5.33101,5.67534,5.80803,5.85925,1.17166,0.572416,1.03244,0.207445,0.40024,0.405512,0.435304,0.616517,0.747176,1.15372,3.03904,-9999,-9999
20130716,-9999,-9999,-9999,-9999,-9999,-9999,-9999,-9999,18.651,15.059,2.097,21.005,4.053,18.651,0.0,15.059,2.097,0.0,21.005,4.053,0.0,475.613,-9999,-9999,349.342,349.342,0.0,-9999,-9999,339.912,339.912,0.0,-9999,-9999,340.61,340.61,0.0,-9999,-9999,10.154,10.154,0.0,101.395,101.395,0.0,0.0,0.0,0.0,2.843,2.843,0.0,-9999,0.0,-9999,0.0,-9999,0.0,-9999,0.0,-9999,0.0,-9999,0.0,-9999,-9999,-9999,-9999,-9999,-9999,4.85288,0.0,39.2804,0.0,48.6961,-9999,-9999,-9999,-9999,71.8801,0.0,89.1102,-9999,-9999,-9999,-9999,11.0,3,19,29,0,0,4.00413,0.0,-9999,-9999,4.00519,0.0,-9999,-9999,3.91822,0.0,0.0453276,3.1548,3.61641,4.00413,4.01533,4.01533,4.11297,4.1296,0.0,0.0,0.0,0.0,0.0,0.0,0.0,4.29761,0.193568,0.0,-9999,-9999,3.57093,0.971377,0.0,-9999,-9999,4.29761,0.193568,0.0,-9999,-9999,3.57261,0.9731,0.0,-9999,-9999,4.158,4.23996,4.23996,4.23996,4.334,4.33433,4.37444,0.0,0.0,0.0,0.0,0.0,0.0,0.0,2.3077,2.96346,3.53335,3.62654,3.62654,3.72046,3.74698,0.0,0.0,0.0,0.0,0.0,0.0,0.0,5.99401,5.87469,6.10163,0.0482585,5.80337,5.84545,5.87359,5.95101,6.23091,6.60246,6.61867,1.98245,1.8695,2.18341,0.055339,1.81634,1.83632,1.871,1.93861,2.51887,2.55218,2.65592,5.32418,5.2385,5.48427,0.160034,4.9537,4.96282,5.00129,5.24687,5.50346,5.61583,5.63242,1.1666,0.641499,1.07935,0.203689,0.457741,0.46341,0.49493,0.684126,0.80487,1.14887,3.01682,-9999,-9999
20130717,-9999,-9999,-9999,-9999,-9999,-9999,-9999,-9999,20.328,15.801,3.078,23.294,4.94,20.328,0.0,15.801,3.078,0.0,23.294,4.94,0.0,474.698,-9999,-9999,353.761,353.761,0.0,-9999,-9999,341.705,341.705,0.0,-9999,-9999,342.7,342.7,0.0,-9999,-9999,12.381,12.381,0.0,101.737,101.737,0.0,0.0,0.0,0.0,2.606,2.606,0.0,-9999,0.0,-9999,0.0,-9999,0.0,-9999,0.0,-9999,0.0,-9999,0.0,-9999,-9999,-9999,-9999,-9999,-9999,8.34507,0.0,49.5623,0.0,61.4585,-9999,-9999,-9999,-9999,72.6191,0.0,90.0495,-9999,-9999,-9999,-9999,11.0,3,19,29,0,0,4.30873,0.0,-9999,-9999,4.35726,0.0,-9999,-9999,4.13409,0.0,0.0673315,3.1519,3.59588,3.99205,4.3163,4.41991,4.41991,4.51356,0.0,0.0,0.0,0.0,0.0,0.0,0.0,4.30857,0.20163,0.0,-9999,-9999,4.04957,0.610678,0.0,-9999,-9999,4.29284,0.199168,0.0,-9999,-9999,4.13729,0.533186,0.0,-9999,-9999,4.158,4.22572,4.24427,4.24577,4.36588,4.37368,4.41379,0.0,0.0,0.0,0.0,0.0,0.0,0.0,2.30308,2.92731,3.47553,4.04957,4.26805,4.27327,4.4184,0.0,0.0,0.0,0.0,0.0,0.0,0.0,6.41624,6.25353,6.56723,0.0669016,6.15681,6.21382,6.25203,6.35746,6.74248,7.26247,7.28539,2.09994,1.89627,2.4333,0.101576,1.70027,1.77505,1.87658,1.95186,3.05334,3.1543,3.29334,5.44528,5.36557,5.73458,0.195579,5.05182,5.06342,5.11477,5.41301,5.76034,6.04,6.13716,1.17206,0.507742,0.986015,0.210135,0.349149,0.353956,0.381401,0.553378,0.706294,1.15402,3.04955,-9999,-9999
20130718,-9999,-9999,-9999,-9999,-9999,-9999,-9999,-9999,21.719,16.869,3.372,24.897,5.471,21.719,0.0,16.869,3.372,0.0,24.897,5.471,0.0,473.748,-9999,-9999,353.581,353.581,0.0,-9999,-9999,345.328,345.328,0.0,-9999,-9999,346.923,346.923,0.0,-9999,-9999,14.378,14.378,0.0,101.518,101.518,0.0,0.0,0.0,0.0,2.945,2.945,0.0,-9999,0.0,-9999,0.0,-9999,0.0,-9999,0.0,-9999,0.0,-9999,0.0,-9999,-9999,-9999,-9999,-9999,-9999,20.8099,0.208333,49.8512,0.0,61.8327,-9999,-9999,-9999,-9999,81.0666,0.0,100.551,-9999,-9999,-9999,-9999,11.0,3,19,29,0,0,4.04748,0.0,-9999,-9999,4.04092,0.0,-9999,-9999,3.92768,0.0,0.048317,3.20835,3.57622,3.9808,4.04863,4.05554,4.12192,4.12692,0.0,0.0,0.0,0.0,0.0,0.0,0.0,4.33111,0.229622,0.0,-9999,-9999,3.61811,0.615205,0.0,-9999,-9999,4.31514,0.229712,0.0,-9999,-9999,3.61811,0.615205,0.0,-9999,-9999,4.158,4.22094,4.24221,4.24221,4.35778,4.37368,4.41379,0.0,0.0,0.0,0.0,0.0,0.0,0.0,2.39311,2.89595,3.45759,3.67819,3.68341,3.71693,3.71693,0.0,0.0,0.0,0.0,0.0,0.0,0.0,6.76532,6.56668,6.95253,0.0824201,6.44895,6.51831,6.56485,6.69348,7.16576,7.80969,7.83822,2.71027,2.52576,3.02502,0.0852249,2.44723,2.47994,2.52649,2.65848,3.57797,3.68776,3.85742,5.54567,5.47088,5.9421,0.226063,5.1332,5.14227,5.20884,5.54123,5.87023,6.39291,6.66746,1.17151,0.426504,0.924801,0.212302,0.290709,0.294955,0.318209,0.472948,0.604397,1.15347,3.04812,-9999,-9999
20130719,-9999,-9999,-9999,-9999,-9999,-9999,-9999,-9999,22.615,18.059,3.668,25.6,5.694,22.615,0.0,18.059,3.668,0.0,25.6,5.694,0.0,472.765,-9999,-9999,348.479,348.479,0.0,-9999,-9999,353.675,353.675,0.0,-9999,-9999,356.652,356.652,0.0,-9999,-9999,15.258,15.258,0.0,101.122,101.122,0.0,0.0,0.0,0.0,2.81,2.81,0.0,-9999,0.0,-9999,0.0,-9999,0.0,-9999,0.0,-9999,0.0,-9999,0.0,-9999,-9999,-9999,-9999,-9999,-9999,-9999,1.0,39.2804,0.0,48.7338,-9999,-9999,-9999,-9999,71.8801,0.0,89.1792,-9999,-9999,-9999,-9999,11.0,3,19,29,0,0,4.00413,0.0,-9999,-9999,4.00519,0.0,-9999,-9999,3.91822,0.0,0.0453276,3.1548,3.61641,4.00413,4.01533,4.01533,4.11297,4.1296,0.0,0.0,0.0,0.0,0.0,0.0,0.0,4.29761,0.193568,0.0,-9999,-9999,3.57093,0.971377,0.0,-9999,-9999,4.29761,0.193568,0.0,-9999,-9999,3.57261,0.9731,0.0,-9999,-9999,4.158,4.23996,4.23996,4.23996,4.334,4.33433,4.37444,0.0,0.0,0.0,0.0,0.0,0.0,0.0,2.3077,2.96346,3.53335,3.62654,3.62654,3.72046,3.74698,0.0,0.0,0.0,0.0,0.0,0.0,0.0,6.98863,6.76744,7.19833,0.0920954,6.63649,6.71363,6.76541,6.90861,7.43545,8.15636,8.18837,2.97707,2.76225,3.28011,0.089456,2.68036,2.70971,2.76412,2.89873,3.89238,4.02452,4.17624,5.61116,5.53954,6.07514,0.245483,5.18637,5.19427,5.27021,5.61253,5.9419,6.61824,7.00186,1.165,0.397957,0.897038,0.210531,0.271639,0.275689,0.297207,0.440748,0.566358,1.14727,3.01112,-9999,-9999
20130720,-9999,-9999,-9999,-9999,-9999,-9999,-9999,-9999,23.108,19.006,3.001,25.797,5.392,23.108,0.0,19.006,3.001,0.0,25.797,5.392,0.0,471.749,-9999,-9999,339.975,339.975,0.0,-9999,-9999,362.814,362.814,0.0,-9999,-9999,367.304,367.304,0.0,-9999,-9999,15.995,15.995,0.0,100.827,100.827,0.0,0.0,0.0,0.0,2.705,2.705,0.0,-9999,0.0,-9999,0.0,-9999,0.0,-9999,0.0,-9999,0.0,-9999,0.0,-9999,-9999,-9999,-9999,-9999,-9999,-9999,1.0,49.5623,0.0,61.5106,-9999,-9999,-9999,-9999,72.6191,0.0,90.1258,-9999,-9999,-9999,-9999,11.0,3,19,29,0,0,4.30873,0.0,-9999,-9999,4.35726,0.0,-9999,-9999,4.13409,0.0,0.0673315,3.1519,3.59588,3.99205,4.3163,4.41991,4.41991,4.51356,0.0,0.0,0.0,0.0,0.0,0.0,0.0,4.30857,0.20163,0.0,-9999,-9999,4.04957,0.610678,0.0,-9999,-9999,4.29284,0.199168,0.0,-9999,-9999,4.13729,0.533186,0.0,-9999,-9999,4.158,4.22572,4.24427,4.24577,4.36588,4.37368,4.41379,0.0,0.0,0.0,0.0,0.0,0.0,0.0,2.30308,2.92731,3.47553,4.04957,4.26805,4.27327,4.4184,0.0,0.0,0.0,0.0,0.0,0.0,0.0,7.10627,6.87496,7.32485,0.0961396,6.73794,6.81866,6.87283,7.0226,7.57302,8.32475,8.3581,2.78997,2.51769,3.19092,0.125082,2.30511,2.37548,2.51394,2.61641,4.01577,4.19149,4.36605,5.65062,5.58072,6.14605,0.254228,5.21867,5.22702,5.30719,5.66171,5.98497,6.73511,7.15737,1.15542,0.373227,0.869119,0.207319,0.24852,0.252476,0.274271,0.418136,0.543751,1.13823,2.94992,-9999,-9999
20130721,-9999,-9999,-9999,-9999,-9999,-9999,-9999,-9999,22.15,18.459,2.531,24.567,4.704,22.15,0.0,18.459,2.531,0.0,24.567,4.704,0.0,470.698,-9999,-9999,340.456,340.456,0.0,-9999,-9999,360.966,360.966,0.0,-9999,-9999,365.151,365.151,0.0,-9999,-9999,14.611,14.611,0.0,100.889,100.889,0.0,0.0,0.0,0.0,2.694,2.694,0.0,-9999,0.0,-9999,0.0,-9999,0.0,-9999,0.0,-9999,0.0,-9999,0.0,-9999,-9999,-9999,-9999,-9999,-9999,-9999,1.0,49.8512,0.0,61.9779,-9999,-9999,-9999,-9999,81.0666,0.0,100.787,-9999,-9999,-9999,-9999,11.0,3,19,29,0,0,4.04748,0.0,-9999,-9999,4.04092,0.0,-9999,-9999,3.92768,0.0,0.048317,3.20835,3.57622,3.9808,4.04863,4.05554,4.12192,4.12692,0.0,0.0,0.0,0.0,0.0,0.0,0.0,4.33111,0.229622,0.0,-9999,-9999,3.61811,0.615205,0.0,-9999,-9999,4.31514,0.229712,0.0,-9999,-9999,3.61811,0.615205,0.0,-9999,-9999,4.158,4.22094,4.24221,4.24221,4.35778,4.37368,4.41379,0.0,0.0,0.0,0.0,0.0,0.0,0.0,2.39311,2.89595,3.45759,3.67819,3.68341,3.71693,3.71693,0.0,0.0,0.0,0.0,0.0,0.0,0.0,6.85995,6.65586,7.04986,0.0840789,6.53461,6.60608,6.65398,6.78622,7.2696,7.92363,7.95249,2.8049,2.61494,3.12234,0.0866148,2.53474,2.568,2.6157,2.75135,3.69064,3.8017,3.97169,5.58505,5.51174,6.00053,0.230712,5.16581,5.17401,5.24575,5.58505,5.91309,6.48417,6.76141,1.15364,0.424872,0.908292,0.205992,0.282403,0.286773,0.312042,0.47341,0.607302,1.13643,2.95157,-9999,-9999
20130722,-9999,-9999,-9999,-9999,-9999,-9999,-9999,-9999,22.052,18.646,3.096,24.283,4.252,22.052,0.0,18.646,3.096,0.0,24.283,4.252,0.0,469.615,-9999,-9999,303.621,303.621,0.0,-9999,-9999,378.354,378.354,0.0,-9999,-9999,385.417,385.417,0.0,-9999,-9999,13.552,13.552,0.0,101.327,101.327,0.0,0.0,0.0,0.0,2.418,2.418,0.0,-9999,-9999,-9999,-9999,-9999,-9999,-9999,-9999,-9999,-9999,-9999,-9999,-9999,-9999,-9999,-9999,-9999,-9999,-9999,1.0,39.2804,0.0,48.9832,-9999,-9999,-9999,-9999,71.8801,0.0,89.6356,-9999,-9999,-9999,-9999,11.0,3,19,29,0,0,4.00413,0.0,-9999,-9999,4.00519,0.0,-9999,-9999,3.91822,0.0,0.0453276,3.1548,3.61641,4.00413,4.01533,4.01533,4.11297,4.1296,0.0,0.0,0.0,0.0,0.0,0.0,0.0,4.29761,0.193568,0.0,-9999,-9999,3.57093,0.971377,0.0,-9999,-9999,4.29761,0.193568,0.0,-9999,-9999,3.57261,0.9731,0.0,-9999,-9999,4.158,4.23996,4.23996,4.23996,4.334,4.33433,4.37444,0.0,0.0,0.0,0.0,0.0,0.0,0.0,2.3077,2.96346,3.53335,3.62654,3.62654,3.72046,3.74698,0.0,0.0,0.0,0.0,0.0,0.0,0.0,6.83387,6.63312,7.01988,0.082503,6.51377,6.58413,6.63127,6.76136,7.23622,7.87707,7.90531,2.8223,2.62793,3.10166,0.0811986,2.55166,2.57919,2.62973,2.75098,3.64367,3.74523,3.89317,5.57926,5.50561,5.98514,0.227796,5.1612,5.16957,5.24033,5.57926,5.90672,6.45711,6.71338,1.09145,0.471201,0.894383,0.184644,0.315449,0.32027,0.348619,0.521624,0.661435,1.07708,2.66623,-9999,-9999
20130723,-9999,-9999,-9999,-9999,-9999,-9999,-9999,-9999,23.179,20.172,1.782,25.149,3.636,23.179,0.0,20.172,1.782,0.0,25.149,3.636,0.0,468.499,-9999,-9999,268.407,268.407,0.0,-9999,-9999,393.024,393.024,0.0,-9999,-9999,402.517,402.517,0.0,-9999,-9999,15.137,15.137,0.0,101.464,101.464,0.0,0.0,0.0,0.0,2.233,2.233,0.0,-9999,0.0,-9999,0.0,-9999,0.0,-9999,0.0,-9999,0.0,-9999,0.0,-9999,-9999,-9999,-9999,-9999,-9999,-9999,1.0,49.5623,0.0,62.0315,-9999,-9999,-9999,-9999,72.6191,0.0,90.889,-9999,-9999,-9999,-9999,11.0,3,19,29,0,0,4.30873,0.0,-9999,-9999,4.35726,0.0,-9999,-9999,4.13409,0.0,0.0673315,3.1519,3.59588,3.99205,4.3163,4.41991,4.41991,4.51356,0.0,0.0,0.0,0.0,0.0,0.0,0.0,4.30857,0.20163,0.0,-9999,-9999,4.04957,0.610678,0.0,-9999,-9999,4.29284,0.199168,0.0,-9999,-9999,4.13729,0.533186,0.0,-9999,-9999,4.158,4.22572,4.24427,4.24577,4.36588,4.37368,4.41379,0.0,0.0,0.0,0.0,0.0,0.0,0.0,2.30308,2.92731,3.47553,4.04957,4.26805,4.27327,4.4184,0.0,0.0,0.0,0.0,0.0,0.0,0.0,7.10997,6.88324,7.32042,0.0932886,6.74849,6.82792,6.88115,7.02807,7.5647,8.28971,8.32167,2.79367,2.52598,3.18649,0.122691,2.31436,2.38498,2.52123,2.62175,4.01792,4.15644,4.32962,5.66528,5.59562,6.15013,0.25011,5.23129,5.23976,5.32095,5.6778,6.00075,6.7337,7.10326,1.07105,0.431957,0.830011,0.170033,0.279734,0.284573,0.313291,0.484399,0.617243,1.05865,2.42237,-9999,-9999
20130724,-9999,-9999,-9999,-9999,-9999,-9999,-9999,-9999,23.656,19.932,3.02,26.096,4.697,23.656,0.0,19.932,3.02,0.0,26.096,4.697,0.0,467.35,-9999,-9999,334.408,334.408,0.0,-9999,-9999,378.05,378.05,0.0,-9999,-9999,385.064,385.064,0.0,-9999,-9999,17.383,17.383,0.0,101.353,101.353,0.0,0.0,0.0,0.0,2.684,2.684,0.0,-9999,0.0,-9999,0.0,-9999,0.0,-9999,0.0,-9999,0.0,-9999,0.0,-9999,-9999,-9999,-9999,-9999,-9999,-9999,1.0,49.8512,0.0,62.613,-9999,-9999,-9999,-9999,81.0666,0.0,101.82,-9999,-9999,-9999,-9999,11.0,3,19,29,0,0,4.04748,0.0,-9999,-9999,4.04092,0.0,-9999,-9999,3.92768,0.0,0.048317,3.20835,3.57622,3.9808,4.04863,4.05554,4.12192,4.12692,0.0,0.0,0.0,0.0,0.0,0.0,0.0,4.33111,0.229622,0.0,-9999,-9999,3.61811,0.615205,0.0,-9999,-9999,4.31514,0.229712,0.0,-9999,-9999,3.61811,0.615205,0.0,-9999,-9999,4.158,4.22094,4.24221,4.24221,4.35778,4.37368,4.41379,0.0,0.0,0.0,0.0,0.0,0.0,0.0,2.39311,2.89595,3.45759,3.67819,3.68341,3.71693,3.71693,0.0,0.0,0.0,0.0,0.0,0.0,0.0,7.23948,6.99613,7.46891,0.10102,6.85192,6.93689,6.99389,7.15147,7.73016,8.51942,8.5544,3.18443,2.95521,3.5414,0.101249,2.86395,2.90082,2.95611,3.11757,4.09594,4.39749,4.5736,5.69335,5.6254,6.22566,0.264596,5.25354,5.26239,5.34724,5.71536,6.03166,6.86803,7.33882,1.14366,0.347377,0.842531,0.205247,0.222683,0.226525,0.2489,0.394727,0.527863,1.12681,2.90605,-9999,-9999
20130725,-9999,-9999,-9999,-9999,-9999,-9999,-9999,-9999,23.358,19.697,2.17,25.756,4.462,23.358,0.0,19.697,2.17,0.0,25.756,4.462,0.0,466.168,-9999,-9999,323.102,323.102,0.0,-9999,-9999,374.198,374.198,0.0,-9999,-9999,380.573,380.573,0.0,-9999,-9999,16.053,16.053,0.0,101.417,101.417,0.0,0.0,0.0,0.0,2.784,2.784,0.0,-9999,0.0,-9999,0.0,-9999,0.0,-9999,0.0,-9999,0.0,-9999,0.0,-9999,-9999,-9999,-9999,-9999,-9999,-9999,1.0,39.2804,0.0,49.5164,-9999,-9999,-9999,-9999,71.8801,0.0,90.6113,-9999,-9999,-9999,-9999,11.0,3,19,29,0,0,4.00413,0.0,-9999,-9999,4.00519,0.0,-9999,-9999,3.91822,0.0,0.0453276,3.1548,3.61641,4.00413,4.01533,4.01533,4.11297,4.1296,0.0,0.0,0.0,0.0,0.0,0.0,0.0,4.29761,0.193568,0.0,-9999,-9999,3.57093,0.971377,0.0,-9999,-9999,4.29761,0.193568,0.0,-9999,-9999,3.57261,0.9731,0.0,-9999,-9999,4.158,4.23996,4.23996,4.23996,4.334,4.33433,4.37444,0.0,0.0,0.0,0.0,0.0,0.0,0.0,2.3077,2.96346,3.53335,3.62654,3.62654,3.72046,3.74698,0.0,0.0,0.0,0.0,0.0,0.0,0.0,7.16112,6.92691,7.38067,0.0969079,6.78796,6.86984,6.92475,7.07645,7.63244,8.38811,8.42154,3.14955,2.92172,3.46246,0.0936968,2.83601,2.86661,2.92364,3.06689,4.06844,4.25627,4.4094,5.67389,5.60487,6.17968,0.25666,5.23794,5.24655,5.32901,5.68994,6.0103,6.78771,7.20759,1.13255,0.383191,0.857319,0.198962,0.24683,0.250978,0.275745,0.430669,0.561417,1.11638,2.82629,-9999,-9999
20130726,-9999,-9999,-9999,-9999,-9999,-9999,-9999,-9999,22.072,18.562,2.207,24.372,4.601,22.072,0.0,18.562,2.207,0.0,24.372,4.601,0.0,464.953,-9999,-9999,339.605,339.605,0.0,-9999,-9999,361.832,361.832,0.0,-9999,-9999,366.159,366.159,0.0,-9999,-9999,13.867,13.867,0.0,101.685,101.685,0.0,0.0,0.0,0.0,2.652,2.652,0.0,-9999,0.0,-9999,0.0,-9999,0.0,-9999,0.0,-9999,0.0,-9999,0.0,-9999,-9999,-9999,-9999,-9999,-9999,-9999,1.0,49.5623,0.0,62.7128,-9999,-9999,-9999,-9999,72.6191,0.0,91.8873,-9999,-9999,-9999,-9999,11.0,3,19,29,0,0,4.30873,0.0,-9999,-9999,4.35726,0.0,-9999,-9999,4.13409,0.0,0.0673315,3.1519,3.59588,3.99205,4.3163,4.41991,4.41991,4.51356,0.0,0.0,0.0,0.0,0.0,0.0,0.0,4.30857,0.20163,0.0,-9999,-9999,4.04957,0.610678,0.0,-9999,-9999,4.29284,0.199168,0.0,-9999,-9999,4.13729,0.533186,0.0,-9999,-9999,4.158,4.22572,4.24427,4.24577,4.36588,4.37368,4.41379,0.0,0.0,0.0,0.0,0.0,0.0,0.0,2.30308,2.92731,3.47553,4.04957,4.26805,4.27327,4.4184,0.0,0.0,0.0,0.0,0.0,0.0,0.0,6.83857,6.63725,7.02533,0.0827937,6.51758,6.58812,6.6354,6.76585,7.24222,7.8856,7.91396,2.52227,2.27999,2.8914,0.11403,2.07457,2.14684,2.26932,2.35892,3.64317,3.75233,3.92191,5.58056,5.50698,5.98816,0.228339,5.16227,5.17061,5.24156,5.58056,5.90814,6.46197,6.72246,1.14619,0.468718,0.938285,0.203766,0.318472,0.32306,0.349355,0.516373,0.65824,1.12899,2.94139,-9999,-9999
20130727,-9999,-9999,-9999,-9999,-9999,-9999,-9999,-9999,21.755,18.049,2.561,24.182,4.503,21.755,0.0,18.049,2.561,0.0,24.182,4.503,0.0,463.706,-9999,-9999,334.152,334.152,0.0,-9999,-9999,360.753,360.753,0.0,-9999,-9999,364.902,364.902,0.0,-9999,-9999,13.276,13.276,0.0,101.372,101.372,0.0,0.0,0.0,0.0,2.583,2.583,0.0,-9999,0.0,-9999,0.0,-9999,0.0,-9999,0.0,-9999,0.0,-9999,0.0,-9999,-9999,-9999,-9999,-9999,-9999,-9999,1.0,49.8512,0.0,63.3408,-9999,-9999,-9999,-9999,81.0666,0.0,103.003,-9999,-9999,-9999,-9999,11.0,3,19,29,0,0,4.04748,0.0,-9999,-9999,4.04092,0.0,-9999,-9999,3.92768,0.0,0.048317,3.20835,3.57622,3.9808,4.04863,4.05554,4.12192,4.12692,0.0,0.0,0.0,0.0,0.0,0.0,0.0,4.33111,0.229622,0.0,-9999,-9999,3.61811,0.615205,0.0,-9999,-9999,4.31514,0.229712,0.0,-9999,-9999,3.61811,0.615205,0.0,-9999,-9999,4.158,4.22094,4.24221,4.24221,4.35778,4.37368,4.41379,0.0,0.0,0.0,0.0,0.0,0.0,0.0,2.39311,2.89595,3.45759,3.67819,3.68341,3.71693,3.71693,0.0,0.0,0.0,0.0,0.0,0.0,0.0,6.76072,6.56685,6.94034,0.0796678,6.45158,6.51953,6.56506,6.6907,7.14926,7.76809,7.79535,2.70567,2.52593,3.01282,0.0829485,2.44861,2.48094,2.52665,2.65558,3.54093,3.64616,3.81455,5.55657,5.48187,5.94159,0.221964,5.14273,5.15166,5.21907,5.55273,5.88192,6.38422,6.61073,1.14003,0.48176,0.941725,0.200806,0.325564,0.330263,0.357918,0.529176,0.675747,1.12315,2.90194,-9999,-9999
20130728,-9999,-9999,-9999,-9999,-9999,-9999,-9999,-9999,21.351,17.334,2.012,23.982,4.567,21.351,0.0,17.334,2.012,0.0,23.982,4.567,0.0,462.427,-9999,-9999,337.775,337.775,0.0,-9999,-9999,352.826,352.826,0.0,-9999,-9999,355.662,355.662,0.0,-9999,-9999,13.512,13.512,0.0,100.99,100.99,0.0,0.0,0.0,0.0,2.672,2.672,0.0,-9999,0.0,-9999,0.0,-9999,0.0,-9999,0.0,-9999,0.0,-9999,0.0,-9999,-9999,-9999,-9999,-9999,-9999,-9999,1.0,39.2804,0.0,50.2377,-9999,-9999,-9999,-9999,71.8801,0.0,91.9311,-9999,-9999,-9999,-9999,11.0,3,19,29,0,0,4.00413,0.0,-9999,-9999,4.00519,0.0,-9999,-9999,3.91822,0.0,0.0453276,3.1548,3.61641,4.00413,4.01533,4.01533,4.11297,4.1296,0.0,0.0,0.0,0.0,0.0,0.0,0.0,4.29761,0.193568,0.0,-9999,-9999,3.57093,0.971377,0.0,-9999,-9999,4.29761,0.193568,0.0,-9999,-9999,3.57261,0.9731,0.0,-9999,-9999,4.158,4.23996,4.23996,4.23996,4.334,4.33433,4.37444,0.0,0.0,0.0,0.0,0.0,0.0,0.0,2.3077,2.96346,3.53335,3.62654,3.62654,3.72046,3.74698,0.0,0.0,0.0,0.0,0.0,0.0,0.0,6.66081,6.47657,6.83123,0.0756379,6.36699,6.43159,6.47487,6.59427,7.02983,7.61707,7.64293,2.64924,2.47138,2.91301,0.0754808,2.39981,2.4258,2.47312,2.58348,3.39239,3.49634,3.63079,5.52618,5.45004,5.88211,0.213798,5.11802,5.12769,5.19059,5.51426,5.84868,6.28352,6.4673,1.14172,0.454095,0.924685,0.203244,0.304097,0.308645,0.335329,0.503386,0.642514,1.12461,2.92674,-9999,-9999
20130729,-9999,-9999,-9999,-9999,-9999,-9999,-9999,-9999,19.615,16.003,2.213,21.982,4.159,19.615,0.0,16.003,2.213,0.0,21.982,4.159,0.0,461.116,-9999,-9999,336.582,336.582,0.0,-9999,-9999,343.322,343.322,0.0,-9999,-9999,344.584,344.584,0.0,-9999,-9999,11.1,11.1,0.0,101.302,101.302,0.0,0.0,0.0,0.0,2.927,2.927,0.0,-9999,-9999,-9999,-9999,-9999,-9999,-9999,-9999,-9999,-9999,-9999,-9999,-9999,-9999,-9999,-9999,-9999,-9999,-9999,1.0,49.5623,0.0,64.345,-9999,-9999,-9999,-9999,72.6191,0.0,94.2788,-9999,-9999,-9999,-9999,11.0,3,19,29,0,0,4.30873,0.0,-9999,-9999,4.35726,0.0,-9999,-9999,4.13409,0.0,0.0673315,3.1519,3.59588,3.99205,4.3163,4.41991,4.41991,4.51356,0.0,0.0,0.0,0.0,0.0,0.0,0.0,4.30857,0.20163,0.0,-9999,-9999,4.04957,0.610678,0.0,-9999,-9999,4.29284,0.199168,0.0,-9999,-9999,4.13729,0.533186,0.0,-9999,-9999,4.158,4.22572,4.24427,4.24577,4.36588,4.37368,4.41379,0.0,0.0,0.0,0.0,0.0,0.0,0.0,2.30308,2.92731,3.47553,4.04957,4.26805,4.27327,4.4184,0.0,0.0,0.0,0.0,0.0,0.0,0.0,6.22963,6.08816,6.35814,0.0574673,6.00372,6.05353,6.08685,6.17861,6.51122,6.95469,6.9741,1.91334,1.7309,2.22421,0.0946787,1.53997,1.61609,1.70631,1.78642,2.82143,2.86855,3.03002,5.39782,5.31553,5.62527,0.17802,5.01372,5.0266,5.0703,5.33958,5.69142,5.83217,5.87925,1.1383,0.583958,1.01855,0.198508,0.407939,0.413214,0.444033,0.627715,0.747423,1.12121,2.917,-9999,-9999
20130730,-9999,-9999,-9999,-9999,-9999,-9999,-9999,-9999,20.507,16.391,3.053,23.204,4.806,20.507,0.0,16.391,3.053,0.0,23.204,4.806,0.0,459.773,-9999,-9999,340.075,340.075,0.0,-9999,-9999,345.673,345.673,0.0,-9999,-9999,347.325,347.325,0.0,-9999,-9999,12.373,12.373,0.0,101.72,101.72,0.0,0.0,0.0,0.0,2.397,2.397,0.0,-9999,0.0,-9999,0.0,-9999,0.0,-9999,0.0,-9999,0.0,-9999,0.0,-9999,-9999,-9999,-9999,-9999,-9999,-9999,1.0,49.8512,0.0,65.6894,-9999,-9999,-9999,-9999,81.0666,0.0,106.822,-9999,-9999,-9999,-9999,11.0,3,19,29,0,0,4.04748,0.0,-9999,-9999,4.04092,0.0,-9999,-9999,3.92768,0.0,0.048317,3.20835,3.57622,3.9808,4.04863,4.05554,4.12192,4.12692,0.0,0.0,0.0,0.0,0.0,0.0,0.0,4.33111,0.229622,0.0,-9999,-9999,3.61811,0.615205,0.0,-9999,-9999,4.31514,0.229712,0.0,-9999,-9999,3.61811,0.615205,0.0,-9999,-9999,4.158,4.22094,4.24221,4.24221,4.35778,4.37368,4.41379,0.0,0.0,0.0,0.0,0.0,0.0,0.0,2.39311,2.89595,3.45759,3.67819,3.68341,3.71693,3.71693,0.0,0.0,0.0,0.0,0.0,0.0,0.0,6.45702,6.29139,6.61014,0.0679613,6.19288,6.25096,6.28987,6.39721,6.78868,7.31625,7.33947,2.40197,2.25048,2.68263,0.0736137,2.18121,2.2109,2.25109,2.36139,3.11415,3.19729,3.35867,5.46071,5.38162,5.75956,0.198034,5.06454,5.07579,5.12923,5.43197,5.77716,6.07991,6.18449,1.14022,0.505634,0.964407,0.202528,0.346551,0.351281,0.379028,0.54956,0.702489,1.1229,2.94088,-9999,-9999
20130731,-9999,-9999,-9999,-9999,-9999,-9999,-9999,-9999,20.093,16.534,1.984,22.424,4.477,20.093,0.0,16.534,1.984,0.0,22.424,4.477,0.0,458.398,-9999,-9999,334.055,334.055,0.0,-9999,-9999,345.974,345.974,0.0,-9999,-9999,347.676,347.676,0.0,-9999,-9999,12.26,12.26,0.0,101.685,101.685,0.0,0.0,0.0,0.0,2.741,2.741,0.0,-9999,0.0,-9999,0.0,-9999,0.0,-9999,0.0,-9999,0.0,-9999,0.0,-9999,-9999,-9999,-9999,-9999,-9999,-9999,1.0,39.2804,0.0,52.5712,-9999,-9999,-9999,-9999,71.8801,0.0,96.2013,-9999,-9999,-9999,-9999,11.0,3,19,29,0,0,4.00413,0.0,-9999,-9999,4.00519,0.0,-9999,-9999,3.91822,0.0,0.0453276,3.1548,3.61641,4.00413,4.01533,4.01533,4.11297,4.1296,0.0,0.0,0.0,0.0,0.0,0.0,0.0,4.29761,0.193568,0.0,-9999,-9999,3.57093,0.971377,0.0,-9999,-9999,4.29761,0.193568,0.0,-9999,-9999,3.57261,0.9731,0.0,-9999,-9999,4.158,4.23996,4.23996,4.23996,4.334,4.33433,4.37444,0.0,0.0,0.0,0.0,0.0,0.0,0.0,2.3077,2.96346,3.53335,3.62654,3.62654,3.72046,3.74698,0.0,0.0,0.0,0.0,0.0,0.0,0.0,6.34746,6.19451,6.4871,0.0623131,6.10331,6.1571,6.1931,6.29228,6.65241,7.13409,7.15521,2.33589,2.18932,2.56888,0.0650212,2.1266,2.1497,2.19094,2.28071,2.93708,3.01174,3.14307,5.43355,5.35295,5.69563,0.187513,5.0428,5.05479,5.10379,5.39635,5.74733,5.96775,6.00347,1.13322,0.516726,0.965753,0.199269,0.354779,0.359634,0.388053,0.560494,0.708433,1.11625,2.89787,-9999,-9999
20130801,-9999,-9999,-9999,-9999,-9999,-9999,-9999,-9999,19.407,15.805,2.416,21.767,4.635,19.407,0.0,15.805,2.416,0.0,21.767,4.635,0.0,456.99,-9999,-9999,337.799,337.799,0.0,-9999,-9999,336.333,336.333,0.0,-9999,-9999,336.438,336.438,0.0,-9999,-9999,11.399,11.399,0.0,101.596,101.596,0.0,0.0,0.0,0.0,2.931,2.931,0.0,-9999,0.0,-9999,0.0,-9999,0.0,-9999,0.0,-9999,0.0,-9999,0.0,-9999,-9999,-9999,-9999,-9999,-9999,-9999,1.0,49.5623,0.0,67.4763,-9999,-9999,-9999,-9999,72.6191,0.0,98.8668,-9999,-9999,-9999,-9999,11.0,3,19,29,0,0,4.30873,0.0,-9999,-9999,4.35726,0.0,-9999,-9999,4.13409,0.0,0.0673315,3.1519,3.59588,3.99205,4.3163,4.41991,4.41991,4.51356,0.0,0.0,0.0,0.0,0.0,0.0,0.0,4.30857,0.20163,0.0,-9999,-9999,4.04957,0.610678,0.0,-9999,-9999,4.29284,0.199168,0.0,-9999,-9999,4.13729,0.533186,0.0,-9999,-9999,4.158,4.22572,4.24427,4.24577,4.36588,4.37368,4.41379,0.0,0.0,0.0,0.0,0.0,0.0,0.0,2.30308,2.92731,3.47553,4.04957,4.26805,4.27327,4.4184,0.0,0.0,0.0,0.0,0.0,0.0,0.0,6.18173,6.04387,6.30744,0.0561162,5.96164,6.01013,6.04259,6.132,6.45649,6.8901,6.9091,1.86544,1.6866,2.17351,0.0937242,1.49658,1.57294,1.66117,1.74201,2.75844,2.81302,2.96489,5.38022,5.29721,5.59604,0.175047,4.99923,5.01251,5.0538,5.31791,5.65184,5.77452,5.83065,1.1349,0.578448,1.0149,0.198926,0.410056,0.415027,0.443372,0.620585,0.73321,1.11769,2.92301,-9999,-9999
20130802,-9999,-9999,-9999,-9999,-9999,-9999,-9999,-9999,21.081,17.237,2.431,23.6,5.266,21.081,0.0,17.237,2.431,0.0,23.6,5.266,0.0,455.552,-9999,-9999,334.647,334.647,0.0,-9999,-9999,342.841,342.841,0.0,-9999,-9999,344.024,344.024,0.0,-9999,-9999,13.685,13.685,0.0,101.299,101.299,0.0,0.0,0.0,0.0,2.381,2.381,0.0,-9999,0.0,-9999,0.0,-9999,0.0,-9999,0.0,-9999,0.0,-9999,0.0,-9999,-9999,-9999,-9999,-9999,-9999,-9999,1.0,49.8512,0.0,68.9769,-9999,-9999,-9999,-9999,81.0666,0.0,112.168,-9999,-9999,-9999,-9999,11.0,3,19,29,0,0,4.04748,0.0,-9999,-9999,4.04092,0.0,-9999,-9999,3.92768,0.0,0.048317,3.20835,3.57622,3.9808,4.04863,4.05554,4.12192,4.12692,0.0,0.0,0.0,0.0,0.0,0.0,0.0,4.33111,0.229622,0.0,-9999,-9999,3.61811,0.615205,0.0,-9999,-9999,4.31514,0.229712,0.0,-9999,-9999,3.61811,0.615205,0.0,-9999,-9999,4.158,4.22094,4.24221,4.24221,4.35778,4.37368,4.41379,0.0,0.0,0.0,0.0,0.0,0.0,0.0,2.39311,2.89595,3.45759,3.67819,3.68341,3.71693,3.71693,0.0,0.0,0.0,0.0,0.0,0.0,0.0,6.59779,6.41854,6.76417,0.0737259,6.312,6.37481,6.41689,6.53304,6.95722,7.5303,7.55556,2.54274,2.37763,2.83665,0.0781298,2.3045,2.33545,2.37829,2.49756,3.32174,3.41204,3.57476,5.50385,5.42676,5.84391,0.209571,5.09967,5.10987,5.16966,5.49242,5.82432,6.22135,6.38898,1.1304,0.471767,0.932109,0.200571,0.326473,0.330861,0.355566,0.513913,0.656845,1.11336,2.89993,-9999,-9999
20130803,-9999,-9999,-9999,-9999,-9999,-9999,-9999,-9999,20.231,16.389,2.385,22.749,4.688,20.231,0.0,16.389,2.385,0.0,22.749,4.688,0.0,454.082,-9999,-9999,333.852,333.852,0.0,-9999,-9999,341.913,341.913,0.0,-9999,-9999,342.943,342.943,0.0,-9999,-9999,12.494,12.494,0.0,101.335,101.335,0.0,0.0,0.0,0.0,2.72,2.72,0.0,-9999,0.0,-9999,0.0,-9999,0.0,-9999,0.0,-9999,0.0,-9999,0.0,-9999,-9999,-9999,-9999,-9999,-9999,-9999,1.0,39.2804,0.0,55.2534,-9999,-9999,-9999,-9999,71.8801,0.0,101.11,-9999,-9999,-9999,-9999,11.0,3,19,29,0,0,4.00413,0.0,-9999,-9999,4.00519,0.0,-9999,-9999,3.91822,0.0,0.0453276,3.1548,3.61641,4.00413,4.01533,4.01533,4.11297,4.1296,0.0,0.0,0.0,0.0,0.0,0.0,0.0,4.29761,0.193568,0.0,-9999,-9999,3.57093,0.971377,0.0,-9999,-9999,4.29761,0.193568,0.0,-9999,-9999,3.57261,0.9731,0.0,-9999,-9999,4.158,4.23996,4.23996,4.23996,4.334,4.33433,4.37444,0.0,0.0,0.0,0.0,0.0,0.0,0.0,2.3077,2.96346,3.53335,3.62654,3.62654,3.72046,3.74698,0.0,0.0,0.0,0.0,0.0,0.0,0.0,6.38506,6.22749,6.52978,0.0644132,6.13364,6.18898,6.22604,6.32819,6.69988,7.1988,7.22071,2.3735,2.2223,2.61156,0.0666016,2.1583,2.18182,2.22394,2.31674,2.99927,3.07672,3.20858,5.44209,5.36199,5.71742,0.191341,5.04958,5.06133,5.11178,5.40773,5.75672,6.00653,6.06874,1.12695,0.481936,0.938116,0.199831,0.327182,0.331799,0.35907,0.526955,0.673993,1.10997,2.89235,-9999,-9999
20130804,-9999,-9999,-9999,-9999,-9999,-9999,-9999,-9999,19.481,15.626,2.164,22.006,4.658,19.481,0.0,15.626,2.164,0.0,22.006,4.658,0.0,452.582,-9999,-9999,331.042,331.042,0.0,-9999,-9999,341.803,341.803,0.0,-9999,-9999,342.815,342.815,0.0,-9999,-9999,11.018,11.018,0.0,101.457,101.457,0.0,0.0,0.0,0.0,2.593,2.593,0.0,-9999,0.0,-9999,0.0,-9999,0.0,-9999,0.0,-9999,0.0,-9999,0.0,-9999,-9999,-9999,-9999,-9999,-9999,-9999,1.0,49.5623,0.0,70.8539,-9999,-9999,-9999,-9999,72.6191,0.0,103.816,-9999,-9999,-9999,-9999,11.0,3,19,29,0,0,4.30873,0.0,-9999,-9999,4.35726,0.0,-9999,-9999,4.13409,0.0,0.0673315,3.1519,3.59588,3.99205,4.3163,4.41991,4.41991,4.51356,0.0,0.0,0.0,0.0,0.0,0.0,0.0,4.30857,0.20163,0.0,-9999,-9999,4.04957,0.610678,0.0,-9999,-9999,4.29284,0.199168,0.0,-9999,-9999,4.13729,0.533186,0.0,-9999,-9999,4.158,4.22572,4.24427,4.24577,4.36588,4.37368,4.41379,0.0,0.0,0.0,0.0,0.0,0.0,0.0,2.30308,2.92731,3.47553,4.04957,4.26805,4.27327,4.4184,0.0,0.0,0.0,0.0,0.0,0.0,0.0,6.20065,6.06071,6.32852,0.0570288,5.97729,6.02649,6.05942,6.15016,6.47973,6.92072,6.94006,1.88435,1.70345,2.19459,0.0943658,1.51293,1.58916,1.67849,1.75897,2.78815,2.8344,2.99596,5.38532,5.30258,5.60723,0.176747,5.00335,5.0165,5.05858,5.32448,5.66649,5.80465,5.85099,1.12131,0.548455,0.983563,0.196089,0.384606,0.38959,0.417753,0.590297,0.713885,1.10454,2.87026,-9999,-9999
20130805,-9999,-9999,-9999,-9999,-9999,-9999,-9999,-9999,19.17,15.1,2.313,21.836,4.594,19.17,0.0,15.1,2.313,0.0,21.836,4.594,0.0,451.051,-9999,-9999,330.145,330.145,0.0,-9999,-9999,340.716,340.716,0.0,-9999,-9999,341.547,341.547,0.0,-9999,-9999,10.786,10.786,0.0,101.501,101.501,0.0,0.0,0.0,0.0,2.49,2.49,0.0,-9999,-9999,-9999,-9999,-9999,-9999,-9999,-9999,-9999,-9999,-9999,-9999,-9999,-9999,-9999,-9999,-9999,-9999,-9999,1.0,49.8512,0.0,72.3918,-9999,-9999,-9999,-9999,81.0666,0.0,117.722,-9999,-9999,-9999,-9999,11.0,3,19,29,0,0,4.04748,0.0,-9999,-9999,4.04092,0.0,-9999,-9999,3.92768,0.0,0.048317,3.20835,3.57622,3.9808,4.04863,4.05554,4.12192,4.12692,0.0,0.0,0.0,0.0,0.0,0.0,0.0,4.33111,0.229622,0.0,-9999,-9999,3.61811,0.615205,0.0,-9999,-9999,4.31514,0.229712,0.0,-9999,-9999,3.61811,0.615205,0.0,-9999,-9999,4.158,4.22094,4.24221,4.24221,4.35778,4.37368,4.41379,0.0,0.0,0.0,0.0,0.0,0.0,0.0,2.39311,2.89595,3.45759,3.67819,3.68341,3.71693,3.71693,0.0,0.0,0.0,0.0,0.0,0.0,0.0,6.1262,5.99287,6.24807,0.054338,5.91338,5.96026,5.99164,6.0781,6.39213,6.81235,6.83078,2.07115,1.95195,2.32055,0.0637449,1.89184,1.91855,1.95245,2.04149,2.70396,2.75856,2.89984,5.36081,5.27698,5.56232,0.171321,4.9833,4.99702,5.03561,5.29387,5.60649,5.70352,5.77368,1.12042,0.564087,0.994066,0.195174,0.396915,0.402015,0.430783,0.605852,0.724232,1.1037,2.86387,-9999,-9999
20130806,-9999,-9999,-9999,-9999,-9999,-9999,-9999,-9999,18.194,14.753,2.19,20.448,3.963,18.194,0.0,14.753,2.19,0.0,20.448,3.963,0.0,449.489,-9999,-9999,309.702,309.702,0.0,-9999,-9999,343.421,343.421,0.0,-9999,-9999,344.7,344.7,0.0,-9999,-9999,9.629,9.629,0.0,101.571,101.571,0.0,0.0,0.0,0.0,2.929,2.929,0.0,-9999,0.0,-9999,0.0,-9999,0.0,-9999,0.0,-9999,0.0,-9999,0.0,-9999,-9999,-9999,-9999,-9999,-9999,-9999,1.0,39.2804,0.0,57.9252,-9999,-9999,-9999,-9999,71.8801,0.0,105.999,-9999,-9999,-9999,-9999,11.0,3,19,29,0,0,4.00413,0.0,-9999,-9999,4.00519,0.0,-9999,-9999,3.91822,0.0,0.0453276,3.1548,3.61641,4.00413,4.01533,4.01533,4.11297,4.1296,0.0,0.0,0.0,0.0,0.0,0.0,0.0,4.29761,0.193568,0.0,-9999,-9999,3.57093,0.971377,0.0,-9999,-9999,4.29761,0.193568,0.0,-9999,-9999,3.57261,0.9731,0.0,-9999,-9999,4.158,4.23996,4.23996,4.23996,4.334,4.33433,4.37444,0.0,0.0,0.0,0.0,0.0,0.0,0.0,2.3077,2.96346,3.53335,3.62654,3.62654,3.72046,3.74698,0.0,0.0,0.0,0.0,0.0,0.0,0.0,5.88235,5.7735,5.98008,0.043902,5.70839,5.74681,5.7725,5.84313,6.09812,6.43562,6.45033,1.87079,1.76831,2.06187,0.0527389,1.71814,1.73715,1.76977,1.83048,2.36207,2.43819,2.52573,5.28917,5.20188,5.41737,0.151701,4.92516,4.9297,4.96848,5.20283,5.41435,5.51547,5.58951,1.10026,0.635133,1.02354,0.182961,0.456748,0.462547,0.493598,0.673129,0.795246,1.0848,2.71863,-9999,-9999
20130807,-9999,-9999,-9999,-9999,-9999,-9999,-9999,-9999,17.629,14.698,1.873,19.55,3.229,17.629,0.0,14.698,1.873,0.0,19.55,3.229,0.0,447.897,-9999,-9999,313.85,313.85,0.0,-9999,-9999,344.35,344.35,0.0,-9999,-9999,345.783,345.783,0.0,-9999,-9999,8.048,8.048,0.0,101.773,101.773,0.0,0.0,0.0,0.0,2.768,2.768,0.0,-9999,0.0,-9999,0.0,-9999,0.0,-9999,0.0,-9999,0.0,-9999,0.0,-9999,-9999,-9999,-9999,-9999,-9999,-9999,1.0,49.5623,0.0,74.2294,-9999,-9999,-9999,-9999,72.6191,0.0,108.761,-9999,-9999,-9999,-9999,11.0,3,19,29,0,0,4.30873,0.0,-9999,-9999,4.35726,0.0,-9999,-9999,4.13409,0.0,0.0673315,3.1519,3.59588,3.99205,4.3163,4.41991,4.41991,4.51356,0.0,0.0,0.0,0.0,0.0,0.0,0.0,4.30857,0.20163,0.0,-9999,-9999,4.04957,0.610678,0.0,-9999,-9999,4.29284,0.199168,0.0,-9999,-9999,4.13729,0.533186,0.0,-9999,-9999,4.158,4.22572,4.24427,4.24577,4.36588,4.37368,4.41379,0.0,0.0,0.0,0.0,0.0,0.0,0.0,2.30308,2.92731,3.47553,4.04957,4.26805,4.27327,4.4184,0.0,0.0,0.0,0.0,0.0,0.0,0.0,5.73936,5.64526,5.82242,0.0375826,5.58879,5.62212,5.64439,5.7055,5.92478,6.21207,6.22451,1.42306,1.28799,1.68848,0.0818018,1.10857,1.18775,1.25239,1.30716,2.10723,2.26564,2.45559,5.24855,5.15922,5.33291,0.140297,4.89216,4.8947,4.93041,5.14827,5.30229,5.37412,5.54502,1.10268,0.786189,1.13944,0.179828,0.604899,0.611053,0.638916,0.808299,0.993991,1.08694,2.74792,-9999,-9999
20130808,-9999,-9999,-9999,-9999,-9999,-9999,-9999,-9999,18.044,14.431,2.274,20.411,3.767,18.044,0.0,14.431,2.274,0.0,20.411,3.767,0.0,446.274,-9999,-9999,324.316,324.316,0.0,-9999,-9999,339.729,339.729,0.0,-9999,-9999,340.396,340.396,0.0,-9999,-9999,8.728,8.728,0.0,101.537,101.537,0.0,0.0,0.0,0.0,2.677,2.677,0.0,-9999,0.0,-9999,0.0,-9999,0.0,-9999,0.0,-9999,0.0,-9999,0.0,-9999,-9999,-9999,-9999,-9999,-9999,-9999,1.0,49.8512,0.0,75.676,-9999,-9999,-9999,-9999,81.0666,0.0,123.062,-9999,-9999,-9999,-9999,11.0,3,19,29,0,0,4.04748,0.0,-9999,-9999,4.04092,0.0,-9999,-9999,3.92768,0.0,0.048317,3.20835,3.57622,3.9808,4.04863,4.05554,4.12192,4.12692,0.0,0.0,0.0,0.0,0.0,0.0,0.0,4.33111,0.229622,0.0,-9999,-9999,3.61811,0.615205,0.0,-9999,-9999,4.31514,0.229712,0.0,-9999,-9999,3.61811,0.615205,0.0,-9999,-9999,4.158,4.22094,4.24221,4.24221,4.35778,4.37368,4.41379,0.0,0.0,0.0,0.0,0.0,0.0,0.0,2.39311,2.89595,3.45759,3.67819,3.68341,3.71693,3.71693,0.0,0.0,0.0,0.0,0.0,0.0,0.0,5.84637,5.74074,5.94115,0.0425852,5.67755,5.71483,5.73976,5.80831,6.05571,6.38303,6.39728,1.79132,1.69982,2.01364,0.0565002,1.64756,1.6717,1.70021,1.77102,2.29432,2.41648,2.56629,5.2774,5.18958,5.39568,0.149159,4.91553,4.91934,4.95745,5.18811,5.3854,5.47805,5.57665,1.11006,0.706477,1.09086,0.187401,0.522792,0.528557,0.558825,0.738647,0.883171,1.09372,2.81942,-9999,-9999
20130809,-9999,-9999,-9999,-9999,-9999,-9999,-9999,-9999,18.006,14.666,2.395,20.193,3.91,18.006,0.0,14.666,2.395,0.0,20.193,3.91,0.0,444.621,-9999,-9999,323.413,323.413,0.0,-9999,-9999,340.83,340.83,0.0,-9999,-9999,341.68,341.68,0.0,-9999,-9999,8.253,8.253,0.0,101.416,101.416,0.0,0.0,0.0,0.0,2.725,2.725,0.0,-9999,0.0,-9999,0.0,-9999,0.0,-9999,0.0,-9999,0.0,-9999,0.0,-9999,-9999,-9999,-9999,-9999,-9999,-9999,1.0,39.2804,0.0,59.9976,-9999,-9999,-9999,-9999,71.8801,0.0,109.791,-9999,-9999,-9999,-9999,11.0,3,19,29,0,0,4.00413,0.0,-9999,-9999,4.00519,0.0,-9999,-9999,3.91822,0.0,0.0453276,3.1548,3.61641,4.00413,4.01533,4.01533,4.11297,4.1296,0.0,0.0,0.0,0.0,0.0,0.0,0.0,4.29761,0.193568,0.0,-9999,-9999,3.57093,0.971377,0.0,-9999,-9999,4.29761,0.193568,0.0,-9999,-9999,3.57261,0.9731,0.0,-9999,-9999,4.158,4.23996,4.23996,4.23996,4.334,4.33433,4.37444,0.0,0.0,0.0,0.0,0.0,0.0,0.0,2.3077,2.96346,3.53335,3.62654,3.62654,3.72046,3.74698,0.0,0.0,0.0,0.0,0.0,0.0,0.0,5.83669,5.73207,5.93047,0.042154,5.66946,5.7064,5.7311,5.799,6.04396,6.36785,6.38195,1.82513,1.72688,2.01225,0.051762,1.67791,1.69652,1.72832,1.78625,2.29268,2.36982,2.47874,5.27466,5.1867,5.38996,0.148377,4.91331,4.91676,4.95488,5.1846,5.37782,5.46775,5.57365,1.10679,0.73557,1.11075,0.185785,0.552184,0.558021,0.587454,0.762923,0.923675,1.09053,2.81112,-9999,-9999
20130810,-9999,-9999,-9999,-9999,-9999,-9999,-9999,-9999,18.912,15.127,2.347,21.391,4.087,18.912,0.0,15.127,2.347,0.0,21.391,4.087,0.0,442.939,-9999,-9999,320.539,320.539,0.0,-9999,-9999,346.762,346.762,0.0,-9999,-9999,348.594,348.594,0.0,-9999,-9999,8.992,8.992,0.0,101.628,101.628,0.0,0.0,0.0,0.0,2.676,2.676,0.0,-9999,0.0,-9999,0.0,-9999,0.0,-9999,0.0,-9999,0.0,-9999,0.0,-9999,-9999,-9999,-9999,-9999,-9999,-9999,1.0,49.5623,0.0,76.1414,-9999,-9999,-9999,-9999,72.6191,0.0,111.563,-9999,-9999,-9999,-9999,11.0,3,19,29,0,0,4.30873,0.0,-9999,-9999,4.35726,0.0,-9999,-9999,4.13409,0.0,0.0673315,3.1519,3.59588,3.99205,4.3163,4.41991,4.41991,4.51356,0.0,0.0,0.0,0.0,0.0,0.0,0.0,4.30857,0.20163,0.0,-9999,-9999,4.04957,0.610678,0.0,-9999,-9999,4.29284,0.199168,0.0,-9999,-9999,4.13729,0.533186,0.0,-9999,-9999,4.158,4.22572,4.24427,4.24577,4.36588,4.37368,4.41379,0.0,0.0,0.0,0.0,0.0,0.0,0.0,2.30308,2.92731,3.47553,4.04957,4.26805,4.27327,4.4184,0.0,0.0,0.0,0.0,0.0,0.0,0.0,6.05914,5.93331,6.1731,0.0510134,5.85817,5.9025,5.93215,6.01377,6.30931,6.70261,6.7198,1.74284,1.57605,2.03917,0.0902195,1.38894,1.46608,1.54781,1.62115,2.61052,2.69331,2.78544,5.34334,5.25858,5.5229,0.16524,4.96925,4.98095,5.01924,5.27123,5.55483,5.64873,5.70129,1.10228,0.676089,1.0632,0.186254,0.495336,0.500994,0.531223,0.711307,0.842222,1.0862,2.78947,-9999,-9999
20130811,-9999,-9999,-9999,-9999,-9999,-9999,-9999,-9999,19.55,15.534,2.608,22.18,4.503,19.55,0.0,15.534,2.608,0.0,22.18,4.503,0.0,441.228,-9999,-9999,319.478,319.478,0.0,-9999,-9999,345.799,345.799,0.0,-9999,-9999,347.472,347.472,0.0,-9999,-9999,10.54,10.54,0.0,101.537,101.537,0.0,0.0,0.0,0.0,2.733,2.733,0.0,-9999,0.0,-9999,0.0,-9999,0.0,-9999,0.0,-9999,0.0,-9999,0.0,-9999,-9999,-9999,-9999,-9999,-9999,-9999,1.0,49.8512,0.0,76.9622,-9999,-9999,-9999,-9999,81.0666,0.0,125.154,-9999,-9999,-9999,-9999,11.0,3,19,29,0,0,4.04748,0.0,-9999,-9999,4.04092,0.0,-9999,-9999,3.92768,0.0,0.048317,3.20835,3.57622,3.9808,4.04863,4.05554,4.12192,4.12692,0.0,0.0,0.0,0.0,0.0,0.0,0.0,4.33111,0.229622,0.0,-9999,-9999,3.61811,0.615205,0.0,-9999,-9999,4.31514,0.229712,0.0,-9999,-9999,3.61811,0.615205,0.0,-9999,-9999,4.158,4.22094,4.24221,4.24221,4.35778,4.37368,4.41379,0.0,0.0,0.0,0.0,0.0,0.0,0.0,2.39311,2.89595,3.45759,3.67819,3.68341,3.71693,3.71693,0.0,0.0,0.0,0.0,0.0,0.0,0.0,6.21874,6.07682,6.34861,0.0578846,5.99223,6.04211,6.07551,6.16753,6.50192,6.94973,6.96938,2.16369,2.0359,2.42109,0.0661864,1.97334,2.00085,2.03642,2.13113,2.82857,2.87549,3.03885,5.39002,5.30753,5.61772,0.178345,5.00712,5.02014,5.06298,5.33059,5.68048,5.8329,5.87041,1.10036,0.572447,0.985708,0.189125,0.40277,0.407975,0.437501,0.613689,0.732242,1.08433,2.78154,-9999,-9999
20130812,-9999,-9999,-9999,-9999,-9999,-9999,-9999,-9999,19.952,16.151,2.702,22.442,4.593,19.952,0.0,16.151,2.702,0.0,22.442,4.593,0.0,439.486,-9999,-9999,317.863,317.863,0.0,-9999,-9999,346.764,346.764,0.0,-9999,-9999,348.596,348.596,0.0,-9999,-9999,10.916,10.916,0.0,101.45,101.45,0.0,0.0,0.0,0.0,2.798,2.798,0.0,-9999,-9999,-9999,-9999,-9999,-9999,-9999,-9999,-9999,-9999,-9999,-9999,-9999,-9999,-9999,-9999,-9999,-9999,-9999,1.0,39.2804,0.0,60.7819,-9999,-9999,-9999,-9999,71.8801,0.0,111.226,-9999,-9999,-9999,-9999,11.0,3,19,29,0,0,4.00413,0.0,-9999,-9999,4.00519,0.0,-9999,-9999,3.91822,0.0,0.0453276,3.1548,3.61641,4.00413,4.01533,4.01533,4.11297,4.1296,0.0,0.0,0.0,0.0,0.0,0.0,0.0,4.29761,0.193568,0.0,-9999,-9999,3.57093,0.971377,0.0,-9999,-9999,4.29761,0.193568,0.0,-9999,-9999,3.57261,0.9731,0.0,-9999,-9999,4.158,4.23996,4.23996,4.23996,4.334,4.33433,4.37444,0.0,0.0,0.0,0.0,0.0,0.0,0.0,2.3077,2.96346,3.53335,3.62654,3.62654,3.72046,3.74698,0.0,0.0,0.0,0.0,0.0,0.0,0.0,6.31674,6.1657,6.45517,0.061665,6.07571,6.12877,6.16431,6.26223,6.61829,7.09558,7.11653,2.30517,2.16051,2.53695,0.0645392,2.09836,2.12128,2.16212,2.25062,2.89911,2.97348,3.10678,5.42095,5.33988,5.67647,0.185886,5.03235,5.04462,5.09198,5.37851,5.73362,5.93797,5.97292,1.09635,0.557318,0.972133,0.188683,0.390567,0.395626,0.424596,0.598814,0.716444,1.08043,2.76844,-9999,-9999
20130813,-9999,-9999,-9999,-9999,-9999,-9999,-9999,-9999,21.742,17.639,3.257,24.673,5.659,21.742,0.0,17.639,3.257,0.0,24.673,5.659,0.0,437.715,-9999,-9999,321.237,321.237,0.0,-9999,-9999,348.24,348.24,0.0,-9999,-9999,350.317,350.317,0.0,-9999,-9999,14.167,14.167,0.0,101.391,101.391,0.0,0.0,0.0,0.0,2.431,2.431,0.0,-9999,0.0,-9999,0.0,-9999,0.0,-9999,0.0,-9999,0.0,-9999,0.0,-9999,-9999,-9999,-9999,-9999,-9999,-9999,1.0,49.5623,0.0,76.724,-9999,-9999,-9999,-9999,72.6191,0.0,112.417,-9999,-9999,-9999,-9999,11.0,3,20,28,0,0,4.30873,0.0,-9999,-9999,4.35726,0.0,-9999,-9999,4.13409,0.0,0.0673315,3.1519,3.59588,3.99205,4.3163,4.41991,4.41991,4.51356,0.0,0.0,0.0,0.0,0.0,0.0,0.0,4.32385,0.207816,0.0,-9999,-9999,4.02941,0.611971,0.0,-9999,-9999,4.30891,0.206751,0.0,-9999,-9999,4.12026,0.534874,0.0,-9999,-9999,4.18986,4.24158,4.2592,4.26063,4.37927,4.38668,4.42479,0.0,0.0,0.0,0.0,0.0,0.0,0.0,2.21407,2.86366,3.43417,4.02941,4.25823,4.26364,4.41396,0.0,0.0,0.0,0.0,0.0,0.0,0.0,6.76782,6.56986,6.9538,0.0819898,6.45246,6.52164,6.56804,6.69625,7.16645,7.80633,7.83465,2.45152,2.21259,2.81987,0.113373,2.00808,2.0806,2.20109,2.28923,3.56411,3.67306,3.8426,5.54915,5.47443,5.9442,0.225501,5.13619,5.1452,5.21211,5.5451,5.87398,6.39449,6.66085,1.09825,0.389757,0.850952,0.195152,0.26565,0.269609,0.29093,0.431264,0.553559,1.08211,2.79157,-9999,-9999
20130814,-9999,-9999,-9999,-9999,-9999,-9999,-9999,-9999,22.129,18.411,2.373,24.785,5.248,22.129,0.0,18.411,2.373,0.0,24.785,5.248,0.0,435.916,-9999,-9999,320.421,320.421,0.0,-9999,-9999,350.095,350.095,0.0,-9999,-9999,352.479,352.479,0.0,-9999,-9999,13.975,13.975,0.0,101.335,101.335,0.0,0.0,0.0,0.0,2.538,2.538,0.0,-9999,0.0,-9999,0.0,-9999,0.0,-9999,0.0,-9999,0.0,-9999,0.0,-9999,-9999,-9999,-9999,-9999,-9999,-9999,1.0,49.8512,0.0,77.0962,-9999,-9999,-9999,-9999,81.0666,0.0,125.372,-9999,-9999,-9999,-9999,11.0,3,20,28,0,0,4.04748,0.0,-9999,-9999,4.04092,0.0,-9999,-9999,3.92768,0.0,0.048317,3.20835,3.57622,3.9808,4.04863,4.05554,4.12192,4.12692,0.0,0.0,0.0,0.0,0.0,0.0,0.0,4.34625,0.233517,0.0,-9999,-9999,3.58184,0.594077,0.0,-9999,-9999,4.33107,0.23466,0.0,-9999,-9999,3.58184,0.594077,0.0,-9999,-9999,4.18986,4.24158,4.26178,4.26178,4.37158,4.38668,4.42479,0.0,0.0,0.0,0.0,0.0,0.0,0.0,2.30732,2.83117,3.41558,3.64406,3.64947,3.68419,3.68419,0.0,0.0,0.0,0.0,0.0,0.0,0.0,6.85746,6.65262,7.04886,0.0845858,6.53101,6.60268,6.65073,6.78343,7.26917,7.9281,7.95722,2.80241,2.6117,3.12134,0.0870395,2.53132,2.56464,2.61245,2.74858,3.69419,3.80618,3.97642,5.58164,5.50826,5.99875,0.231398,5.16291,5.17117,5.24256,5.58164,5.90941,6.4827,6.76997,1.0962,0.406845,0.862887,0.194317,0.274957,0.2791,0.30214,0.451087,0.577544,1.08009,2.78523,-9999,-9999
20130815,-9999,-9999,-9999,-9999,-9999,-9999,-9999,-9999,22.241,18.514,3.114,24.903,4.928,22.241,0.0,18.514,3.114,0.0,24.903,4.928,0.0,434.088,-9999,-9999,314.308,314.308,0.0,-9999,-9999,359.663,359.663,0.0,-9999,-9999,363.631,363.631,0.0,-9999,-9999,12.318,12.318,0.0,101.329,101.329,0.0,0.0,0.0,0.0,2.593,2.593,0.0,-9999,0.0,-9999,0.0,-9999,0.0,-9999,0.0,-9999,0.0,-9999,0.0,-9999,-9999,-9999,-9999,-9999,-9999,-9999,1.0,39.2804,0.0,60.6891,-9999,-9999,-9999,-9999,71.8801,0.0,111.056,-9999,-9999,-9999,-9999,11.0,3,20,28,0,0,4.00413,0.0,-9999,-9999,4.00519,0.0,-9999,-9999,3.91822,0.0,0.0453276,3.1548,3.61641,4.00413,4.01533,4.01533,4.11297,4.1296,0.0,0.0,0.0,0.0,0.0,0.0,0.0,4.31908,0.211455,0.0,-9999,-9999,3.52964,0.962942,0.0,-9999,-9999,4.31908,0.211455,0.0,-9999,-9999,3.53138,0.964822,0.0,-9999,-9999,4.18986,4.26431,4.26431,4.26431,4.35365,4.35396,4.39207,0.0,0.0,0.0,0.0,0.0,0.0,0.0,2.21886,2.90048,3.49072,3.58724,3.58724,3.68451,3.71198,0.0,0.0,0.0,0.0,0.0,0.0,0.0,6.88581,6.67812,7.07993,0.085778,6.55484,6.6275,6.67621,6.81075,7.3033,7.97158,8.00111,2.87424,2.67293,3.16171,0.0839858,2.59476,2.6229,2.67476,2.80053,3.73347,3.83974,3.98898,5.58984,5.51687,6.01542,0.233799,5.16954,5.1776,5.25024,5.58984,5.91839,6.51127,6.81142,1.08585,0.461168,0.895626,0.189372,0.317455,0.321987,0.346958,0.507673,0.642637,1.07015,2.7384,-9999,-9999
20130816,-9999,-9999,-9999,-9999,-9999,-9999,-9999,-9999,22.965,19.045,2.876,25.766,4.707,22.965,0.0,19.045,2.876,0.0,25.766,4.707,0.0,432.232,-9999,-9999,307.798,307.798,0.0,-9999,-9999,368.449,368.449,0.0,-9999,-9999,373.873,373.873,0.0,-9999,-9999,12.425,12.425,0.0,101.405,101.405,0.0,0.0,0.0,0.0,2.421,2.421,0.0,-9999,0.0,-9999,0.0,-9999,0.0,-9999,0.0,-9999,0.0,-9999,0.0,-9999,-9999,-9999,-9999,-9999,-9999,-9999,1.0,49.5623,0.0,76.5004,-9999,-9999,-9999,-9999,72.6191,0.0,112.089,-9999,-9999,-9999,-9999,11.0,3,20,28,0,0,4.30873,0.0,-9999,-9999,4.35726,0.0,-9999,-9999,4.13409,0.0,0.0673315,3.1519,3.59588,3.99205,4.3163,4.41991,4.41991,4.51356,0.0,0.0,0.0,0.0,0.0,0.0,0.0,4.32385,0.207816,0.0,-9999,-9999,4.02941,0.611971,0.0,-9999,-9999,4.30891,0.206751,0.0,-9999,-9999,4.12026,0.534874,0.0,-9999,-9999,4.18986,4.24158,4.2592,4.26063,4.37927,4.38668,4.42479,0.0,0.0,0.0,0.0,0.0,0.0,0.0,2.21407,2.86366,3.43417,4.02941,4.25823,4.26364,4.41396,0.0,0.0,0.0,0.0,0.0,0.0,0.0,7.06648,6.84064,7.27856,0.0935326,6.70671,6.78563,6.83856,6.98483,7.52121,8.25103,8.28333,2.75018,2.48338,3.14463,0.122889,2.27207,2.34278,2.47837,2.57849,3.97433,4.11776,4.29128,5.64296,5.57256,6.12292,0.249441,5.21267,5.22091,5.30002,5.65122,5.97651,6.69345,7.08032,1.07676,0.460929,0.887551,0.186088,0.317236,0.321746,0.346689,0.506805,0.642087,1.06147,2.69002,-9999,-9999
20130817,-9999,-9999,-9999,-9999,-9999,-9999,-9999,-9999,23.197,19.226,2.604,26.034,5.171,23.197,0.0,19.226,2.604,0.0,26.034,5.171,0.0,430.347,-9999,-9999,305.214,305.214,0.0,-9999,-9999,367.255,367.255,0.0,-9999,-9999,372.48,372.48,0.0,-9999,-9999,14.892,14.892,0.0,101.286,101.286,0.0,0.0,0.0,0.0,2.624,2.624,0.0,-9999,0.0,-9999,0.0,-9999,0.0,-9999,0.0,-9999,0.0,-9999,0.0,-9999,-9999,-9999,-9999,-9999,-9999,-9999,1.0,49.8512,0.0,76.8502,-9999,-9999,-9999,-9999,81.0666,0.0,124.972,-9999,-9999,-9999,-9999,11.0,3,20,28,0,0,4.04748,0.0,-9999,-9999,4.04092,0.0,-9999,-9999,3.92768,0.0,0.048317,3.20835,3.57622,3.9808,4.04863,4.05554,4.12192,4.12692,0.0,0.0,0.0,0.0,0.0,0.0,0.0,4.34625,0.233517,0.0,-9999,-9999,3.58184,0.594077,0.0,-9999,-9999,4.33107,0.23466,0.0,-9999,-9999,3.58184,0.594077,0.0,-9999,-9999,4.18986,4.24158,4.26178,4.26178,4.37158,4.38668,4.42479,0.0,0.0,0.0,0.0,0.0,0.0,0.0,2.30732,2.83117,3.41558,3.64406,3.64947,3.68419,3.68419,0.0,0.0,0.0,0.0,0.0,0.0,0.0,7.12622,6.89359,7.34564,0.0965885,6.75574,6.83696,6.89145,7.04209,7.59533,8.35011,8.38358,3.07117,2.85267,3.41813,0.0973479,2.76447,2.80034,2.85353,3.00792,3.97961,4.22819,4.40278,5.65846,5.58888,6.1583,0.255367,5.22515,5.23359,5.31455,5.67129,5.99351,6.75452,7.17915,1.07342,0.357157,0.806862,0.188049,0.237152,0.240998,0.262216,0.401603,0.518505,1.05824,2.67187,-9999,-9999
20130818,-9999,-9999,-9999,-9999,-9999,-9999,-9999,-9999,24.203,20.421,3.434,26.905,5.695,24.203,0.0,20.421,3.434,0.0,26.905,5.695,0.0,428.435,-9999,-9999,303.527,303.527,0.0,-9999,-9999,373.261,373.261,0.0,-9999,-9999,379.482,379.482,0.0,-9999,-9999,16.705,16.705,0.0,101.033,101.033,0.0,0.0,0.0,0.0,2.496,2.496,0.0,-9999,0.0,-9999,0.0,-9999,0.0,-9999,0.0,-9999,0.0,-9999,0.0,-9999,-9999,-9999,-9999,-9999,-9999,-9999,1.0,39.2804,0.0,60.4344,-9999,-9999,-9999,-9999,71.8801,0.0,110.59,-9999,-9999,-9999,-9999,11.0,3,20,28,0,0,4.00413,0.0,-9999,-9999,4.00519,0.0,-9999,-9999,3.91822,0.0,0.0453276,3.1548,3.61641,4.00413,4.01533,4.01533,4.11297,4.1296,0.0,0.0,0.0,0.0,0.0,0.0,0.0,4.31908,0.211455,0.0,-9999,-9999,3.52964,0.962942,0.0,-9999,-9999,4.31908,0.211455,0.0,-9999,-9999,3.53138,0.964822,0.0,-9999,-9999,4.18986,4.26431,4.26431,4.26431,4.35365,4.35396,4.39207,0.0,0.0,0.0,0.0,0.0,0.0,0.0,2.21886,2.90048,3.49072,3.58724,3.58724,3.68451,3.71198,0.0,0.0,0.0,0.0,0.0,0.0,0.0,7.3834,7.12273,7.63216,0.108962,6.9686,7.05938,7.12034,7.28904,7.9112,8.76598,8.80402,3.37183,3.11754,3.71394,0.104532,3.02449,3.05747,3.11955,3.28014,4.29854,4.63414,4.79189,5.72797,5.66196,6.31043,0.279829,5.28124,5.29054,5.37967,5.76075,6.06969,7.01615,7.58831,1.06888,0.309297,0.767152,0.1883,0.204678,0.208113,0.226523,0.352538,0.467562,1.05382,2.65767,-9999,-9999
20130819,-9999,-9999,-9999,-9999,-9999,-9999,-9999,-9999,26.183,21.936,2.529,29.217,5.082,26.183,0.0,21.936,2.529,0.0,29.217,5.082,0.0,426.496,-9999,-9999,287.146,287.146,0.0,-9999,-9999,392.071,392.071,0.0,-9999,-9999,401.405,401.405,0.0,-9999,-9999,18.892,18.892,0.0,101.046,101.046,0.0,0.0,0.0,0.0,2.555,2.555,0.0,-9999,-9999,-9999,-9999,-9999,-9999,-9999,-9999,-9999,-9999,-9999,-9999,-9999,-9999,-9999,-9999,-9999,-9999,-9999,1.0,49.5623,0.0,76.0835,-9999,-9999,-9999,-9999,72.6191,0.0,111.478,-9999,-9999,-9999,-9999,11.0,3,20,28,0,0,4.30873,0.0,-9999,-9999,4.35726,0.0,-9999,-9999,4.13409,0.0,0.0673315,3.1519,3.59588,3.99205,4.3163,4.41991,4.41991,4.51356,0.0,0.0,0.0,0.0,0.0,0.0,0.0,4.32385,0.207816,0.0,-9999,-9999,4.02941,0.611971,0.0,-9999,-9999,4.30891,0.206751,0.0,-9999,-9999,4.12026,0.534874,0.0,-9999,-9999,4.18986,4.24158,4.2592,4.26063,4.37927,4.38668,4.42479,0.0,0.0,0.0,0.0,0.0,0.0,0.0,2.21407,2.86366,3.43417,4.02941,4.25823,4.26364,4.41396,0.0,0.0,0.0,0.0,0.0,0.0,0.0,7.88449,7.57082,8.18762,0.132087,7.38581,7.49473,7.56794,7.77084,8.52241,9.56293,9.60944,3.56819,3.21355,4.05369,0.156644,2.96825,3.05105,3.22884,3.36668,4.81793,5.42966,5.61739,5.86802,5.80903,6.60762,0.326459,5.39455,5.40556,5.51091,5.94005,6.22308,7.52419,8.36624,1.05009,0.240037,0.694728,0.182159,0.155028,0.157962,0.173122,0.280831,0.395923,1.03609,2.53783,-9999,-9999
20130820,-9999,-9999,-9999,-9999,-9999,-9999,-9999,-9999,23.938,20.712,1.798,26.243,4.58,23.938,0.0,20.712,1.798,0.0,26.243,4.58,0.0,424.529,-9999,-9999,292.101,292.101,0.0,-9999,-9999,381.129,381.129,0.0,-9999,-9999,388.652,388.652,0.0,-9999,-9999,16.573,16.573,0.0,101.072,101.072,0.0,0.0,0.0,0.0,2.331,2.331,0.0,-9999,0.0,-9999,0.0,-9999,0.0,-9999,0.0,-9999,0.0,-9999,0.0,-9999,-9999,-9999,-9999,-9999,-9999,-9999,1.0,49.8512,0.0,76.3559,-9999,-9999,-9999,-9999,81.0666,0.0,124.168,-9999,-9999,-9999,-9999,11.0,3,20,28,0,0,4.04748,0.0,-9999,-9999,4.04092,0.0,-9999,-9999,3.92768,0.0,0.048317,3.20835,3.57622,3.9808,4.04863,4.05554,4.12192,4.12692,0.0,0.0,0.0,0.0,0.0,0.0,0.0,4.34625,0.233517,0.0,-9999,-9999,3.58184,0.594077,0.0,-9999,-9999,4.33107,0.23466,0.0,-9999,-9999,3.58184,0.594077,0.0,-9999,-9999,4.18986,4.24158,4.26178,4.26178,4.37158,4.38668,4.42479,0.0,0.0,0.0,0.0,0.0,0.0,0.0,2.30732,2.83117,3.41558,3.64406,3.64947,3.68419,3.68419,0.0,0.0,0.0,0.0,0.0,0.0,0.0,7.30608,7.05727,7.54009,0.103148,6.90976,6.99667,7.05498,7.21611,7.80735,8.61256,8.64822,3.25103,3.01635,3.61257,0.103138,2.9235,2.96089,3.01727,3.18235,4.16406,4.49064,4.66742,5.7164,5.64944,6.26589,0.269341,5.27244,5.28155,5.36884,5.74397,6.05681,6.93392,7.42368,1.05125,0.322369,0.763975,0.182308,0.208152,0.211785,0.232375,0.368252,0.487926,1.03688,2.57213,-9999,-9999
20130821,-9999,-9999,-9999,-9999,-9999,-9999,-9999,-9999,22.29,18.919,1.678,24.911,4.49,22.29,0.0,18.919,1.678,0.0,24.911,4.49,0.0,422.536,-9999,-9999,297.855,297.855,0.0,-9999,-9999,365.744,365.744,0.0,-9999,-9999,370.72,370.72,0.0,-9999,-9999,14.599,14.599,0.0,101.192,101.192,0.0,0.0,0.0,0.0,2.213,2.213,0.0,-9999,0.0,-9999,0.0,-9999,0.0,-9999,0.0,-9999,0.0,-9999,0.0,-9999,-9999,-9999,-9999,-9999,-9999,-9999,1.0,39.2804,0.0,60.0348,-9999,-9999,-9999,-9999,71.8801,0.0,109.859,-9999,-9999,-9999,-9999,11.0,3,21,27,0,0,4.00413,0.0,-9999,-9999,4.00519,0.0,-9999,-9999,3.91822,0.0,0.0453276,3.1548,3.61641,4.00413,4.01533,4.01533,4.11297,4.1296,0.0,0.0,0.0,0.0,0.0,0.0,0.0,4.30388,0.217549,0.0,-9999,-9999,3.51222,0.97678,0.0,-9999,-9999,4.30388,0.217549,0.0,-9999,-9999,3.51403,0.978738,0.0,-9999,-9999,4.06943,4.19884,4.25172,4.25172,4.34803,4.35201,4.3883,0.0,0.0,0.0,0.0,0.0,0.0,0.0,2.23953,2.92968,3.46026,3.57196,3.57196,3.66123,3.68972,0.0,0.0,0.0,0.0,0.0,0.0,0.0,6.89131,6.68512,7.08265,0.0848143,6.56255,6.6348,6.68322,6.81683,7.30478,7.96391,7.99297,2.87975,2.67993,3.16443,0.0831622,2.60212,2.63014,2.68175,2.80658,3.7275,3.83207,3.98084,5.59734,5.52452,6.01985,0.232532,5.17597,5.1839,5.25728,5.59734,5.92647,6.51473,6.79633,1.05738,0.389027,0.820576,0.183174,0.255081,0.25921,0.283499,0.433781,0.558655,1.04258,2.61391,-9999,-9999
20130822,-9999,-9999,-9999,-9999,-9999,-9999,-9999,-9999,20.45,16.784,1.977,23.302,4.434,20.45,0.0,16.784,1.977,0.0,23.302,4.434,0.0,420.515,-9999,-9999,303.1,303.1,0.0,-9999,-9999,349.222,349.222,0.0,-9999,-9999,351.462,351.462,0.0,-9999,-9999,13.19,13.19,0.0,101.286,101.286,0.0,0.0,0.0,0.0,2.431,2.431,0.0,-9999,0.0,-9999,0.0,-9999,0.0,-9999,0.0,-9999,0.0,-9999,0.0,-9999,-9999,-9999,-9999,-9999,-9999,-9999,1.0,49.5623,0.0,75.5854,-9999,-9999,-9999,-9999,72.6191,0.0,110.748,-9999,-9999,-9999,-9999,11.0,3,21,27,0,0,4.30873,0.0,-9999,-9999,4.35726,0.0,-9999,-9999,4.13409,0.0,0.0673315,3.1519,3.59588,3.99205,4.3163,4.41991,4.41991,4.51356,0.0,0.0,0.0,0.0,0.0,0.0,0.0,4.30843,0.214534,0.0,-9999,-9999,4.0305,0.6236,0.0,-9999,-9999,4.2942,0.212497,0.0,-9999,-9999,4.12472,0.544533,0.0,-9999,-9999,4.06943,4.20274,4.23768,4.2476,4.37244,4.38317,4.41947,0.0,0.0,0.0,0.0,0.0,0.0,0.0,2.23456,2.89149,3.40162,4.0305,4.26828,4.26828,4.42977,0.0,0.0,0.0,0.0,0.0,0.0,0.0,6.43646,6.27458,6.58493,0.0661264,6.17814,6.23501,6.27309,6.37804,6.75973,7.27167,7.29415,2.12016,1.91732,2.451,0.100998,1.72146,1.79627,1.89748,1.97292,3.0639,3.17417,3.3021,5.45977,5.38043,5.74861,0.194962,5.06408,5.07542,5.12836,5.42972,5.77602,6.05749,6.13581,1.05937,0.421157,0.84945,0.184477,0.279743,0.284076,0.309589,0.468333,0.59769,1.0442,2.64953,-9999,-9999
20130823,-9999,-9999,-9999,-9999,-9999,-9999,-9999,-9999,20.395,16.657,2.484,23.302,4.791,20.395,0.0,16.657,2.484,0.0,23.302,4.791,0.0,418.469,-9999,-9999,302.671,302.671,0.0,-9999,-9999,347.891,347.891,0.0,-9999,-9999,349.911,349.911,0.0,-9999,-9999,12.425,12.425,0.0,101.131,101.131,0.0,0.0,0.0,0.0,2.558,2.558,0.0,-9999,0.0,-9999,0.0,-9999,0.0,-9999,0.0,-9999,0.0,-9999,0.0,-9999,-9999,-9999,-9999,-9999,-9999,-9999,1.0,49.8512,0.0,75.861,-9999,-9999,-9999,-9999,81.0666,0.0,123.363,-9999,-9999,-9999,-9999,11.0,3,21,27,0,0,4.04748,0.0,-9999,-9999,4.04092,0.0,-9999,-9999,3.92768,0.0,0.048317,3.20835,3.57622,3.9808,4.04863,4.05554,4.12192,4.12692,0.0,0.0,0.0,0.0,0.0,0.0,0.0,4.32975,0.239823,0.0,-9999,-9999,3.56635,0.599608,0.0,-9999,-9999,4.3153,0.239862,0.0,-9999,-9999,3.56635,0.599608,0.0,-9999,-9999,4.06943,4.20274,4.2487,4.2487,4.36511,4.38317,4.41947,0.0,0.0,0.0,0.0,0.0,0.0,0.0,2.33127,2.8578,3.38234,3.63136,3.63136,3.6609,3.6609,0.0,0.0,0.0,0.0,0.0,0.0,0.0,6.42638,6.26446,6.57555,0.066308,6.16807,6.2249,6.26297,6.36792,6.75023,7.26435,7.28695,2.37133,2.22354,2.64803,0.0723513,2.15531,2.18466,2.22414,2.33202,3.0642,3.16414,3.30615,5.45371,5.37419,5.74195,0.194983,5.05898,5.07044,5.12267,5.42262,5.76945,6.0484,6.13266,1.05743,0.451342,0.871038,0.18315,0.308476,0.312885,0.33792,0.495972,0.630169,1.04223,2.6459,-9999,-9999
20130824,-9999,-9999,-9999,-9999,-9999,-9999,-9999,-9999,20.369,17.051,2.54,22.95,4.17,20.369,0.0,17.051,2.54,0.0,22.95,4.17,0.0,416.396,-9999,-9999,296.56,296.56,0.0,-9999,-9999,353.559,353.559,0.0,-9999,-9999,356.517,356.517,0.0,-9999,-9999,11.604,11.604,0.0,101.091,101.091,0.0,0.0,0.0,0.0,2.887,2.887,0.0,-9999,0.0,-9999,0.0,-9999,0.0,-9999,0.0,-9999,0.0,-9999,0.0,-9999,-9999,-9999,-9999,-9999,-9999,-9999,1.0,39.2804,0.0,59.7237,-9999,-9999,-9999,-9999,71.8801,0.0,109.29,-9999,-9999,-9999,-9999,11.0,3,21,27,0,0,4.00413,0.0,-9999,-9999,4.00519,0.0,-9999,-9999,3.91822,0.0,0.0453276,3.1548,3.61641,4.00413,4.01533,4.01533,4.11297,4.1296,0.0,0.0,0.0,0.0,0.0,0.0,0.0,4.30388,0.217549,0.0,-9999,-9999,3.51222,0.97678,0.0,-9999,-9999,4.30388,0.217549,0.0,-9999,-9999,3.51403,0.978738,0.0,-9999,-9999,4.06943,4.19884,4.25172,4.25172,4.34803,4.35201,4.3883,0.0,0.0,0.0,0.0,0.0,0.0,0.0,2.23953,2.92968,3.46026,3.57196,3.57196,3.66123,3.68972,0.0,0.0,0.0,0.0,0.0,0.0,0.0,6.41503,6.25584,6.56043,0.0648768,6.16093,6.21691,6.25437,6.3576,6.73249,7.23405,7.25603,2.40346,2.25065,2.64221,0.0669549,2.18615,2.20984,2.2523,2.34619,3.03426,3.11199,3.2439,5.45489,5.37526,5.73601,0.192691,5.06019,5.07166,5.12378,5.42325,5.77065,6.03532,6.09732,1.04658,0.48868,0.890272,0.178711,0.334191,0.33893,0.366574,0.532972,0.657396,1.03181,2.59865,-9999,-9999
20130825,-9999,-9999,-9999,-9999,-9999,-9999,-9999,-9999,20.544,17.611,2.125,22.826,3.302,20.544,0.0,17.611,2.125,0.0,22.826,3.302,0.0,414.298,-9999,-9999,289.526,289.526,0.0,-9999,-9999,365.003,365.003,0.0,-9999,-9999,369.856,369.856,0.0,-9999,-9999,9.939,9.939,0.0,101.329,101.329,0.0,0.0,0.0,0.0,2.761,2.761,0.0,-9999,0.0,-9999,0.0,-9999,0.0,-9999,0.0,-9999,0.0,-9999,0.0,-9999,-9999,-9999,-9999,-9999,-9999,-9999,1.0,49.5623,0.0,75.2732,-9999,-9999,-9999,-9999,72.6191,0.0,110.291,-9999,-9999,-9999,-9999,11.0,3,21,27,0,0,4.30873,0.0,-9999,-9999,4.35726,0.0,-9999,-9999,4.13409,0.0,0.0673315,3.1519,3.59588,3.99205,4.3163,4.41991,4.41991,4.51356,0.0,0.0,0.0,0.0,0.0,0.0,0.0,4.30843,0.214534,0.0,-9999,-9999,4.0305,0.6236,0.0,-9999,-9999,4.2942,0.212497,0.0,-9999,-9999,4.12472,0.544533,0.0,-9999,-9999,4.06943,4.20274,4.23768,4.2476,4.37244,4.38317,4.41947,0.0,0.0,0.0,0.0,0.0,0.0,0.0,2.23456,2.89149,3.40162,4.0305,4.26828,4.26828,4.42977,0.0,0.0,0.0,0.0,0.0,0.0,0.0,6.4518,6.29104,6.59736,0.0652019,6.19505,6.25167,6.28956,6.39384,6.77144,7.27401,7.29598,2.1355,1.93378,2.46343,0.100312,1.73812,1.81298,1.91372,1.98937,3.07767,3.18906,3.30393,5.47181,5.39278,5.75906,0.194006,5.07427,5.08538,5.13964,5.44359,5.78903,6.07021,6.12768,1.03838,0.581582,0.950258,0.172177,0.412421,0.417782,0.447754,0.619192,0.735956,1.02404,2.54766,-9999,-9999
20130826,-9999,-9999,-9999,-9999,-9999,-9999,-9999,-9999,20.466,17.155,2.095,23.04,3.96,20.466,0.0,17.155,2.095,0.0,23.04,3.96,0.0,412.173,-9999,-9999,297.404,297.404,0.0,-9999,-9999,350.341,350.341,0.0,-9999,-9999,352.765,352.765,0.0,-9999,-9999,11.614,11.614,0.0,101.438,101.438,0.0,0.0,0.0,0.0,2.529,2.529,0.0,-9999,-9999,-9999,-9999,-9999,-9999,-9999,-9999,-9999,-9999,-9999,-9999,-9999,-9999,-9999,-9999,-9999,-9999,-9999,1.0,49.8512,0.0,75.607,-9999,-9999,-9999,-9999,81.0666,0.0,122.95,-9999,-9999,-9999,-9999,11.0,3,21,27,0,0,4.04748,0.0,-9999,-9999,4.04092,0.0,-9999,-9999,3.92768,0.0,0.048317,3.20835,3.57622,3.9808,4.04863,4.05554,4.12192,4.12692,0.0,0.0,0.0,0.0,0.0,0.0,0.0,4.32975,0.239823,0.0,-9999,-9999,3.56635,0.599608,0.0,-9999,-9999,4.3153,0.239862,0.0,-9999,-9999,3.56635,0.599608,0.0,-9999,-9999,4.06943,4.20274,4.2487,4.2487,4.36511,4.38317,4.41947,0.0,0.0,0.0,0.0,0.0,0.0,0.0,2.33127,2.8578,3.38234,3.63136,3.63136,3.6609,3.6609,0.0,0.0,0.0,0.0,0.0,0.0,0.0,6.43659,6.27593,6.58303,0.0654039,6.1801,6.23662,6.27444,6.37863,6.75676,7.26204,7.28417,2.38154,2.23501,2.65552,0.0716694,2.16706,2.19633,2.2356,2.34269,3.07079,3.17387,3.30337,5.46328,5.38398,5.7493,0.19394,5.06712,5.0784,5.13165,5.43352,5.77978,6.05636,6.12177,1.04615,0.500847,0.89984,0.178781,0.343483,0.348201,0.376195,0.542078,0.66332,1.03127,2.60441,-9999,-9999
20130827,-9999,-9999,-9999,-9999,-9999,-9999,-9999,-9999,21.174,17.167,2.165,24.291,4.586,21.174,0.0,17.167,2.165,0.0,24.291,4.586,0.0,410.025,-9999,-9999,296.095,296.095,0.0,-9999,-9999,350.239,350.239,0.0,-9999,-9999,352.648,352.648,0.0,-9999,-9999,12.901,12.901,0.0,101.123,101.123,0.0,0.0,0.0,0.0,2.571,2.571,0.0,-9999,0.0,-9999,0.0,-9999,0.0,-9999,0.0,-9999,0.0,-9999,0.0,-9999,-9999,-9999,-9999,-9999,-9999,-9999,1.0,39.2804,0.0,59.5085,-9999,-9999,-9999,-9999,71.8801,0.0,108.896,-9999,-9999,-9999,-9999,11.0,3,21,27,0,0,4.00413,0.0,-9999,-9999,4.00519,0.0,-9999,-9999,3.91822,0.0,0.0453276,3.1548,3.61641,4.00413,4.01533,4.01533,4.11297,4.1296,0.0,0.0,0.0,0.0,0.0,0.0,0.0,4.30388,0.217549,0.0,-9999,-9999,3.51222,0.97678,0.0,-9999,-9999,4.30388,0.217549,0.0,-9999,-9999,3.51403,0.978738,0.0,-9999,-9999,4.06943,4.19884,4.25172,4.25172,4.34803,4.35201,4.3883,0.0,0.0,0.0,0.0,0.0,0.0,0.0,2.23953,2.92968,3.46026,3.57196,3.57196,3.66123,3.68972,0.0,0.0,0.0,0.0,0.0,0.0,0.0,6.6185,6.43793,6.78569,0.074169,6.33055,6.39385,6.43627,6.55328,6.98028,7.55632,7.58169,2.60693,2.43274,2.86747,0.0742825,2.36223,2.38787,2.43446,2.5424,3.33343,3.43542,3.56956,5.51211,5.43535,5.85666,0.210693,5.10651,5.11652,5.17741,5.50052,5.83332,6.24146,6.41114,1.04363,0.426761,0.843624,0.180262,0.290036,0.294267,0.318226,0.4718,0.599613,1.02883,2.5942,-9999,-9999
20130828,-9999,-9999,-9999,-9999,-9999,-9999,-9999,-9999,20.828,17.233,2.613,23.623,4.218,20.828,0.0,17.233,2.613,0.0,23.623,4.218,0.0,407.851,-9999,-9999,285.443,285.443,0.0,-9999,-9999,357.882,357.882,0.0,-9999,-9999,361.556,361.556,0.0,-9999,-9999,10.771,10.771,0.0,101.2,101.2,0.0,0.0,0.0,0.0,2.636,2.636,0.0,-9999,0.0,-9999,0.0,-9999,0.0,-9999,0.0,-9999,0.0,-9999,0.0,-9999,-9999,-9999,-9999,-9999,-9999,-9999,1.0,49.5623,0.0,75.0153,-9999,-9999,-9999,-9999,72.6191,0.0,109.913,-9999,-9999,-9999,-9999,11.0,3,21,27,0,0,4.30873,0.0,-9999,-9999,4.35726,0.0,-9999,-9999,4.13409,0.0,0.0673315,3.1519,3.59588,3.99205,4.3163,4.41991,4.41991,4.51356,0.0,0.0,0.0,0.0,0.0,0.0,0.0,4.30843,0.214534,0.0,-9999,-9999,4.0305,0.6236,0.0,-9999,-9999,4.2942,0.212497,0.0,-9999,-9999,4.12472,0.544533,0.0,-9999,-9999,4.06943,4.20274,4.23768,4.2476,4.37244,4.38317,4.41947,0.0,0.0,0.0,0.0,0.0,0.0,0.0,2.23456,2.89149,3.40162,4.0305,4.26828,4.26828,4.42977,0.0,0.0,0.0,0.0,0.0,0.0,0.0,6.52993,6.35904,6.687,0.0698987,6.25727,6.31728,6.35746,6.46825,6.87147,7.41298,7.43677,2.21364,2.00177,2.55307,0.103857,1.80372,1.87795,1.98403,2.06056,3.20104,3.28297,3.44472,5.48819,5.41019,5.80425,0.202501,5.08719,5.09783,5.15499,5.47177,5.8071,6.15135,6.27004,1.0218,0.50759,0.888419,0.171393,0.359257,0.364064,0.389488,0.546023,0.660851,1.00781,2.50797,-9999,-9999
20130829,-9999,-9999,-9999,-9999,-9999,-9999,-9999,-9999,20.952,17.748,2.919,23.444,4.199,20.952,0.0,17.748,2.919,0.0,23.444,4.199,0.0,405.654,-9999,-9999,269.89,269.89,0.0,-9999,-9999,369.631,369.631,0.0,-9999,-9999,375.251,375.251,0.0,-9999,-9999,9.791,9.791,0.0,101.61,101.61,0.0,0.072,0.072,0.0,2.594,2.594,0.0,-9999,0.0,-9999,0.0,-9999,0.0,-9999,0.0,-9999,0.0,-9999,0.0,-9999,-9999,-9999,-9999,-9999,-9999,-9999,1.0,49.8512,0.0,75.3954,-9999,-9999,-9999,-9999,81.0666,0.0,122.606,-9999,-9999,-9999,-9999,11.0,3,21,27,0,0,4.04748,0.0,-9999,-9999,4.04092,0.0,-9999,-9999,3.92768,0.0,0.048317,3.20835,3.57622,3.9808,4.04863,4.05554,4.12192,4.12692,0.0,0.0,0.0,0.0,0.0,0.0,0.0,4.32975,0.239823,0.0,-9999,-9999,3.56635,0.599608,0.0,-9999,-9999,4.3153,0.239862,0.0,-9999,-9999,3.56635,0.599608,0.0,-9999,-9999,4.06943,4.20274,4.2487,4.2487,4.36511,4.38317,4.41947,0.0,0.0,0.0,0.0,0.0,0.0,0.0,2.33127,2.8578,3.38234,3.63136,3.63136,3.6609,3.6609,0.0,0.0,0.0,0.0,0.0,0.0,0.0,6.55932,6.38601,6.7184,0.0708368,6.28278,6.34365,6.38441,6.49677,6.90553,7.45406,7.47815,2.50427,2.34509,2.79088,0.0758471,2.27357,2.304,2.34573,2.46114,3.24919,3.3354,3.49735,5.49832,5.42076,5.82197,0.204526,5.0955,5.10589,5.16448,5.48709,5.81815,6.18042,6.30741,0.992459,0.543656,0.893486,0.161299,0.392911,0.398027,0.423631,0.578979,0.69367,0.979639,2.38398,-9999,-9999
20130830,-9999,-9999,-9999,-9999,-9999,-9999,-9999,-9999,23.5,19.273,3.038,26.787,5.072,23.5,0.0,19.273,3.038,0.0,26.787,5.072,0.0,403.432,-9999,-9999,289.621,289.621,0.0,-9999,-9999,367.412,367.412,0.0,-9999,-9999,372.664,372.664,0.0,-9999,-9999,13.872,13.872,0.0,101.495,101.495,0.0,0.0,0.0,0.0,2.71,2.71,0.0,-9999,0.0,-9999,0.0,-9999,0.0,-9999,0.0,-9999,0.0,-9999,0.0,-9999,-9999,-9999,-9999,-9999,-9999,-9999,1.0,39.2804,0.0,59.3623,-9999,-9999,-9999,-9999,71.8801,0.0,108.629,-9999,-9999,-9999,-9999,11.0,3,21,27,0,0,4.00413,0.0,-9999,-9999,4.00519,0.0,-9999,-9999,3.91822,0.0,0.0453276,3.1548,3.61641,4.00413,4.01533,4.01533,4.11297,4.1296,0.0,0.0,0.0,0.0,0.0,0.0,0.0,4.30388,0.217549,0.0,-9999,-9999,3.51222,0.97678,0.0,-9999,-9999,4.30388,0.217549,0.0,-9999,-9999,3.51403,0.978738,0.0,-9999,-9999,4.06943,4.19884,4.25172,4.25172,4.34803,4.35201,4.3883,0.0,0.0,0.0,0.0,0.0,0.0,0.0,2.23953,2.92968,3.46026,3.57196,3.57196,3.66123,3.68972,0.0,0.0,0.0,0.0,0.0,0.0,0.0,7.20481,6.96323,7.43382,0.100592,6.82022,6.90447,6.96101,7.11741,7.69281,8.48019,8.51515,3.19324,2.95804,3.5156,0.0969772,2.87035,2.90159,2.95999,3.10803,4.11438,4.34835,4.50302,5.6786,5.61009,6.20456,0.263148,5.24133,5.25003,5.33341,5.69744,6.01561,6.83486,7.30848,1.03022,0.376909,0.797194,0.177987,0.259457,0.263267,0.283227,0.415884,0.532379,1.01582,2.54331,-9999,-9999
20130831,-9999,-9999,-9999,-9999,-9999,-9999,-9999,-9999,22.851,19.194,1.893,25.696,4.602,22.851,0.0,19.194,1.893,0.0,25.696,4.602,0.0,401.187,-9999,-9999,280.867,280.867,0.0,-9999,-9999,365.568,365.568,0.0,-9999,-9999,370.514,370.514,0.0,-9999,-9999,14.103,14.103,0.0,101.284,101.284,0.0,0.0,0.0,0.0,2.533,2.533,0.0,-9999,0.0,-9999,0.0,-9999,0.0,-9999,0.0,-9999,0.0,-9999,0.0,-9999,-9999,-9999,-9999,-9999,-9999,-9999,1.0,49.5623,0.0,74.8432,-9999,-9999,-9999,-9999,72.6191,0.0,109.661,-9999,-9999,-9999,-9999,11.0,3,21,27,0,0,4.30873,0.0,-9999,-9999,4.35726,0.0,-9999,-9999,4.13409,0.0,0.0673315,3.1519,3.59588,3.99205,4.3163,4.41991,4.41991,4.51356,0.0,0.0,0.0,0.0,0.0,0.0,0.0,4.30843,0.214534,0.0,-9999,-9999,4.0305,0.6236,0.0,-9999,-9999,4.2942,0.212497,0.0,-9999,-9999,4.12472,0.544533,0.0,-9999,-9999,4.06943,4.20274,4.23768,4.2476,4.37244,4.38317,4.41947,0.0,0.0,0.0,0.0,0.0,0.0,0.0,2.23456,2.89149,3.40162,4.0305,4.26828,4.26828,4.42977,0.0,0.0,0.0,0.0,0.0,0.0,0.0,7.03442,6.81292,7.2415,0.0915023,6.68145,6.75893,6.81089,6.95437,7.47973,8.19263,8.22413,2.71813,2.45566,3.10757,0.121192,2.24537,2.31635,2.44966,2.54793,3.93868,4.05936,4.23208,5.63675,5.56593,6.10449,0.245703,5.20781,5.21596,5.29421,5.6427,5.96965,6.65999,7.01992,1.02168,0.372307,0.78427,0.174079,0.250915,0.254779,0.276055,0.413506,0.530232,1.00781,2.48059,-9999,-9999
20130901,-9999,-9999,-9999,-9999,-9999,-9999,-9999,-9999,21.82,18.747,2.196,24.211,3.951,21.82,0.0,18.747,2.196,0.0,24.211,3.951,0.0,398.918,-9999,-9999,273.037,273.037,0.0,-9999,-9999,377.692,377.692,0.0,-9999,-9999,384.646,384.646,0.0,-9999,-9999,13.194,13.194,0.0,101.258,101.258,0.0,0.0,0.0,0.0,2.664,2.664,0.0,-9999,0.0,-9999,0.0,-9999,0.0,-9999,0.0,-9999,0.0,-9999,0.0,-9999,-9999,-9999,-9999,-9999,-9999,-9999,1.0,49.8512,0.0,75.2226,-9999,-9999,-9999,-9999,81.0666,0.0,122.325,-9999,-9999,-9999,-9999,11.0,3,21,27,0,0,4.04748,0.0,-9999,-9999,4.04092,0.0,-9999,-9999,3.92768,0.0,0.048317,3.20835,3.57622,3.9808,4.04863,4.05554,4.12192,4.12692,0.0,0.0,0.0,0.0,0.0,0.0,0.0,4.32975,0.239823,0.0,-9999,-9999,3.56635,0.599608,0.0,-9999,-9999,4.3153,0.239862,0.0,-9999,-9999,3.56635,0.599608,0.0,-9999,-9999,4.06943,4.20274,4.2487,4.2487,4.36511,4.38317,4.41947,0.0,0.0,0.0,0.0,0.0,0.0,0.0,2.33127,2.8578,3.38234,3.63136,3.63136,3.6609,3.6609,0.0,0.0,0.0,0.0,0.0,0.0,0.0,6.77174,6.57848,6.9496,0.0791209,6.46343,6.53126,6.5767,6.70197,7.15818,7.77136,7.79831,2.71669,2.53756,3.02208,0.0825003,2.46036,2.49265,2.53828,2.66684,3.5453,3.64943,3.81751,5.56468,5.49019,5.94902,0.221433,5.14959,5.15836,5.22668,5.56211,5.89069,6.39319,6.60721,1.00485,0.422791,0.810665,0.168026,0.285962,0.290302,0.314798,0.466525,0.5933,0.991566,2.41731,-9999,-9999
20130902,-9999,-9999,-9999,-9999,-9999,-9999,-9999,-9999,21.48,18.866,1.613,23.513,2.999,21.48,0.0,18.866,1.613,0.0,23.513,2.999,0.0,396.626,-9999,-9999,236.779,236.779,0.0,-9999,-9999,380.934,380.934,0.0,-9999,-9999,388.425,388.425,0.0,-9999,-9999,10.908,10.908,0.0,101.305,101.305,0.0,0.0,0.0,0.0,2.581,2.581,0.0,-9999,-9999,-9999,-9999,-9999,-9999,-9999,-9999,-9999,-9999,-9999,-9999,-9999,-9999,-9999,-9999,-9999,-9999,-9999,1.0,39.2804,0.0,59.2369,-9999,-9999,-9999,-9999,71.8801,0.0,108.399,-9999,-9999,-9999,-9999,11.0,3,21,27,0,0,4.00413,0.0,-9999,-9999,4.00519,0.0,-9999,-9999,3.91822,0.0,0.0453276,3.1548,3.61641,4.00413,4.01533,4.01533,4.11297,4.1296,0.0,0.0,0.0,0.0,0.0,0.0,0.0,4.30388,0.217549,0.0,-9999,-9999,3.51222,0.97678,0.0,-9999,-9999,4.30388,0.217549,0.0,-9999,-9999,3.51403,0.978738,0.0,-9999,-9999,4.06943,4.19884,4.25172,4.25172,4.34803,4.35201,4.3883,0.0,0.0,0.0,0.0,0.0,0.0,0.0,2.23953,2.92968,3.46026,3.57196,3.57196,3.66123,3.68972,0.0,0.0,0.0,0.0,0.0,0.0,0.0,6.68062,6.49847,6.84619,0.0740542,6.38978,6.45389,6.49679,6.61492,7.04331,7.61481,7.63983,2.66905,2.49328,2.92797,0.0741911,2.42217,2.44802,2.49501,2.60408,3.39314,3.4938,3.62769,5.54348,5.46776,5.89584,0.211983,5.13268,5.14205,5.20681,5.53402,5.86737,6.29929,6.44908,0.950872,0.523633,0.838678,0.144904,0.376037,0.381294,0.407293,0.55905,0.679273,0.940301,2.13744,-9999,-9999
20130903,-9999,-9999,-9999,-9999,-9999,-9999,-9999,-9999,20.85,17.748,2.154,23.474,3.927,20.85,0.0,17.748,2.154,0.0,23.474,3.927,0.0,394.313,-9999,-9999,283.79,283.79,0.0,-9999,-9999,355.466,355.466,0.0,-9999,-9999,358.74,358.74,0.0,-9999,-9999,11.657,11.657,0.0,101.431,101.431,0.0,0.0,0.0,0.0,2.672,2.672,0.0,-9999,0.0,-9999,0.0,-9999,0.0,-9999,0.0,-9999,0.0,-9999,0.0,-9999,-9999,-9999,-9999,-9999,-9999,-9999,1.0,49.5623,0.0,74.6861,-9999,-9999,-9999,-9999,72.6191,0.0,109.431,-9999,-9999,-9999,-9999,11.0,3,22,26,0,0,4.30873,0.0,-9999,-9999,4.35726,0.0,-9999,-9999,4.13409,0.0,0.0673315,3.1519,3.59588,3.99205,4.3163,4.41991,4.41991,4.51356,0.0,0.0,0.0,0.0,0.0,0.0,0.0,4.31999,0.216267,0.0,-9999,-9999,4.01003,0.626632,0.0,-9999,-9999,4.3064,0.215131,0.0,-9999,-9999,4.10787,0.548095,0.0,-9999,-9999,4.09343,4.22271,4.24933,4.2588,4.38108,4.39133,4.42598,0.0,0.0,0.0,0.0,0.0,0.0,0.0,2.14368,2.82416,3.35696,4.01003,4.25959,4.25959,4.4273,0.0,0.0,0.0,0.0,0.0,0.0,0.0,6.5309,6.36129,6.68581,0.0691288,6.26018,6.31981,6.35973,6.46971,6.86913,7.40354,7.42697,2.2146,2.00403,2.55188,0.103271,1.80625,1.88055,1.98601,2.06199,3.19272,3.2734,3.43492,5.4925,5.41456,5.80565,0.201428,5.09092,5.10149,5.15903,5.47629,5.81173,6.1509,6.25577,1.01438,0.462807,0.852025,0.172106,0.316247,0.320745,0.346798,0.50596,0.63232,1.00029,2.49548,-9999,-9999
20130904,-9999,-9999,-9999,-9999,-9999,-9999,-9999,-9999,20.468,17.28,2.646,23.165,4.157,20.468,0.0,17.28,2.646,0.0,23.165,4.157,0.0,391.978,-9999,-9999,279.656,279.656,0.0,-9999,-9999,352.162,352.162,0.0,-9999,-9999,354.889,354.889,0.0,-9999,-9999,11.087,11.087,0.0,101.537,101.537,0.0,0.0,0.0,0.0,2.81,2.81,0.0,-9999,0.0,-9999,0.0,-9999,0.0,-9999,0.0,-9999,0.0,-9999,0.0,-9999,-9999,-9999,-9999,-9999,-9999,-9999,1.0,49.8512,0.0,75.0646,-9999,-9999,-9999,-9999,81.0666,0.0,122.068,-9999,-9999,-9999,-9999,11.0,3,22,26,0,0,4.04748,0.0,-9999,-9999,4.04092,0.0,-9999,-9999,3.92768,0.0,0.048317,3.20835,3.57622,3.9808,4.04863,4.05554,4.12192,4.12692,0.0,0.0,0.0,0.0,0.0,0.0,0.0,4.34034,0.239254,0.0,-9999,-9999,3.52803,0.576781,0.0,-9999,-9999,4.32654,0.23995,0.0,-9999,-9999,3.52803,0.576781,0.0,-9999,-9999,4.09343,4.22271,4.26297,4.26297,4.37409,4.39133,4.42598,0.0,0.0,0.0,0.0,0.0,0.0,0.0,2.24411,2.78917,3.33695,3.59554,3.59554,3.62622,3.62622,0.0,0.0,0.0,0.0,0.0,0.0,0.0,6.43917,6.27766,6.58679,0.06585,6.18139,6.23816,6.27617,6.38089,6.76133,7.27053,7.29286,2.38412,2.23674,2.65928,0.0720057,2.16857,2.19791,2.23734,2.34498,3.07462,3.17673,3.31206,5.46231,5.38304,5.75045,0.194629,5.06624,5.07753,5.13074,5.43264,5.77877,6.05955,6.13205,1.0092,0.489534,0.867005,0.16902,0.34375,0.348333,0.373427,0.52909,0.639582,0.995349,2.46495,-9999,-9999
20130905,-9999,-9999,-9999,-9999,-9999,-9999,-9999,-9999,20.293,17.143,2.63,22.959,4.408,20.293,0.0,17.143,2.63,0.0,22.959,4.408,0.0,389.621,-9999,-9999,280.908,280.908,0.0,-9999,-9999,346.183,346.183,0.0,-9999,-9999,347.92,347.92,0.0,-9999,-9999,11.766,11.766,0.0,101.507,101.507,0.0,0.0,0.0,0.0,2.778,2.778,0.0,-9999,0.0,-9999,0.0,-9999,0.0,-9999,0.0,-9999,0.0,-9999,0.0,-9999,-9999,-9999,-9999,-9999,-9999,-9999,1.0,39.2804,0.0,59.1571,-9999,-9999,-9999,-9999,71.8801,0.0,108.253,-9999,-9999,-9999,-9999,11.0,3,22,26,0,0,4.00413,0.0,-9999,-9999,4.00519,0.0,-9999,-9999,3.91822,0.0,0.0453276,3.1548,3.61641,4.00413,4.01533,4.01533,4.11297,4.1296,0.0,0.0,0.0,0.0,0.0,0.0,0.0,4.31789,0.222249,0.0,-9999,-9999,3.46992,0.97057,0.0,-9999,-9999,4.31789,0.222249,0.0,-9999,-9999,3.47179,0.972704,0.0,-9999,-9999,4.09343,4.21763,4.26811,4.26811,4.36004,4.36384,4.39848,0.0,0.0,0.0,0.0,0.0,0.0,0.0,2.14884,2.86497,3.41596,3.53195,3.53195,3.62466,3.65424,0.0,0.0,0.0,0.0,0.0,0.0,0.0,6.39698,6.23926,6.54118,0.0643129,6.14524,6.20069,6.23781,6.34007,6.71161,7.20899,7.2308,2.38541,2.23407,2.62296,0.0665258,2.17,2.19354,2.23571,2.32863,3.00976,3.08687,3.21867,5.44865,5.36876,5.72515,0.191477,5.05508,5.0667,5.11794,5.41548,5.76384,6.01748,6.07466,1.00878,0.467697,0.85189,0.170315,0.325663,0.330052,0.354518,0.507524,0.629299,0.994804,2.47334,-9999,-9999
20130906,-9999,-9999,-9999,-9999,-9999,-9999,-9999,-9999,23.323,20.308,3.866,25.875,5.647,23.323,0.0,20.308,3.866,0.0,25.875,5.647,0.0,387.243,-9999,-9999,280.602,280.602,0.0,-9999,-9999,350.586,350.586,0.0,-9999,-9999,353.052,353.052,0.0,-9999,-9999,18.143,18.143,0.0,101.263,101.263,0.0,0.0,0.0,0.0,2.304,2.304,0.0,-9999,0.0,-9999,0.0,-9999,0.0,-9999,0.0,-9999,0.0,-9999,0.0,-9999,-9999,-9999,-9999,-9999,-9999,-9999,1.0,49.5623,0.0,74.675,-9999,-9999,-9999,-9999,72.6191,0.0,109.414,-9999,-9999,-9999,-9999,11.0,3,22,26,0,0,4.30873,0.0,-9999,-9999,4.35726,0.0,-9999,-9999,4.13409,0.0,0.0673315,3.1519,3.59588,3.99205,4.3163,4.41991,4.41991,4.51356,0.0,0.0,0.0,0.0,0.0,0.0,0.0,4.31999,0.216267,0.0,-9999,-9999,4.01003,0.626632,0.0,-9999,-9999,4.3064,0.215131,0.0,-9999,-9999,4.10787,0.548095,0.0,-9999,-9999,4.09343,4.22271,4.24933,4.2588,4.38108,4.39133,4.42598,0.0,0.0,0.0,0.0,0.0,0.0,0.0,2.14368,2.82416,3.35696,4.01003,4.25959,4.25959,4.4273,0.0,0.0,0.0,0.0,0.0,0.0,0.0,7.16051,6.92371,7.38444,0.0984645,6.78346,6.86609,6.92153,7.07485,7.63846,8.40856,8.44272,2.84421,2.56645,3.25051,0.127054,2.35253,2.42255,2.56396,2.66879,4.07158,4.27529,4.45067,5.6663,5.59718,6.17809,0.25894,5.23138,5.23992,5.32189,5.68171,6.00214,6.78982,7.23775,1.00609,0.30575,0.729025,0.174808,0.20853,0.21176,0.22823,0.343321,0.448423,0.992076,2.47002,-9999,-9999
20130907,-9999,-9999,-9999,-9999,-9999,-9999,-9999,-9999,23.97,20.378,2.803,27.009,5.768,23.97,0.0,20.378,2.803,0.0,27.009,5.768,0.0,384.844,-9999,-9999,280.23,280.23,0.0,-9999,-9999,353.462,353.462,0.0,-9999,-9999,356.404,356.404,0.0,-9999,-9999,19.739,19.739,0.0,101.026,101.026,0.0,0.0,0.0,0.0,2.136,2.136,0.0,-9999,0.0,-9999,0.0,-9999,0.0,-9999,0.0,-9999,0.0,-9999,0.0,-9999,-9999,-9999,-9999,-9999,-9999,-9999,1.0,49.8512,0.0,75.1102,-9999,-9999,-9999,-9999,81.0666,0.0,122.142,-9999,-9999,-9999,-9999,11.0,3,22,26,0,0,4.04748,0.0,-9999,-9999,4.04092,0.0,-9999,-9999,3.92768,0.0,0.048317,3.20835,3.57622,3.9808,4.04863,4.05554,4.12192,4.12692,0.0,0.0,0.0,0.0,0.0,0.0,0.0,4.34034,0.239254,0.0,-9999,-9999,3.52803,0.576781,0.0,-9999,-9999,4.32654,0.23995,0.0,-9999,-9999,3.52803,0.576781,0.0,-9999,-9999,4.09343,4.22271,4.26297,4.26297,4.37409,4.39133,4.42598,0.0,0.0,0.0,0.0,0.0,0.0,0.0,2.24411,2.78917,3.33695,3.59554,3.59554,3.62622,3.62622,0.0,0.0,0.0,0.0,0.0,0.0,0.0,7.32334,7.06941,7.56491,0.105954,6.91918,7.00767,7.06708,7.23145,7.83693,8.66724,8.70416,3.26829,3.02849,3.63739,0.105639,2.93431,2.97213,3.02943,3.19781,4.18295,4.54532,4.72336,5.71222,5.64538,6.27493,0.273921,5.26856,5.27767,5.36492,5.74039,6.05242,6.95485,7.49035,1.00345,0.214479,0.657758,0.177168,0.136756,0.139343,0.153134,0.24969,0.36415,0.989429,2.46617,-9999,-9999
20130908,-9999,-9999,-9999,-9999,-9999,-9999,-9999,-9999,23.533,20.052,2.704,26.479,5.505,23.533,0.0,20.052,2.704,0.0,26.479,5.505,0.0,382.425,-9999,-9999,264.215,264.215,0.0,-9999,-9999,367.155,367.155,0.0,-9999,-9999,372.365,372.365,0.0,-9999,-9999,15.816,15.816,0.0,100.951,100.951,0.0,0.0,0.0,0.0,2.386,2.386,0.0,-9999,0.0,-9999,0.0,-9999,0.0,-9999,0.0,-9999,0.0,-9999,0.0,-9999,-9999,-9999,-9999,-9999,-9999,-9999,1.0,39.2804,0.0,59.1931,-9999,-9999,-9999,-9999,71.8801,0.0,108.319,-9999,-9999,-9999,-9999,11.0,3,22,26,0,0,4.00413,0.0,-9999,-9999,4.00519,0.0,-9999,-9999,3.91822,0.0,0.0453276,3.1548,3.61641,4.00413,4.01533,4.01533,4.11297,4.1296,0.0,0.0,0.0,0.0,0.0,0.0,0.0,4.31789,0.222249,0.0,-9999,-9999,3.46992,0.97057,0.0,-9999,-9999,4.31789,0.222249,0.0,-9999,-9999,3.47179,0.972704,0.0,-9999,-9999,4.09343,4.21763,4.26811,4.26811,4.36004,4.36384,4.39848,0.0,0.0,0.0,0.0,0.0,0.0,0.0,2.14884,2.86497,3.41596,3.53195,3.53195,3.62466,3.65424,0.0,0.0,0.0,0.0,0.0,0.0,0.0,7.21075,6.96931,7.43914,0.100413,6.82632,6.91056,6.9671,7.12342,7.69811,8.48353,8.51838,3.19919,2.96412,3.52092,0.0968172,2.87645,2.90769,2.96607,3.11404,4.12026,4.35169,4.50625,5.68245,5.61405,6.2085,0.263028,5.24458,5.25331,5.33703,5.70193,6.01978,6.8401,7.30888,0.982686,0.309473,0.712246,0.166284,0.209706,0.213052,0.230214,0.349304,0.453377,0.969765,2.34632,-9999,-9999
20130909,-9999,-9999,-9999,-9999,-9999,-9999,-9999,-9999,23.439,19.66,2.643,26.636,5.671,23.439,0.0,19.66,2.643,0.0,26.636,5.671,0.0,379.987,-9999,-9999,271.739,271.739,0.0,-9999,-9999,362.27,362.27,0.0,-9999,-9999,366.67,366.67,0.0,-9999,-9999,15.166,15.166,0.0,100.71,100.71,0.0,0.0,0.0,0.0,2.75,2.75,0.0,-9999,-9999,-9999,-9999,-9999,-9999,-9999,-9999,-9999,-9999,-9999,-9999,-9999,-9999,-9999,-9999,-9999,-9999,-9999,1.0,49.5623,0.0,74.6873,-9999,-9999,-9999,-9999,72.6191,0.0,109.432,-9999,-9999,-9999,-9999,11.0,3,22,26,0,0,4.30873,0.0,-9999,-9999,4.35726,0.0,-9999,-9999,4.13409,0.0,0.0673315,3.1519,3.59588,3.99205,4.3163,4.41991,4.41991,4.51356,0.0,0.0,0.0,0.0,0.0,0.0,0.0,4.31999,0.216267,0.0,-9999,-9999,4.01003,0.626632,0.0,-9999,-9999,4.3064,0.215131,0.0,-9999,-9999,4.10787,0.548095,0.0,-9999,-9999,4.09343,4.22271,4.24933,4.2588,4.38108,4.39133,4.42598,0.0,0.0,0.0,0.0,0.0,0.0,0.0,2.14368,2.82416,3.35696,4.01003,4.25959,4.25959,4.4273,0.0,0.0,0.0,0.0,0.0,0.0,0.0,7.18911,6.94915,7.41659,0.0999197,6.80708,6.89077,6.94694,7.1023,7.67385,8.45597,8.4907,2.87282,2.59188,3.28266,0.128293,2.37721,2.44703,2.59013,2.69631,4.10113,4.3227,4.49865,5.67421,5.60548,6.19543,0.261787,5.23779,5.24644,5.3293,5.6918,6.0108,6.81901,7.28539,0.989137,0.303625,0.716127,0.170088,0.203726,0.207057,0.224355,0.344464,0.45094,0.975655,2.40098,-9999,-9999
20130910,-9999,-9999,-9999,-9999,-9999,-9999,-9999,-9999,21.45,18.447,2.094,23.991,4.156,21.45,0.0,18.447,2.094,0.0,23.991,4.156,0.0,377.53,-9999,-9999,258.119,258.119,0.0,-9999,-9999,369.965,369.965,0.0,-9999,-9999,375.64,375.64,0.0,-9999,-9999,11.425,11.425,0.0,100.851,100.851,0.0,0.0,0.0,0.0,3.295,3.295,0.0,-9999,0.0,-9999,0.0,-9999,0.0,-9999,0.0,-9999,0.0,-9999,0.0,-9999,-9999,-9999,-9999,-9999,-9999,-9999,1.0,49.8512,0.0,75.1926,-9999,-9999,-9999,-9999,81.0666,0.0,122.276,-9999,-9999,-9999,-9999,11.0,3,22,26,0,0,4.04748,0.0,-9999,-9999,4.04092,0.0,-9999,-9999,3.92768,0.0,0.048317,3.20835,3.57622,3.9808,4.04863,4.05554,4.12192,4.12692,0.0,0.0,0.0,0.0,0.0,0.0,0.0,4.34034,0.239254,0.0,-9999,-9999,3.52803,0.576781,0.0,-9999,-9999,4.32654,0.23995,0.0,-9999,-9999,3.52803,0.576781,0.0,-9999,-9999,4.09343,4.22271,4.26297,4.26297,4.37409,4.39133,4.42598,0.0,0.0,0.0,0.0,0.0,0.0,0.0,2.24411,2.78917,3.33695,3.59554,3.59554,3.62622,3.62622,0.0,0.0,0.0,0.0,0.0,0.0,0.0,6.68011,6.49575,6.84943,0.0753853,6.38594,6.45069,6.49405,6.61357,7.04848,7.63232,7.65796,2.62506,2.45483,2.92191,0.0794622,2.38016,2.41162,2.45551,2.57821,3.4225,3.51419,3.67716,5.53696,5.46115,5.89446,0.213887,5.12704,5.1365,5.2007,5.52695,5.86037,6.30112,6.47484,0.966441,0.423236,0.78798,0.159176,0.286553,0.290927,0.315684,0.465899,0.591085,0.953942,2.29512,-9999,-9999
20130911,-9999,-9999,-9999,-9999,-9999,-9999,-9999,-9999,20.212,17.895,1.399,22.173,3.367,20.212,0.0,17.895,1.399,0.0,22.173,3.367,0.0,375.053,-9999,-9999,230.618,230.618,0.0,-9999,-9999,375.492,375.492,0.0,-9999,-9999,382.082,382.082,0.0,-9999,-9999,8.712,8.712,0.0,101.403,101.403,0.0,0.193,0.193,0.0,2.49,2.49,0.0,-9999,0.0,-9999,0.0,-9999,0.0,-9999,0.0,-9999,0.0,-9999,0.0,-9999,-9999,-9999,-9999,-9999,-9999,-9999,1.0,39.2804,0.0,59.3033,-9999,-9999,-9999,-9999,71.8801,0.0,108.521,-9999,-9999,-9999,-9999,11.0,3,22,26,0,0,4.00413,0.0,-9999,-9999,4.00519,0.0,-9999,-9999,3.91822,0.0,0.0453276,3.1548,3.61641,4.00413,4.01533,4.01533,4.11297,4.1296,0.0,0.0,0.0,0.0,0.0,0.0,0.0,4.31789,0.222249,0.0,-9999,-9999,3.46992,0.97057,0.0,-9999,-9999,4.31789,0.222249,0.0,-9999,-9999,3.47179,0.972704,0.0,-9999,-9999,4.09343,4.21763,4.26811,4.26811,4.36004,4.36384,4.39848,0.0,0.0,0.0,0.0,0.0,0.0,0.0,2.14884,2.86497,3.41596,3.53195,3.53195,3.62466,3.65424,0.0,0.0,0.0,0.0,0.0,0.0,0.0,6.36603,6.2146,6.50204,0.06114,6.12402,6.17746,6.2132,6.31146,6.6663,7.13627,7.15676,2.35446,2.20941,2.58382,0.0641523,2.14701,2.17002,2.21102,2.29986,2.94718,3.02275,3.15336,5.44884,5.36861,5.70872,0.186301,5.05577,5.06748,5.11813,5.41387,5.76385,5.98303,6.01712,0.91308,0.556219,0.847463,0.138425,0.412359,0.417754,0.442162,0.582896,0.700309,0.902844,2.07193,-9999,-9999
20130912,-9999,-9999,-9999,-9999,-9999,-9999,-9999,-9999,20.189,16.917,2.386,22.957,4.15,20.189,0.0,16.917,2.386,0.0,22.957,4.15,0.0,372.558,-9999,-9999,260.168,260.168,0.0,-9999,-9999,359.199,359.199,0.0,-9999,-9999,363.091,363.091,0.0,-9999,-9999,9.951,9.951,0.0,101.338,101.338,0.0,0.0,0.0,0.0,2.693,2.693,0.0,-9999,0.0,-9999,0.0,-9999,0.0,-9999,0.0,-9999,0.0,-9999,0.0,-9999,-9999,-9999,-9999,-9999,-9999,-9999,1.0,49.5623,0.0,74.9083,-9999,-9999,-9999,-9999,72.6191,0.0,109.756,-9999,-9999,-9999,-9999,11.0,3,22,26,0,0,4.30873,0.0,-9999,-9999,4.35726,0.0,-9999,-9999,4.13409,0.0,0.0673315,3.1519,3.59588,3.99205,4.3163,4.41991,4.41991,4.51356,0.0,0.0,0.0,0.0,0.0,0.0,0.0,4.31999,0.216267,0.0,-9999,-9999,4.01003,0.626632,0.0,-9999,-9999,4.3064,0.215131,0.0,-9999,-9999,4.10787,0.548095,0.0,-9999,-9999,4.09343,4.22271,4.24933,4.2588,4.38108,4.39133,4.42598,0.0,0.0,0.0,0.0,0.0,0.0,0.0,2.14368,2.82416,3.35696,4.01003,4.25959,4.25959,4.4273,0.0,0.0,0.0,0.0,0.0,0.0,0.0,6.37022,6.2154,6.51144,0.0630455,6.12306,6.17752,6.21397,6.31437,6.67882,7.166,7.18735,2.05393,1.85813,2.37751,0.0987098,1.66396,1.73922,1.83666,1.9137,2.99748,3.08507,3.1953,5.44139,5.36112,5.70936,0.18907,5.04922,5.06103,5.11113,5.40611,5.75588,5.99029,6.03254,0.967269,0.523101,0.863395,0.156952,0.371292,0.376055,0.402458,0.557882,0.665638,0.954503,2.31059,-9999,-9999
20130913,-9999,-9999,-9999,-9999,-9999,-9999,-9999,-9999,20.7,17.166,2.505,23.69,4.883,20.7,0.0,17.166,2.505,0.0,23.69,4.883,0.0,370.046,-9999,-9999,258.708,258.708,0.0,-9999,-9999,356.293,356.293,0.0,-9999,-9999,359.704,359.704,0.0,-9999,-9999,13.183,13.183,0.0,100.96,100.96,0.0,0.0,0.0,0.0,2.861,2.861,0.0,-9999,0.0,-9999,0.0,-9999,0.0,-9999,0.0,-9999,0.0,-9999,0.0,-9999,-9999,-9999,-9999,-9999,-9999,-9999,1.0,49.8512,0.0,75.367,-9999,-9999,-9999,-9999,81.0666,0.0,122.56,-9999,-9999,-9999,-9999,11.0,3,22,26,0,0,4.04748,0.0,-9999,-9999,4.04092,0.0,-9999,-9999,3.92768,0.0,0.048317,3.20835,3.57622,3.9808,4.04863,4.05554,4.12192,4.12692,0.0,0.0,0.0,0.0,0.0,0.0,0.0,4.34034,0.239254,0.0,-9999,-9999,3.52803,0.576781,0.0,-9999,-9999,4.32654,0.23995,0.0,-9999,-9999,3.52803,0.576781,0.0,-9999,-9999,4.09343,4.22271,4.26297,4.26297,4.37409,4.39133,4.42598,0.0,0.0,0.0,0.0,0.0,0.0,0.0,2.24411,2.78917,3.33695,3.59554,3.59554,3.62622,3.62622,0.0,0.0,0.0,0.0,0.0,0.0,0.0,6.50102,6.33196,6.65706,0.0693104,6.23135,6.29067,6.3304,6.43998,6.83938,7.3771,7.40076,2.44597,2.29104,2.72954,0.0746554,2.22078,2.2508,2.29167,2.40425,3.17362,3.25829,3.41996,5.47673,5.39829,5.78663,0.200992,5.07774,5.08863,5.14425,5.45333,5.79462,6.12331,6.23993,0.965429,0.38695,0.761652,0.1608,0.259128,0.263074,0.2859,0.428883,0.547566,0.952709,2.30039,-9999,-9999
20130914,-9999,-9999,-9999,-9999,-9999,-9999,-9999,-9999,19.942,16.68,1.969,22.702,4.504,19.942,0.0,16.68,1.969,0.0,22.702,4.504,0.0,367.517,-9999,-9999,260.656,260.656,0.0,-9999,-9999,349.519,349.519,0.0,-9999,-9999,351.808,351.808,0.0,-9999,-9999,11.479,11.479,0.0,100.742,100.742,0.0,0.0,0.0,0.0,2.928,2.928,0.0,-9999,0.0,-9999,0.0,-9999,0.0,-9999,0.0,-9999,0.0,-9999,0.0,-9999,-9999,-9999,-9999,-9999,-9999,-9999,1.0,39.2804,0.0,59.4505,-9999,-9999,-9999,-9999,71.8801,0.0,108.79,-9999,-9999,-9999,-9999,11.0,3,22,26,0,0,4.00413,0.0,-9999,-9999,4.00519,0.0,-9999,-9999,3.91822,0.0,0.0453276,3.1548,3.61641,4.00413,4.01533,4.01533,4.11297,4.1296,0.0,0.0,0.0,0.0,0.0,0.0,0.0,4.31789,0.222249,0.0,-9999,-9999,3.46992,0.97057,0.0,-9999,-9999,4.31789,0.222249,0.0,-9999,-9999,3.47179,0.972704,0.0,-9999,-9999,4.09343,4.21763,4.26811,4.26811,4.36004,4.36384,4.39848,0.0,0.0,0.0,0.0,0.0,0.0,0.0,2.14884,2.86497,3.41596,3.53195,3.53195,3.62466,3.65424,0.0,0.0,0.0,0.0,0.0,0.0,0.0,6.30989,6.16061,6.44603,0.0607792,6.07157,6.12408,6.15923,6.25604,6.60742,7.07707,7.09765,2.29832,2.15541,2.52781,0.0638854,2.09374,2.1165,2.15702,2.24438,2.88901,2.96604,3.1043,5.42227,5.34112,5.67332,0.184496,5.03363,5.0459,5.09321,5.37824,5.73498,5.92999,5.96384,0.965876,0.451765,0.811042,0.159511,0.308133,0.312577,0.338456,0.494097,0.605285,0.953049,2.31307,-9999,-9999
20130915,-9999,-9999,-9999,-9999,-9999,-9999,-9999,-9999,18.75,16.088,2.487,21.003,4.048,18.75,0.0,16.088,2.487,0.0,21.003,4.048,0.0,364.972,-9999,-9999,260.704,260.704,0.0,-9999,-9999,341.651,341.651,0.0,-9999,-9999,342.637,342.637,0.0,-9999,-9999,9.267,9.267,0.0,100.958,100.958,0.0,0.0,0.0,0.0,2.915,2.915,0.0,-9999,0.0,-9999,0.0,-9999,0.0,-9999,0.0,-9999,0.0,-9999,0.0,-9999,-9999,-9999,-9999,-9999,-9999,-9999,1.0,49.5623,0.0,75.094,-9999,-9999,-9999,-9999,72.6191,0.0,110.028,-9999,-9999,-9999,-9999,11.0,3,22,26,0,0,4.30873,0.0,-9999,-9999,4.35726,0.0,-9999,-9999,4.13409,0.0,0.0673315,3.1519,3.59588,3.99205,4.3163,4.41991,4.41991,4.51356,0.0,0.0,0.0,0.0,0.0,0.0,0.0,4.31999,0.216267,0.0,-9999,-9999,4.01003,0.626632,0.0,-9999,-9999,4.3064,0.215131,0.0,-9999,-9999,4.10787,0.548095,0.0,-9999,-9999,4.09343,4.22271,4.24933,4.2588,4.38108,4.39133,4.42598,0.0,0.0,0.0,0.0,0.0,0.0,0.0,2.14368,2.82416,3.35696,4.01003,4.25959,4.25959,4.4273,0.0,0.0,0.0,0.0,0.0,0.0,0.0,6.01505,5.89461,6.12317,0.048585,5.82257,5.86508,5.8935,5.97165,6.25377,6.62724,6.64352,1.69875,1.53735,1.98924,0.0886078,1.35152,1.429,1.50788,1.57785,2.53269,2.65052,2.73961,5.33337,5.24801,5.49749,0.160951,4.96134,4.97149,5.00991,5.25794,5.52051,5.63606,5.65293,0.961604,0.563739,0.892243,0.155395,0.40833,0.413327,0.439975,0.596013,0.70169,0.948801,2.31057,-9999,-9999
20130916,-9999,-9999,-9999,-9999,-9999,-9999,-9999,-9999,20.057,16.8,2.288,22.813,4.317,20.057,0.0,16.8,2.288,0.0,22.813,4.317,0.0,362.41,-9999,-9999,257.75,257.75,0.0,-9999,-9999,347.192,347.192,0.0,-9999,-9999,349.096,349.096,0.0,-9999,-9999,10.222,10.222,0.0,101.03,101.03,0.0,0.0,0.0,0.0,2.388,2.388,0.0,-9999,-9999,-9999,-9999,-9999,-9999,-9999,-9999,-9999,-9999,-9999,-9999,-9999,-9999,-9999,-9999,-9999,-9999,-9999,1.0,49.8512,0.0,75.6017,-9999,-9999,-9999,-9999,81.0666,0.0,122.941,-9999,-9999,-9999,-9999,11.0,3,22,26,0,0,4.04748,0.0,-9999,-9999,4.04092,0.0,-9999,-9999,3.92768,0.0,0.048317,3.20835,3.57622,3.9808,4.04863,4.05554,4.12192,4.12692,0.0,0.0,0.0,0.0,0.0,0.0,0.0,4.34034,0.239254,0.0,-9999,-9999,3.52803,0.576781,0.0,-9999,-9999,4.32654,0.23995,0.0,-9999,-9999,3.52803,0.576781,0.0,-9999,-9999,4.09343,4.22271,4.26297,4.26297,4.37409,4.39133,4.42598,0.0,0.0,0.0,0.0,0.0,0.0,0.0,2.24411,2.78917,3.33695,3.59554,3.59554,3.62622,3.62622,0.0,0.0,0.0,0.0,0.0,0.0,0.0,6.33819,6.18629,6.47673,0.0618512,6.09569,6.14912,6.18489,6.2834,6.64096,7.1189,7.13984,2.28314,2.14537,2.54922,0.069031,2.07993,2.10838,2.14593,2.24724,2.96615,3.04813,3.16823,5.43116,5.35043,5.69019,0.18665,5.04087,5.05293,5.10155,5.39324,5.7447,5.9583,5.9934,0.958799,0.509442,0.849315,0.155796,0.362626,0.36726,0.392469,0.543611,0.650185,0.946178,2.28948,-9999,-9999
20130917,-9999,-9999,-9999,-9999,-9999,-9999,-9999,-9999,18.864,16.248,2.136,21.077,3.66,18.864,0.0,16.248,2.136,0.0,21.077,3.66,0.0,359.833,-9999,-9999,250.945,250.945,0.0,-9999,-9999,345.565,345.565,0.0,-9999,-9999,347.199,347.199,0.0,-9999,-9999,9.741,9.741,0.0,101.062,101.062,0.0,0.067,0.067,0.0,3.104,3.104,0.0,-9999,0.0,-9999,0.0,-9999,0.0,-9999,0.0,-9999,0.0,-9999,0.0,-9999,-9999,-9999,-9999,-9999,-9999,-9999,1.0,39.2804,0.0,59.6257,-9999,-9999,-9999,-9999,71.8801,0.0,109.111,-9999,-9999,-9999,-9999,11.0,3,22,26,0,0,4.00413,0.0,-9999,-9999,4.00519,0.0,-9999,-9999,3.91822,0.0,0.0453276,3.1548,3.61641,4.00413,4.01533,4.01533,4.11297,4.1296,0.0,0.0,0.0,0.0,0.0,0.0,0.0,4.31789,0.222249,0.0,-9999,-9999,3.46992,0.97057,0.0,-9999,-9999,4.31789,0.222249,0.0,-9999,-9999,3.47179,0.972704,0.0,-9999,-9999,4.09343,4.21763,4.26811,4.26811,4.36004,4.36384,4.39848,0.0,0.0,0.0,0.0,0.0,0.0,0.0,2.14884,2.86497,3.41596,3.53195,3.53195,3.62466,3.65424,0.0,0.0,0.0,0.0,0.0,0.0,0.0,6.03975,5.91787,6.14868,0.0490488,5.84491,5.88797,5.91675,5.99585,6.28097,6.65743,6.67381,2.02818,1.91268,2.23046,0.0558346,1.85875,1.87899,1.91419,1.98352,2.56729,2.59733,2.71111,5.34374,5.25876,5.51291,0.162139,4.96993,4.98128,5.01962,5.27048,5.54262,5.64903,5.67728,0.944399,0.572093,0.885322,0.149709,0.419038,0.424005,0.449803,0.602369,0.711597,0.932273,2.23452,-9999,-9999
20130918,-9999,-9999,-9999,-9999,-9999,-9999,-9999,-9999,21.041,17.612,1.936,23.942,4.948,21.041,0.0,17.612,1.936,0.0,23.942,4.948,0.0,357.241,-9999,-9999,260.441,260.441,0.0,-9999,-9999,334.859,334.859,0.0,-9999,-9999,334.721,334.721,0.0,-9999,-9999,16.596,16.596,0.0,101.024,101.024,0.0,0.0,0.0,0.0,3.988,3.988,0.0,-9999,0.0,-9999,0.0,-9999,0.0,-9999,0.0,-9999,0.0,-9999,0.0,-9999,-9999,-9999,-9999,-9999,-9999,-9999,1.0,49.5623,0.0,75.3317,-9999,-9999,-9999,-9999,72.6191,0.0,110.377,-9999,-9999,-9999,-9999,11.0,3,22,26,0,0,4.30873,0.0,-9999,-9999,4.35726,0.0,-9999,-9999,4.13409,0.0,0.0673315,3.1519,3.59588,3.99205,4.3163,4.41991,4.41991,4.51356,0.0,0.0,0.0,0.0,0.0,0.0,0.0,4.31999,0.216267,0.0,-9999,-9999,4.01003,0.626632,0.0,-9999,-9999,4.3064,0.215131,0.0,-9999,-9999,4.10787,0.548095,0.0,-9999,-9999,4.09343,4.22271,4.24933,4.2588,4.38108,4.39133,4.42598,0.0,0.0,0.0,0.0,0.0,0.0,0.0,2.14368,2.82416,3.35696,4.01003,4.25959,4.25959,4.4273,0.0,0.0,0.0,0.0,0.0,0.0,0.0,6.58368,6.40701,6.74679,0.0724465,6.30189,6.36387,6.40538,6.51989,6.93729,7.4994,7.52414,2.26738,2.04975,2.61286,0.105818,1.85031,1.92417,2.03334,2.11234,3.28448,3.36971,3.53209,5.5031,5.42585,5.83625,0.207409,5.09926,5.10952,5.16896,5.49174,5.82343,6.20594,6.35499,0.957888,0.294928,0.692216,0.163789,0.193576,0.196824,0.214734,0.334771,0.442604,0.945078,2.30701,-9999,-9999
20130919,-9999,-9999,-9999,-9999,-9999,-9999,-9999,-9999,20.977,17.67,2.016,23.775,6.08,20.977,0.0,17.67,2.016,0.0,23.775,6.08,0.0,354.636,-9999,-9999,257.1,257.1,0.0,-9999,-9999,334.894,334.894,0.0,-9999,-9999,334.761,334.761,0.0,-9999,-9999,15.775,15.775,0.0,100.874,100.874,0.0,0.0,0.0,0.0,2.273,2.273,0.0,-9999,0.0,-9999,0.0,-9999,0.0,-9999,0.0,-9999,0.0,-9999,0.0,-9999,-9999,-9999,-9999,-9999,-9999,-9999,1.0,49.8512,0.0,75.8576,-9999,-9999,-9999,-9999,81.0666,0.0,123.358,-9999,-9999,-9999,-9999,11.0,3,22,26,0,0,4.04748,0.0,-9999,-9999,4.04092,0.0,-9999,-9999,3.92768,0.0,0.048317,3.20835,3.57622,3.9808,4.04863,4.05554,4.12192,4.12692,0.0,0.0,0.0,0.0,0.0,0.0,0.0,4.34034,0.239254,0.0,-9999,-9999,3.52803,0.576781,0.0,-9999,-9999,4.32654,0.23995,0.0,-9999,-9999,3.52803,0.576781,0.0,-9999,-9999,4.09343,4.22271,4.26297,4.26297,4.37409,4.39133,4.42598,0.0,0.0,0.0,0.0,0.0,0.0,0.0,2.24411,2.78917,3.33695,3.59554,3.59554,3.62622,3.62622,0.0,0.0,0.0,0.0,0.0,0.0,0.0,6.57374,6.39618,6.73898,0.073138,6.29069,6.35287,6.39455,6.50959,6.9301,7.49912,7.52423,2.51869,2.35527,2.81147,0.0776609,2.28264,2.31343,2.35592,2.47407,3.29107,3.38081,3.54343,5.49479,5.41733,5.82934,0.208169,5.09221,5.10261,5.16116,5.48356,5.81444,6.19786,6.36201,0.9525,0.326074,0.711321,0.160885,0.221783,0.225239,0.243197,0.364776,0.467344,0.939915,2.28145,-9999,-9999
20130920,-9999,-9999,-9999,-9999,-9999,-9999,-9999,-9999,18.336,16.225,2.077,20.123,3.939,18.336,0.0,16.225,2.077,0.0,20.123,3.939,0.0,352.017,-9999,-9999,249.438,249.438,0.0,-9999,-9999,343.397,343.397,0.0,-9999,-9999,344.672,344.672,0.0,-9999,-9999,8.923,8.923,0.0,100.907,100.907,0.0,0.225,0.225,0.0,3.006,3.006,0.0,-9999,0.0,-9999,0.0,-9999,0.0,-9999,0.0,-9999,0.0,-9999,0.0,-9999,-9999,-9999,-9999,-9999,-9999,-9999,1.0,39.2804,0.0,59.8406,-9999,-9999,-9999,-9999,71.8801,0.0,109.504,-9999,-9999,-9999,-9999,11.0,3,22,26,0,0,4.00413,0.0,-9999,-9999,4.00519,0.0,-9999,-9999,3.91822,0.0,0.0453276,3.1548,3.61641,4.00413,4.01533,4.01533,4.11297,4.1296,0.0,0.0,0.0,0.0,0.0,0.0,0.0,4.31789,0.222249,0.0,-9999,-9999,3.46992,0.97057,0.0,-9999,-9999,4.31789,0.222249,0.0,-9999,-9999,3.47179,0.972704,0.0,-9999,-9999,4.09343,4.21763,4.26811,4.26811,4.36004,4.36384,4.39848,0.0,0.0,0.0,0.0,0.0,0.0,0.0,2.14884,2.86497,3.41596,3.53195,3.53195,3.62466,3.65424,0.0,0.0,0.0,0.0,0.0,0.0,0.0,5.91075,5.80101,6.00821,0.043999,5.73523,5.77406,5.8,5.87124,6.12747,6.46447,6.4791,1.89918,1.79582,2.08999,0.0527947,1.74534,1.76445,1.79728,1.85861,2.39071,2.46697,2.55434,5.30344,5.2166,5.4357,0.152465,4.93709,4.94315,4.98186,5.21974,5.43973,5.54211,5.60498,0.934941,0.573437,0.882814,0.148308,0.421099,0.426319,0.452387,0.602233,0.713367,0.922955,2.2187,-9999,-9999
20130921,-9999,-9999,-9999,-9999,-9999,-9999,-9999,-9999,15.404,14.879,1.402,15.848,0.659,15.404,0.0,14.879,1.402,0.0,15.848,0.659,0.0,349.384,-9999,-9999,112.813,112.813,0.0,-9999,-9999,367.657,367.657,0.0,-9999,-9999,372.949,372.949,0.0,-9999,-9999,2.074,2.074,0.0,101.08,101.08,0.0,12.96,12.96,0.0,3.204,3.204,0.0,-9999,0.0,-9999,0.0,-9999,0.0,-9999,0.0,-9999,0.0,-9999,0.0,-9999,-9999,-9999,-9999,-9999,-9999,-9999,1.0,49.5623,0.0,75.521,-9999,-9999,-9999,-9999,72.6191,0.0,110.654,-9999,-9999,-9999,-9999,11.0,3,22,26,0,0,4.30873,0.0,-9999,-9999,4.35726,0.0,-9999,-9999,4.13409,0.0,0.0673315,3.1519,3.59588,3.99205,4.3163,4.41991,4.41991,4.51356,0.0,0.0,0.0,0.0,0.0,0.0,0.0,4.31999,0.216267,0.0,-9999,-9999,4.01003,0.626632,0.0,-9999,-9999,4.3064,0.215131,0.0,-9999,-9999,4.10787,0.548095,0.0,-9999,-9999,4.09343,4.22271,4.24933,4.2588,4.38108,4.39133,4.42598,0.0,0.0,0.0,0.0,0.0,0.0,0.0,2.14368,2.82416,3.35696,4.01003,4.25959,4.25959,4.4273,0.0,0.0,0.0,0.0,0.0,0.0,0.0,5.19415,5.15092,5.22994,0.016613,5.12464,5.14018,5.15051,5.17867,5.27744,5.40178,5.40705,0.877857,0.793652,1.09601,0.071768,0.626627,0.709107,0.739709,0.798711,1.33379,1.64833,1.89437,5.07789,4.98067,5.00748,0.104409,4.36281,4.75322,4.75474,4.86682,4.93986,5.09747,5.35848,0.682076,0.568448,0.695194,0.0665678,0.487964,0.501294,0.514797,0.547946,0.682076,0.726357,1.10019,-9999,-9999
20130922,-9999,-9999,-9999,-9999,-9999,-9999,-9999,-9999,16.221,13.992,1.908,18.107,3.382,16.221,0.0,13.992,1.908,0.0,18.107,3.382,0.0,346.739,-9999,-9999,235.978,235.978,0.0,-9999,-9999,338.124,338.124,0.0,-9999,-9999,338.527,338.527,0.0,-9999,-9999,6.909,6.909,0.0,101.452,101.452,0.0,0.002,0.002,0.0,3.033,3.033,0.0,-9999,0.0,-9999,0.0,-9999,0.0,-9999,0.0,-9999,0.0,-9999,0.0,-9999,-9999,-9999,-9999,-9999,-9999,-9999,1.0,49.8512,0.0,76.0075,-9999,-9999,-9999,-9999,81.0666,0.0,123.601,-9999,-9999,-9999,-9999,11.0,3,22,26,0,0,4.04748,0.0,-9999,-9999,4.04092,0.0,-9999,-9999,3.92768,0.0,0.048317,3.20835,3.57622,3.9808,4.04863,4.05554,4.12192,4.12692,0.0,0.0,0.0,0.0,0.0,0.0,0.0,4.34034,0.239254,0.0,-9999,-9999,3.52803,0.576781,0.0,-9999,-9999,4.32654,0.23995,0.0,-9999,-9999,3.52803,0.576781,0.0,-9999,-9999,4.09343,4.22271,4.26297,4.26297,4.37409,4.39133,4.42598,0.0,0.0,0.0,0.0,0.0,0.0,0.0,2.24411,2.78917,3.33695,3.59554,3.59554,3.62622,3.62622,0.0,0.0,0.0,0.0,0.0,0.0,0.0,5.4017,5.33736,5.458,0.0255361,5.29868,5.32152,5.33676,5.37856,5.52806,5.72277,5.73118,1.34665,1.29644,1.53049,0.0491857,1.25596,1.2739,1.29668,1.34025,1.61837,1.90104,2.10861,5.1372,5.04295,5.12958,0.118337,4.67051,4.8012,4.82018,4.99404,5.02991,5.16745,5.42343,0.918982,0.684629,0.949593,0.137346,0.539908,0.544056,0.566912,0.700228,0.863524,0.907924,2.11803,-9999,-9999
20130923,-9999,-9999,-9999,-9999,-9999,-9999,-9999,-9999,18.41,15.252,2.843,21.316,4.684,18.41,0.0,15.252,2.843,0.0,21.316,4.684,0.0,344.083,-9999,-9999,243.396,243.396,0.0,-9999,-9999,343.026,343.026,0.0,-9999,-9999,344.239,344.239,0.0,-9999,-9999,8.984,8.984,0.0,101.48,101.48,0.0,0.0,0.0,0.0,3.453,3.453,0.0,-9999,-9999,-9999,-9999,-9999,-9999,-9999,-9999,-9999,-9999,-9999,-9999,-9999,-9999,-9999,-9999,-9999,-9999,-9999,1.0,39.2804,0.0,59.9269,-9999,-9999,-9999,-9999,71.8801,0.0,109.662,-9999,-9999,-9999,-9999,11.0,3,23,25,0,0,4.00413,0.0,-9999,-9999,4.00519,0.0,-9999,-9999,3.91822,0.0,0.0453276,3.1548,3.61641,4.00413,4.01533,4.01533,4.11297,4.1296,0.0,0.0,0.0,0.0,0.0,0.0,0.0,4.32109,0.217682,0.0,-9999,-9999,3.43305,0.971827,0.0,-9999,-9999,4.32109,0.217682,0.0,-9999,-9999,3.435,0.974124,0.0,-9999,-9999,4.10639,4.22519,4.27348,4.27348,4.36141,4.36504,4.39818,0.0,0.0,0.0,0.0,0.0,0.0,0.0,2.05913,2.80391,3.37694,3.49757,3.49757,3.59398,3.62475,0.0,0.0,0.0,0.0,0.0,0.0,0.0,5.94064,5.82479,6.04594,0.0470502,5.75565,5.79643,5.82372,5.89886,6.17125,6.53445,6.55034,1.92907,1.8196,2.12772,0.0545951,1.76748,1.78712,1.82108,1.88638,2.46165,2.49961,2.58748,5.3028,5.2163,5.45115,0.157204,4.93601,4.94263,4.98125,5.22087,5.45852,5.56376,5.6045,0.926464,0.517211,0.83364,0.147205,0.366697,0.371616,0.398502,0.550929,0.661118,0.914808,2.17363,-9999,-9999
20130924,-9999,-9999,-9999,-9999,-9999,-9999,-9999,-9999,18.02,15.735,1.641,20.121,3.118,18.02,0.0,15.735,1.641,0.0,20.121,3.118,0.0,341.417,-9999,-9999,238.998,238.998,0.0,-9999,-9999,342.388,342.388,0.0,-9999,-9999,343.496,343.496,0.0,-9999,-9999,7.992,7.992,0.0,101.383,101.383,0.0,0.0,0.0,0.0,3.659,3.659,0.0,-9999,0.0,-9999,0.0,-9999,0.0,-9999,0.0,-9999,0.0,-9999,0.0,-9999,-9999,-9999,-9999,-9999,-9999,-9999,1.0,49.5623,0.0,75.9419,-9999,-9999,-9999,-9999,72.6191,0.0,111.271,-9999,-9999,-9999,-9999,11.0,3,23,25,0,0,4.30873,0.0,-9999,-9999,4.35726,0.0,-9999,-9999,4.13409,0.0,0.0673315,3.1519,3.59588,3.99205,4.3163,4.41991,4.41991,4.51356,0.0,0.0,0.0,0.0,0.0,0.0,0.0,4.32654,0.213619,0.0,-9999,-9999,3.9916,0.632323,0.0,-9999,-9999,4.31354,0.212958,0.0,-9999,-9999,4.09336,0.554275,0.0,-9999,-9999,4.10639,4.23609,4.25581,4.26487,4.38498,4.39478,4.42792,0.0,0.0,0.0,0.0,0.0,0.0,0.0,2.05377,2.75591,3.31241,3.9916,4.25404,4.25404,4.42845,0.0,0.0,0.0,0.0,0.0,0.0,0.0,5.83043,5.72893,5.91977,0.0404872,5.66799,5.70397,5.72799,5.79391,6.03026,6.33943,6.35281,1.51413,1.37167,1.78584,0.083514,1.19041,1.2691,1.3378,1.39598,2.23711,2.36623,2.54896,5.28057,5.19259,5.38834,0.146062,4.91858,4.92229,4.96043,5.19049,5.37672,5.45682,5.57994,0.917455,0.643104,0.920613,0.140181,0.494062,0.49944,0.522921,0.664145,0.811316,0.906108,2.13821,-9999,-9999
20130925,-9999,-9999,-9999,-9999,-9999,-9999,-9999,-9999,16.181,14.48,1.331,17.881,2.572,16.181,0.0,14.48,1.331,0.0,17.881,2.572,0.0,338.74,-9999,-9999,238.675,238.675,0.0,-9999,-9999,322.446,322.446,0.0,-9999,-9999,320.252,320.252,0.0,-9999,-9999,9.792,9.792,0.0,101.197,101.197,0.0,0.0,0.0,0.0,4.026,4.026,0.0,-9999,0.0,-9999,0.0,-9999,0.0,-9999,0.0,-9999,0.0,-9999,0.0,-9999,-9999,-9999,-9999,-9999,-9999,-9999,1.0,49.8512,0.0,76.817,-9999,-9999,-9999,-9999,81.0666,0.0,124.918,-9999,-9999,-9999,-9999,11.0,3,24,24,0,0,4.04748,0.0,-9999,-9999,4.04092,0.0,-9999,-9999,3.92768,0.0,0.048317,3.20835,3.57622,3.9808,4.04863,4.05554,4.12192,4.12692,0.0,0.0,0.0,0.0,0.0,0.0,0.0,4.32872,0.24525,0.0,-9999,-9999,3.47197,0.559132,0.0,-9999,-9999,4.31607,0.245276,0.0,-9999,-9999,3.47197,0.559132,0.0,-9999,-9999,3.97724,4.10153,4.26147,4.26147,4.32157,4.37672,4.39793,0.0,0.0,0.0,0.0,0.0,0.0,0.0,2.20619,2.7909,3.36422,3.54142,3.54142,3.55586,3.56886,0.0,0.0,0.0,0.0,0.0,0.0,0.0,5.38536,5.32414,5.43789,0.0240361,5.28719,5.30902,5.32357,5.36338,5.5048,5.68685,5.69466,1.33031,1.28322,1.51038,0.0487763,1.24358,1.2607,1.28345,1.32499,1.58083,1.88069,2.09124,5.13715,5.0427,5.12134,0.11627,4.63144,4.80147,4.82006,4.99107,5.02149,5.16685,5.42327,0.91431,0.6099,0.894566,0.14104,0.458737,0.463938,0.488876,0.634413,0.765077,0.902971,2.13409,-9999,-9999
20130926,-9999,-9999,-9999,-9999,-9999,-9999,-9999,-9999,16.696,14.651,1.806,18.741,3.779,16.696,0.0,14.651,1.806,0.0,18.741,3.779,0.0,336.053,-9999,-9999,243.068,243.068,0.0,-9999,-9999,312.587,312.587,0.0,-9999,-9999,308.76,308.76,0.0,-9999,-9999,12.916,12.916,0.0,101.235,101.235,0.0,0.0,0.0,0.0,4.765,4.765,0.0,-9999,0.0,-9999,0.0,-9999,0.0,-9999,0.0,-9999,0.0,-9999,0.0,-9999,-9999,-9999,-9999,-9999,-9999,-9999,1.0,39.2804,0.0,60.9225,-9999,-9999,-9999,-9999,71.8801,0.0,111.484,-9999,-9999,-9999,-9999,11.0,3,24,24,0,0,4.00413,0.0,-9999,-9999,4.00519,0.0,-9999,-9999,3.91822,0.0,0.0453276,3.1548,3.61641,4.00413,4.01533,4.01533,4.11297,4.1296,0.0,0.0,0.0,0.0,0.0,0.0,0.0,4.31033,0.219326,0.0,-9999,-9999,3.40681,0.98364,0.0,-9999,-9999,4.31033,0.219326,0.0,-9999,-9999,3.40884,0.986064,0.0,-9999,-9999,3.97724,4.09109,4.2647,4.2647,4.31033,4.36054,4.36943,0.0,0.0,0.0,0.0,0.0,0.0,0.0,2.10298,2.87879,3.40681,3.47401,3.47401,3.55747,3.58952,0.0,0.0,0.0,0.0,0.0,0.0,0.0,5.51549,5.44115,5.5808,0.029589,5.39648,5.42285,5.44046,5.48875,5.66173,5.88759,5.89735,1.50393,1.43596,1.66258,0.0461008,1.39561,1.41141,1.43729,1.47525,1.80078,1.9865,2.14798,5.17482,5.08223,5.19817,0.125512,4.82152,4.83198,4.8503,5.05344,5.13396,5.21123,5.46451,0.91974,0.478275,0.802515,0.148161,0.327656,0.332246,0.360004,0.516128,0.623375,0.908027,2.16793,-9999,-9999
20130927,-9999,-9999,-9999,-9999,-9999,-9999,-9999,-9999,16.892,14.409,2.143,19.375,4.645,16.892,0.0,14.409,2.143,0.0,19.375,4.645,0.0,333.358,-9999,-9999,240.311,240.311,0.0,-9999,-9999,317.133,317.133,0.0,-9999,-9999,314.059,314.059,0.0,-9999,-9999,12.775,12.775,0.0,101.795,101.795,0.0,0.0,0.0,0.0,2.906,2.906,0.0,-9999,0.0,-9999,0.0,-9999,0.0,-9999,0.0,-9999,0.0,-9999,0.0,-9999,-9999,-9999,-9999,-9999,-9999,-9999,1.0,49.5623,0.0,77.2994,-9999,-9999,-9999,-9999,72.6191,0.0,113.26,-9999,-9999,-9999,-9999,11.0,3,24,24,0,0,4.30873,0.0,-9999,-9999,4.35726,0.0,-9999,-9999,4.13409,0.0,0.0673315,3.1519,3.59588,3.99205,4.3163,4.41991,4.41991,4.51356,0.0,0.0,0.0,0.0,0.0,0.0,0.0,4.31006,0.223981,0.0,-9999,-9999,3.99413,0.645795,0.0,-9999,-9999,4.29761,0.222433,0.0,-9999,-9999,4.10012,0.565141,0.0,-9999,-9999,3.97724,4.10153,4.2484,4.25464,4.30795,4.38313,4.39793,0.0,0.0,0.0,0.0,0.0,0.0,0.0,2.09739,2.8288,3.38591,3.99413,4.26383,4.26383,4.4455,0.0,0.0,0.0,0.0,0.0,0.0,0.0,5.57026,5.48904,5.643,0.0326794,5.44043,5.46911,5.48829,5.541,5.73107,5.98216,5.99308,1.25396,1.13178,1.50907,0.0790673,0.955558,1.0356,1.09258,1.14732,1.87327,2.07033,2.28252,5.18649,5.09464,5.22936,0.130459,4.8326,4.84117,4.86776,5.07403,5.19054,5.22544,5.47738,0.914156,0.431099,0.764432,0.148171,0.289955,0.294314,0.320391,0.47299,0.579771,0.902601,2.14622,-9999,-9999
20130928,-9999,-9999,-9999,-9999,-9999,-9999,-9999,-9999,17.79,14.611,2.264,20.968,4.95,17.79,0.0,14.611,2.264,0.0,20.968,4.95,0.0,330.655,-9999,-9999,232.699,232.699,0.0,-9999,-9999,332.534,332.534,0.0,-9999,-9999,332.01,332.01,0.0,-9999,-9999,12.113,12.113,0.0,101.788,101.788,0.0,0.0,0.0,0.0,2.194,2.194,0.0,-9999,0.0,-9999,0.0,-9999,0.0,-9999,0.0,-9999,0.0,-9999,0.0,-9999,-9999,-9999,-9999,-9999,-9999,-9999,1.0,49.8512,0.0,78.1824,-9999,-9999,-9999,-9999,81.0666,0.0,127.138,-9999,-9999,-9999,-9999,11.0,3,24,24,0,0,4.04748,0.0,-9999,-9999,4.04092,0.0,-9999,-9999,3.92768,0.0,0.048317,3.20835,3.57622,3.9808,4.04863,4.05554,4.12192,4.12692,0.0,0.0,0.0,0.0,0.0,0.0,0.0,4.32872,0.24525,0.0,-9999,-9999,3.47197,0.559132,0.0,-9999,-9999,4.31607,0.245276,0.0,-9999,-9999,3.47197,0.559132,0.0,-9999,-9999,3.97724,4.10153,4.26147,4.26147,4.32157,4.37672,4.39793,0.0,0.0,0.0,0.0,0.0,0.0,0.0,2.20619,2.7909,3.36422,3.54142,3.54142,3.55586,3.56886,0.0,0.0,0.0,0.0,0.0,0.0,0.0,5.79143,5.68887,5.88466,0.0416413,5.62767,5.66377,5.68792,5.75444,5.99557,6.31707,6.33114,1.73638,1.64795,1.95715,0.0559827,1.59663,1.62047,1.64833,1.71707,2.22786,2.35034,2.51045,5.25402,5.16534,5.36138,0.146709,4.89613,4.89863,4.93553,5.15692,5.33837,5.42655,5.55122,0.901808,0.382106,0.718748,0.145634,0.252163,0.256257,0.280343,0.423135,0.540186,0.890771,2.08722,-9999,-9999
20130929,-9999,-9999,-9999,-9999,-9999,-9999,-9999,-9999,16.981,14.821,2.635,19.141,2.659,16.981,0.0,14.821,2.635,0.0,19.141,2.659,0.0,327.945,-9999,-9999,155.588,155.588,0.0,-9999,-9999,363.523,363.523,0.0,-9999,-9999,368.131,368.131,0.0,-9999,-9999,5.822,5.822,0.0,101.878,101.878,0.0,0.098,0.098,0.0,2.925,2.925,0.0,-9999,0.0,-9999,0.0,-9999,0.0,-9999,0.0,-9999,0.0,-9999,0.0,-9999,-9999,-9999,-9999,-9999,-9999,-9999,1.0,39.2804,0.0,61.9316,-9999,-9999,-9999,-9999,71.8801,0.0,113.33,-9999,-9999,-9999,-9999,11.0,3,24,24,0,0,4.00413,0.0,-9999,-9999,4.00519,0.0,-9999,-9999,3.91822,0.0,0.0453276,3.1548,3.61641,4.00413,4.01533,4.01533,4.11297,4.1296,0.0,0.0,0.0,0.0,0.0,0.0,0.0,4.31033,0.219326,0.0,-9999,-9999,3.40681,0.98364,0.0,-9999,-9999,4.31033,0.219326,0.0,-9999,-9999,3.40884,0.986064,0.0,-9999,-9999,3.97724,4.09109,4.2647,4.2647,4.31033,4.36054,4.36943,0.0,0.0,0.0,0.0,0.0,0.0,0.0,2.10298,2.87879,3.40681,3.47401,3.47401,3.55747,3.58952,0.0,0.0,0.0,0.0,0.0,0.0,0.0,5.58204,5.50233,5.6518,0.0316672,5.45442,5.48271,5.5016,5.55338,5.73863,5.98003,5.99045,1.57047,1.49714,1.73358,0.0468524,1.45524,1.47155,1.49849,1.54001,1.89498,2.05927,2.21619,5.19822,5.10662,5.23853,0.129452,4.84364,4.8512,4.87896,5.08703,5.1993,5.23834,5.49004,0.765661,0.628602,0.799171,0.0913185,0.527204,0.533815,0.551131,0.621293,0.761366,0.77165,1.46353,-9999,-9999
20130930,-9999,-9999,-9999,-9999,-9999,-9999,-9999,-9999,17.973,16.18,2.476,19.766,1.956,17.973,0.0,16.18,2.476,0.0,19.766,1.956,0.0,325.228,-9999,-9999,127.327,127.327,0.0,-9999,-9999,378.75,378.75,0.0,-9999,-9999,385.879,385.879,0.0,-9999,-9999,5.194,5.194,0.0,101.692,101.692,0.0,0.853,0.853,0.0,2.616,2.616,0.0,-9999,-9999,-9999,-9999,-9999,-9999,-9999,-9999,-9999,-9999,-9999,-9999,-9999,-9999,-9999,-9999,-9999,-9999,-9999,1.0,49.5623,0.0,78.6235,-9999,-9999,-9999,-9999,72.6191,0.0,115.2,-9999,-9999,-9999,-9999,11.0,3,24,24,0,0,4.30873,0.0,-9999,-9999,4.35726,0.0,-9999,-9999,4.13409,0.0,0.0673315,3.1519,3.59588,3.99205,4.3163,4.41991,4.41991,4.51356,0.0,0.0,0.0,0.0,0.0,0.0,0.0,4.31006,0.223981,0.0,-9999,-9999,3.99413,0.645795,0.0,-9999,-9999,4.29761,0.222433,0.0,-9999,-9999,4.10012,0.565141,0.0,-9999,-9999,3.97724,4.10153,4.2484,4.25464,4.30795,4.38313,4.39793,0.0,0.0,0.0,0.0,0.0,0.0,0.0,2.09739,2.8288,3.38591,3.99413,4.26383,4.26383,4.4455,0.0,0.0,0.0,0.0,0.0,0.0,0.0,5.81603,5.7168,5.90262,0.0393941,5.65712,5.69236,5.71588,5.78035,6.01083,6.31076,6.3237,1.49973,1.35953,1.76869,0.0828648,1.1788,1.25763,1.32515,1.38192,2.20725,2.3486,2.53382,5.27872,5.19056,5.38028,0.144317,4.91722,4.92053,4.9587,5.18688,5.36663,5.44823,5.57787,0.709247,0.589167,0.730094,0.075257,0.500766,0.510986,0.525754,0.574681,0.707635,0.745888,1.2264,-9999,-9999
20131001,-9999,-9999,-9999,-9999,-9999,-9999,-9999,-9999,17.387,15.391,1.365,19.382,3.824,17.387,0.0,15.391,1.365,0.0,19.382,3.824,0.0,322.506,-9999,-9999,219.963,219.963,0.0,-9999,-9999,339.325,339.325,0.0,-9999,-9999,339.926,339.926,0.0,-9999,-9999,7.769,7.769,0.0,101.473,101.473,0.0,0.0,0.0,0.0,2.992,2.992,0.0,-9999,0.0,-9999,0.0,-9999,0.0,-9999,0.0,-9999,0.0,-9999,0.0,-9999,-9999,-9999,-9999,-9999,-9999,-9999,1.0,49.8512,0.0,79.5654,-9999,-9999,-9999,-9999,81.0666,0.0,129.387,-9999,-9999,-9999,-9999,11.0,3,24,24,0,0,4.04748,0.0,-9999,-9999,4.04092,0.0,-9999,-9999,3.92768,0.0,0.048317,3.20835,3.57622,3.9808,4.04863,4.05554,4.12192,4.12692,0.0,0.0,0.0,0.0,0.0,0.0,0.0,4.32872,0.24525,0.0,-9999,-9999,3.47197,0.559132,0.0,-9999,-9999,4.31607,0.245276,0.0,-9999,-9999,3.47197,0.559132,0.0,-9999,-9999,3.97724,4.10153,4.26147,4.26147,4.32157,4.37672,4.39793,0.0,0.0,0.0,0.0,0.0,0.0,0.0,2.20619,2.7909,3.36422,3.54142,3.54142,3.55586,3.56886,0.0,0.0,0.0,0.0,0.0,0.0,0.0,5.67925,5.59089,5.75693,0.0352056,5.53782,5.56915,5.59007,5.64746,5.85311,6.12188,6.1335,1.6242,1.54997,1.82941,0.0527865,1.50258,1.52514,1.5503,1.60974,2.0261,2.20694,2.39367,5.23021,5.14002,5.29723,0.135966,4.8749,4.87737,4.90977,5.12579,5.27556,5.31478,5.52496,0.879944,0.610733,0.870141,0.130585,0.467701,0.472923,0.495834,0.630693,0.769387,0.869664,1.98867,-9999,-9999
20131002,-9999,-9999,-9999,-9999,-9999,-9999,-9999,-9999,17.167,14.463,2.21,19.871,4.467,17.167,0.0,14.463,2.21,0.0,19.871,4.467,0.0,319.779,-9999,-9999,225.025,225.025,0.0,-9999,-9999,327.663,327.663,0.0,-9999,-9999,326.333,326.333,0.0,-9999,-9999,10.503,10.503,0.0,101.423,101.423,0.0,0.0,0.0,0.0,3.274,3.274,0.0,-9999,0.0,-9999,0.0,-9999,0.0,-9999,0.0,-9999,0.0,-9999,0.0,-9999,-9999,-9999,-9999,-9999,-9999,-9999,1.0,39.2804,0.0,63.0213,-9999,-9999,-9999,-9999,71.8801,0.0,115.324,-9999,-9999,-9999,-9999,11.0,3,24,24,0,0,4.00413,0.0,-9999,-9999,4.00519,0.0,-9999,-9999,3.91822,0.0,0.0453276,3.1548,3.61641,4.00413,4.01533,4.01533,4.11297,4.1296,0.0,0.0,0.0,0.0,0.0,0.0,0.0,4.31033,0.219326,0.0,-9999,-9999,3.40681,0.98364,0.0,-9999,-9999,4.31033,0.219326,0.0,-9999,-9999,3.40884,0.986064,0.0,-9999,-9999,3.97724,4.09109,4.2647,4.2647,4.31033,4.36054,4.36943,0.0,0.0,0.0,0.0,0.0,0.0,0.0,2.10298,2.87879,3.40681,3.47401,3.47401,3.55747,3.58952,0.0,0.0,0.0,0.0,0.0,0.0,0.0,5.63623,5.54911,5.71439,0.0350967,5.49698,5.52774,5.5483,5.60484,5.80885,6.07864,6.09038,1.62466,1.54392,1.79617,0.0482622,1.49998,1.51695,1.5453,1.59166,1.99716,2.12615,2.2728,5.20807,5.11718,5.26914,0.134899,4.853,4.85882,4.88855,5.1002,5.25057,5.27439,5.50094,0.879049,0.495872,0.789684,0.136843,0.356919,0.361482,0.385453,0.525487,0.627949,0.868383,2.02238,-9999,-9999
20131003,-9999,-9999,-9999,-9999,-9999,-9999,-9999,-9999,17.799,16.238,2.839,19.36,3.775,17.799,0.0,16.238,2.839,0.0,19.36,3.775,0.0,317.048,-9999,-9999,228.877,228.877,0.0,-9999,-9999,311.616,311.616,0.0,-9999,-9999,307.629,307.629,0.0,-9999,-9999,15.381,15.381,0.0,101.574,101.574,0.0,0.0,0.0,0.0,6.708,6.708,0.0,-9999,0.0,-9999,0.0,-9999,0.0,-9999,0.0,-9999,0.0,-9999,0.0,-9999,-9999,-9999,-9999,-9999,-9999,-9999,1.0,49.5623,0.0,79.9015,-9999,-9999,-9999,-9999,72.6191,0.0,117.072,-9999,-9999,-9999,-9999,11.0,3,24,24,0,0,4.30873,0.0,-9999,-9999,4.35726,0.0,-9999,-9999,4.13409,0.0,0.0673315,3.1519,3.59588,3.99205,4.3163,4.41991,4.41991,4.51356,0.0,0.0,0.0,0.0,0.0,0.0,0.0,4.31006,0.223981,0.0,-9999,-9999,3.99413,0.645795,0.0,-9999,-9999,4.29761,0.222433,0.0,-9999,-9999,4.10012,0.565141,0.0,-9999,-9999,3.97724,4.10153,4.2484,4.25464,4.30795,4.38313,4.39793,0.0,0.0,0.0,0.0,0.0,0.0,0.0,2.09739,2.8288,3.38591,3.99413,4.26383,4.26383,4.4455,0.0,0.0,0.0,0.0,0.0,0.0,0.0,5.78054,5.68272,5.86696,0.039092,5.62403,5.65868,5.68181,5.74533,5.97336,6.27226,6.28521,1.46424,1.32546,1.73303,0.0826828,1.14512,1.22406,1.29072,1.34661,2.16879,2.31168,2.49794,5.26178,5.17305,5.35754,0.143142,4.90308,4.90561,4.94281,5.16438,5.33537,5.41462,5.55947,0.886304,0.397616,0.722151,0.142703,0.260498,0.264511,0.290243,0.438656,0.551285,0.87534,2.0533,-9999,-9999
20131004,-9999,-9999,-9999,-9999,-9999,-9999,-9999,-9999,19.388,16.701,1.838,22.075,4.385,19.388,0.0,16.701,1.838,0.0,22.075,4.385,0.0,314.314,-9999,-9999,229.161,229.161,0.0,-9999,-9999,312.22,312.22,0.0,-9999,-9999,308.333,308.333,0.0,-9999,-9999,18.398,18.398,0.0,101.816,101.816,0.0,0.0,0.0,0.0,4.563,4.563,0.0,-9999,0.0,-9999,0.0,-9999,0.0,-9999,0.0,-9999,0.0,-9999,0.0,-9999,-9999,-9999,-9999,-9999,-9999,-9999,1.0,49.8512,0.0,80.7533,-9999,-9999,-9999,-9999,81.0666,0.0,131.319,-9999,-9999,-9999,-9999,11.0,3,24,24,0,0,4.04748,0.0,-9999,-9999,4.04092,0.0,-9999,-9999,3.92768,0.0,0.048317,3.20835,3.57622,3.9808,4.04863,4.05554,4.12192,4.12692,0.0,0.0,0.0,0.0,0.0,0.0,0.0,4.32872,0.24525,0.0,-9999,-9999,3.47197,0.559132,0.0,-9999,-9999,4.31607,0.245276,0.0,-9999,-9999,3.47197,0.559132,0.0,-9999,-9999,3.97724,4.10153,4.26147,4.26147,4.32157,4.37672,4.39793,0.0,0.0,0.0,0.0,0.0,0.0,0.0,2.20619,2.7909,3.36422,3.54142,3.54142,3.55586,3.56886,0.0,0.0,0.0,0.0,0.0,0.0,0.0,6.17087,6.03574,6.29293,0.0547141,5.95501,6.00264,6.0345,6.12216,6.43929,6.86074,6.87915,2.11582,1.99483,2.36541,0.0640005,1.93414,1.96103,1.99533,2.08559,2.74948,2.80284,2.9482,5.38205,5.29893,5.59084,0.172869,5.00102,5.01431,5.05552,5.3192,5.64581,5.74058,5.81627,0.885417,0.244707,0.608873,0.148098,0.136988,0.139693,0.16064,0.283668,0.404781,0.874416,2.05483,-9999,-9999
20131005,-9999,-9999,-9999,-9999,-9999,-9999,-9999,-9999,18.313,15.127,3.638,21.5,6.028,18.313,0.0,15.127,3.638,0.0,21.5,6.028,0.0,311.578,-9999,-9999,227.429,227.429,0.0,-9999,-9999,313.061,313.061,0.0,-9999,-9999,309.314,309.314,0.0,-9999,-9999,16.589,16.589,0.0,102.184,102.184,0.0,0.0,0.0,0.0,2.277,2.277,0.0,-9999,0.0,-9999,0.0,-9999,0.0,-9999,0.0,-9999,0.0,-9999,0.0,-9999,-9999,-9999,-9999,-9999,-9999,-9999,1.0,39.2804,0.0,63.673,-9999,-9999,-9999,-9999,71.8801,0.0,116.517,-9999,-9999,-9999,-9999,11.0,3,24,24,0,0,4.00413,0.0,-9999,-9999,4.00519,0.0,-9999,-9999,3.91822,0.0,0.0453276,3.1548,3.61641,4.00413,4.01533,4.01533,4.11297,4.1296,0.0,0.0,0.0,0.0,0.0,0.0,0.0,4.31033,0.219326,0.0,-9999,-9999,3.40681,0.98364,0.0,-9999,-9999,4.31033,0.219326,0.0,-9999,-9999,3.40884,0.986064,0.0,-9999,-9999,3.97724,4.09109,4.2647,4.2647,4.31033,4.36054,4.36943,0.0,0.0,0.0,0.0,0.0,0.0,0.0,2.10298,2.87879,3.40681,3.47401,3.47401,3.55747,3.58952,0.0,0.0,0.0,0.0,0.0,0.0,0.0,5.92998,5.81169,6.0396,0.0485638,5.74137,5.78282,5.8106,5.88725,6.16703,6.54437,6.56098,1.91841,1.8065,2.12138,0.0555289,1.75379,1.77362,1.80799,1.87484,2.45457,2.48832,2.59836,5.28885,5.2021,5.44194,0.158991,4.92402,4.92951,4.96816,5.2054,5.46179,5.55677,5.58947,0.881588,0.271224,0.626651,0.145766,0.171379,0.174453,0.192727,0.310785,0.416311,0.870694,2.0409,-9999,-9999
20131006,-9999,-9999,-9999,-9999,-9999,-9999,-9999,-9999,19.164,15.796,4.206,22.532,6.667,19.164,0.0,15.796,4.206,0.0,22.532,6.667,0.0,308.84,-9999,-9999,215.624,215.624,0.0,-9999,-9999,322.856,322.856,0.0,-9999,-9999,320.73,320.73,0.0,-9999,-9999,16.948,16.948,0.0,101.862,101.862,0.0,0.0,0.0,0.0,1.954,1.954,0.0,-9999,0.0,-9999,0.0,-9999,0.0,-9999,0.0,-9999,0.0,-9999,0.0,-9999,-9999,-9999,-9999,-9999,-9999,-9999,1.0,49.5623,0.0,80.0436,-9999,-9999,-9999,-9999,72.6191,0.0,117.28,-9999,-9999,-9999,-9999,11.0,3,24,24,0,0,4.30873,0.0,-9999,-9999,4.35726,0.0,-9999,-9999,4.13409,0.0,0.0673315,3.1519,3.59588,3.99205,4.3163,4.41991,4.41991,4.51356,0.0,0.0,0.0,0.0,0.0,0.0,0.0,4.31006,0.223981,0.0,-9999,-9999,3.99413,0.645795,0.0,-9999,-9999,4.29761,0.222433,0.0,-9999,-9999,4.10012,0.565141,0.0,-9999,-9999,3.97724,4.10153,4.2484,4.25464,4.30795,4.38313,4.39793,0.0,0.0,0.0,0.0,0.0,0.0,0.0,2.09739,2.8288,3.38591,3.99413,4.26383,4.26383,4.4455,0.0,0.0,0.0,0.0,0.0,0.0,0.0,6.14442,6.00407,6.27609,0.0580443,5.92083,5.96988,6.00278,6.09368,6.42691,6.87972,6.89974,1.82812,1.6468,2.14216,0.0950763,1.45632,1.53257,1.62186,1.70232,2.74645,2.79527,2.95588,5.3502,5.26649,5.56898,0.176842,4.97371,4.98752,5.02565,5.28372,5.61289,5.77091,5.80195,0.860146,0.237571,0.585189,0.140051,0.151518,0.154338,0.16981,0.27759,0.378394,0.850162,1.94667,-9999,-9999
20131007,-9999,-9999,-9999,-9999,-9999,-9999,-9999,-9999,18.5,15.347,2.121,21.653,5.523,18.5,0.0,15.347,2.121,0.0,21.653,5.523,0.0,306.102,-9999,-9999,211.63,211.63,0.0,-9999,-9999,326.242,326.242,0.0,-9999,-9999,324.676,324.676,0.0,-9999,-9999,14.68,14.68,0.0,101.419,101.419,0.0,0.0,0.0,0.0,2.092,2.092,0.0,-9999,-9999,-9999,-9999,-9999,-9999,-9999,-9999,-9999,-9999,-9999,-9999,-9999,-9999,-9999,-9999,-9999,-9999,-9999,1.0,49.8512,0.0,80.1441,-9999,-9999,-9999,-9999,81.0666,0.0,130.328,-9999,-9999,-9999,-9999,11.0,3,24,24,0,0,4.04748,0.0,-9999,-9999,4.04092,0.0,-9999,-9999,3.92768,0.0,0.048317,3.20835,3.57622,3.9808,4.04863,4.05554,4.12192,4.12692,0.0,0.0,0.0,0.0,0.0,0.0,0.0,4.32872,0.24525,0.0,-9999,-9999,3.47197,0.559132,0.0,-9999,-9999,4.31607,0.245276,0.0,-9999,-9999,3.47197,0.559132,0.0,-9999,-9999,3.97724,4.10153,4.26147,4.26147,4.32157,4.37672,4.39793,0.0,0.0,0.0,0.0,0.0,0.0,0.0,2.20619,2.7909,3.36422,3.54142,3.54142,3.55586,3.56886,0.0,0.0,0.0,0.0,0.0,0.0,0.0,5.96532,5.8463,6.07421,0.0485181,5.77535,5.81719,5.8452,5.92238,6.20277,6.57814,6.5946,1.91027,1.80538,2.14669,0.0599778,1.74937,1.77474,1.80582,1.88541,2.49535,2.60108,2.68955,5.30809,5.22191,5.46547,0.15974,4.94019,4.94765,4.9862,5.22797,5.48509,5.58957,5.61032,0.848071,0.288809,0.617422,0.136058,0.185404,0.188717,0.207777,0.330007,0.430542,0.838293,1.91334,-9999,-9999
20131008,-9999,-9999,-9999,-9999,-9999,-9999,-9999,-9999,16.81,13.703,2.353,19.918,4.928,16.81,0.0,13.703,2.353,0.0,19.918,4.928,0.0,303.364,-9999,-9999,208.784,208.784,0.0,-9999,-9999,324.039,324.039,0.0,-9999,-9999,322.109,322.109,0.0,-9999,-9999,11.306,11.306,0.0,100.984,100.984,0.0,0.0,0.0,0.0,2.735,2.735,0.0,-9999,0.0,-9999,0.0,-9999,0.0,-9999,0.0,-9999,0.0,-9999,0.0,-9999,-9999,-9999,-9999,-9999,-9999,-9999,1.0,39.2804,0.0,62.8537,-9999,-9999,-9999,-9999,71.8801,0.0,115.018,-9999,-9999,-9999,-9999,11.0,3,24,24,0,0,4.00413,0.0,-9999,-9999,4.00519,0.0,-9999,-9999,3.91822,0.0,0.0453276,3.1548,3.61641,4.00413,4.01533,4.01533,4.11297,4.1296,0.0,0.0,0.0,0.0,0.0,0.0,0.0,4.31033,0.219326,0.0,-9999,-9999,3.40681,0.98364,0.0,-9999,-9999,4.31033,0.219326,0.0,-9999,-9999,3.40884,0.986064,0.0,-9999,-9999,3.97724,4.09109,4.2647,4.2647,4.31033,4.36054,4.36943,0.0,0.0,0.0,0.0,0.0,0.0,0.0,2.10298,2.87879,3.40681,3.47401,3.47401,3.55747,3.58952,0.0,0.0,0.0,0.0,0.0,0.0,0.0,5.55752,5.47559,5.63205,0.0332514,5.4267,5.45554,5.47483,5.52797,5.72061,5.97744,5.98867,1.54595,1.4704,1.71383,0.0474777,1.428,1.44446,1.47176,1.51466,1.89459,2.03829,2.19251,5.17659,5.08451,5.22014,0.130901,4.82328,4.83276,4.8583,5.06268,5.17969,5.21449,5.46669,0.8517,0.417405,0.710445,0.130641,0.288886,0.293079,0.316193,0.452967,0.556084,0.842115,1.89595,-9999,-9999
20131009,-9999,-9999,-9999,-9999,-9999,-9999,-9999,-9999,15.208,13.252,1.608,17.163,3.799,15.208,0.0,13.252,1.608,0.0,17.163,3.799,0.0,300.628,-9999,-9999,173.721,173.721,0.0,-9999,-9999,328.582,328.582,0.0,-9999,-9999,327.404,327.404,0.0,-9999,-9999,8.924,8.924,0.0,100.408,100.408,0.0,0.084,0.084,0.0,2.58,2.58,0.0,-9999,0.0,-9999,0.0,-9999,0.0,-9999,0.0,-9999,0.0,-9999,0.0,-9999,-9999,-9999,-9999,-9999,-9999,-9999,1.0,49.5623,0.0,78.9073,-9999,-9999,-9999,-9999,72.6191,0.0,115.616,-9999,-9999,-9999,-9999,11.0,3,24,24,0,0,4.30873,0.0,-9999,-9999,4.35726,0.0,-9999,-9999,4.13409,0.0,0.0673315,3.1519,3.59588,3.99205,4.3163,4.41991,4.41991,4.51356,0.0,0.0,0.0,0.0,0.0,0.0,0.0,4.31006,0.223981,0.0,-9999,-9999,3.99413,0.645795,0.0,-9999,-9999,4.29761,0.222433,0.0,-9999,-9999,4.10012,0.565141,0.0,-9999,-9999,3.97724,4.10153,4.2484,4.25464,4.30795,4.38313,4.39793,0.0,0.0,0.0,0.0,0.0,0.0,0.0,2.09739,2.8288,3.38591,3.99413,4.26383,4.26383,4.4455,0.0,0.0,0.0,0.0,0.0,0.0,0.0,5.16351,5.11891,5.20283,0.0177323,5.09214,5.10795,5.1185,5.14746,5.25126,5.3869,5.39276,0.847208,0.76165,1.0689,0.0721777,0.59439,0.676815,0.70816,0.767022,1.3076,1.62007,1.86427,5.05474,4.95698,4.98506,0.105012,4.36251,4.73354,4.73486,4.83585,4.91392,5.07186,5.33347,0.79662,0.551996,0.763092,0.105554,0.427375,0.432696,0.452949,0.565525,0.694749,0.790104,1.61512,-9999,-9999
20131010,-9999,-9999,-9999,-9999,-9999,-9999,-9999,-9999,15.205,12.918,1.439,17.493,4.189,15.205,0.0,12.918,1.439,0.0,17.493,4.189,0.0,297.893,-9999,-9999,207.849,207.849,0.0,-9999,-9999,317.34,317.34,0.0,-9999,-9999,314.301,314.301,0.0,-9999,-9999,9.318,9.318,0.0,101.227,101.227,0.0,0.0,0.0,0.0,2.76,2.76,0.0,-9999,0.0,-9999,0.0,-9999,0.0,-9999,0.0,-9999,0.0,-9999,0.0,-9999,-9999,-9999,-9999,-9999,-9999,-9999,1.0,49.8512,0.0,78.966,-9999,-9999,-9999,-9999,81.0666,0.0,128.412,-9999,-9999,-9999,-9999,11.0,3,24,24,0,0,4.04748,0.0,-9999,-9999,4.04092,0.0,-9999,-9999,3.92768,0.0,0.048317,3.20835,3.57622,3.9808,4.04863,4.05554,4.12192,4.12692,0.0,0.0,0.0,0.0,0.0,0.0,0.0,4.32872,0.24525,0.0,-9999,-9999,3.47197,0.559132,0.0,-9999,-9999,4.31607,0.245276,0.0,-9999,-9999,3.47197,0.559132,0.0,-9999,-9999,3.97724,4.10153,4.26147,4.26147,4.32157,4.37672,4.39793,0.0,0.0,0.0,0.0,0.0,0.0,0.0,2.20619,2.7909,3.36422,3.54142,3.54142,3.55586,3.56886,0.0,0.0,0.0,0.0,0.0,0.0,0.0,5.16691,5.12108,5.20787,0.0183644,5.09363,5.10983,5.12065,5.1504,5.25754,5.39863,5.40476,1.11186,1.08016,1.28036,0.047619,1.04505,1.0582,1.07792,1.11164,1.32998,1.64479,1.86809,5.05278,4.95505,4.98613,0.105742,4.3765,4.73176,4.73307,4.83714,4.91205,5.0699,5.3314,0.843325,0.554654,0.808376,0.124805,0.417188,0.422124,0.444998,0.576346,0.694707,0.83375,1.88471,-9999,-9999
20131011,-9999,-9999,-9999,-9999,-9999,-9999,-9999,-9999,14.341,11.394,2.144,17.288,4.291,14.341,0.0,11.394,2.144,0.0,17.288,4.291,0.0,295.163,-9999,-9999,206.536,206.536,0.0,-9999,-9999,318.84,318.84,0.0,-9999,-9999,316.049,316.049,0.0,-9999,-9999,7.162,7.162,0.0,101.741,101.741,0.0,0.0,0.0,0.0,2.318,2.318,0.0,-9999,0.0,-9999,0.0,-9999,0.0,-9999,0.0,-9999,0.0,-9999,0.0,-9999,-9999,-9999,-9999,-9999,-9999,-9999,1.0,39.2804,0.0,61.7757,-9999,-9999,-9999,-9999,71.8801,0.0,113.045,-9999,-9999,-9999,-9999,11.0,3,24,24,0,0,4.00413,0.0,-9999,-9999,4.00519,0.0,-9999,-9999,3.91822,0.0,0.0453276,3.1548,3.61641,4.00413,4.01533,4.01533,4.11297,4.1296,0.0,0.0,0.0,0.0,0.0,0.0,0.0,4.31033,0.219326,0.0,-9999,-9999,3.40681,0.98364,0.0,-9999,-9999,4.31033,0.219326,0.0,-9999,-9999,3.40884,0.986064,0.0,-9999,-9999,3.97724,4.09109,4.2647,4.2647,4.31033,4.36054,4.36943,0.0,0.0,0.0,0.0,0.0,0.0,0.0,2.10298,2.87879,3.40681,3.47401,3.47401,3.55747,3.58952,0.0,0.0,0.0,0.0,0.0,0.0,0.0,4.97453,4.94226,5.0051,0.0133208,4.92316,4.93441,4.94196,4.96286,5.03965,5.14402,5.14863,0.962965,0.937067,1.08688,0.0433264,0.908948,0.917837,0.934453,0.948326,1.07153,1.3968,1.59401,4.97802,4.87741,4.86653,0.0971975,4.15047,4.60086,4.63768,4.69272,4.82332,4.97874,5.25,0.839234,0.592901,0.834764,0.122574,0.458177,0.463309,0.484562,0.610013,0.748339,0.829723,1.87344,-9999,-9999
20131012,-9999,-9999,-9999,-9999,-9999,-9999,-9999,-9999,14.439,11.577,1.752,17.3,4.78,14.439,0.0,11.577,1.752,0.0,17.3,4.78,0.0,292.436,-9999,-9999,204.245,204.245,0.0,-9999,-9999,316.267,316.267,0.0,-9999,-9999,313.05,313.05,0.0,-9999,-9999,7.68,7.68,0.0,101.478,101.478,0.0,0.0,0.0,0.0,2.429,2.429,0.0,-9999,0.0,-9999,0.0,-9999,0.0,-9999,0.0,-9999,0.0,-9999,0.0,-9999,-9999,-9999,-9999,-9999,-9999,-9999,1.0,49.5623,0.0,77.3835,-9999,-9999,-9999,-9999,72.6191,0.0,113.383,-9999,-9999,-9999,-9999,11.0,3,24,24,0,0,4.30873,0.0,-9999,-9999,4.35726,0.0,-9999,-9999,4.13409,0.0,0.0673315,3.1519,3.59588,3.99205,4.3163,4.41991,4.41991,4.51356,0.0,0.0,0.0,0.0,0.0,0.0,0.0,4.31006,0.223981,0.0,-9999,-9999,3.99413,0.645795,0.0,-9999,-9999,4.29761,0.222433,0.0,-9999,-9999,4.10012,0.565141,0.0,-9999,-9999,3.97724,4.10153,4.2484,4.25464,4.30795,4.38313,4.39793,0.0,0.0,0.0,0.0,0.0,0.0,0.0,2.09739,2.8288,3.38591,3.99413,4.26383,4.26383,4.4455,0.0,0.0,0.0,0.0,0.0,0.0,0.0,4.99799,4.96354,5.03061,0.0142242,4.94315,4.95516,4.96323,4.98553,5.06748,5.17893,5.18385,0.681693,0.606279,0.896682,0.0709127,0.441608,0.52473,0.548746,0.608761,1.12383,1.44338,1.69571,4.98552,4.88525,4.88067,0.098476,4.18344,4.62433,4.65017,4.69867,4.83244,4.98607,5.2582,0.834907,0.557269,0.805013,0.122544,0.421476,0.426468,0.448958,0.577632,0.698934,0.825551,1.85524,-9999,-9999
20131013,-9999,-9999,-9999,-9999,-9999,-9999,-9999,-9999,15.308,12.658,2.924,18.188,4.853,15.308,0.0,12.658,2.924,0.0,18.188,4.853,0.0,289.715,-9999,-9999,202.672,202.672,0.0,-9999,-9999,318.475,318.475,0.0,-9999,-9999,315.623,315.623,0.0,-9999,-9999,9.409,9.409,0.0,101.561,101.561,0.0,0.0,0.0,0.0,3.208,3.208,0.0,-9999,0.0,-9999,0.0,-9999,0.0,-9999,0.0,-9999,0.0,-9999,0.0,-9999,-9999,-9999,-9999,-9999,-9999,-9999,1.0,49.8512,0.0,77.4333,-9999,-9999,-9999,-9999,81.0666,0.0,125.92,-9999,-9999,-9999,-9999,11.0,3,25,23,0,0,4.04748,0.0,-9999,-9999,4.04092,0.0,-9999,-9999,3.92768,0.0,0.048317,3.20835,3.57622,3.9808,4.04863,4.05554,4.12192,4.12692,0.0,0.0,0.0,0.0,0.0,0.0,0.0,4.33164,0.240529,0.0,-9999,-9999,3.43154,0.534641,0.0,-9999,-9999,4.31949,0.240721,0.0,-9999,-9999,3.43154,0.534641,0.0,-9999,-9999,3.98574,4.11296,4.26708,4.26708,4.32477,4.37772,4.39808,0.0,0.0,0.0,0.0,0.0,0.0,0.0,2.11994,2.72149,3.31912,3.50402,3.50402,3.51909,3.53265,0.0,0.0,0.0,0.0,0.0,0.0,0.0,5.2029,5.1512,5.25062,0.021104,5.12044,5.13857,5.15072,5.18423,5.30632,5.47016,5.47735,1.14785,1.11028,1.3231,0.0480961,1.07356,1.08786,1.10938,1.14562,1.37876,1.68824,1.90601,5.05577,4.95851,5.00495,0.109375,4.45177,4.73368,4.73506,4.85956,4.91716,5.0743,5.33485,0.830999,0.49131,0.753744,0.12398,0.357075,0.361657,0.384994,0.519042,0.619339,0.821746,1.84222,-9999,-9999
20131014,-9999,-9999,-9999,-9999,-9999,-9999,-9999,-9999,15.448,12.453,3.24,18.704,5.826,15.448,0.0,12.453,3.24,0.0,18.704,5.826,0.0,286.999,-9999,-9999,201.854,201.854,0.0,-9999,-9999,317.665,317.665,0.0,-9999,-9999,314.679,314.679,0.0,-9999,-9999,10.847,10.847,0.0,101.863,101.863,0.0,0.0,0.0,0.0,2.902,2.902,0.0,-9999,-9999,-9999,-9999,-9999,-9999,-9999,-9999,-9999,-9999,-9999,-9999,-9999,-9999,-9999,-9999,-9999,-9999,-9999,1.0,39.2804,0.0,60.6976,-9999,-9999,-9999,-9999,71.8801,0.0,111.072,-9999,-9999,-9999,-9999,11.0,3,25,23,0,0,4.00413,0.0,-9999,-9999,4.00519,0.0,-9999,-9999,3.91822,0.0,0.0453276,3.1548,3.61641,4.00413,4.01533,4.01533,4.11297,4.1296,0.0,0.0,0.0,0.0,0.0,0.0,0.0,4.30551,0.216056,0.0,-9999,-9999,3.37277,0.991184,0.0,-9999,-9999,4.30551,0.216056,0.0,-9999,-9999,3.37489,0.993774,0.0,-9999,-9999,3.98574,4.09504,4.26171,4.26171,4.30551,4.35372,4.36224,0.0,0.0,0.0,0.0,0.0,0.0,0.0,2.01225,2.82179,3.37277,3.44289,3.44289,3.52998,3.56342,0.0,0.0,0.0,0.0,0.0,0.0,0.0,5.24692,5.18879,5.30188,0.0240668,5.15438,5.17465,5.18826,5.22589,5.36421,5.55252,5.56084,1.23535,1.1836,1.38366,0.0445172,1.14812,1.16232,1.18487,1.212,1.46188,1.70017,1.87456,5.06206,4.96538,5.02895,0.113543,4.53692,4.73835,4.73987,4.88847,4.92614,5.08247,5.34189,0.828427,0.40563,0.689498,0.1265,0.279185,0.283332,0.306335,0.441493,0.542754,0.81922,1.83513,-9999,-9999
20131015,-9999,-9999,-9999,-9999,-9999,-9999,-9999,-9999,16.257,13.084,3.24,19.705,6.282,16.257,0.0,13.084,3.24,0.0,19.705,6.282,0.0,284.29,-9999,-9999,203.617,203.617,0.0,-9999,-9999,313.943,313.943,0.0,-9999,-9999,310.341,310.341,0.0,-9999,-9999,13.035,13.035,0.0,101.648,101.648,0.0,0.0,0.0,0.0,3.25,3.25,0.0,-9999,0.0,-9999,0.0,-9999,0.0,-9999,0.0,-9999,0.0,-9999,0.0,-9999,-9999,-9999,-9999,-9999,-9999,-9999,1.0,49.5623,0.0,76.0908,-9999,-9999,-9999,-9999,72.6191,0.0,111.489,-9999,-9999,-9999,-9999,11.0,3,25,23,0,0,4.30873,0.0,-9999,-9999,4.35726,0.0,-9999,-9999,4.13409,0.0,0.0673315,3.1519,3.59588,3.99205,4.3163,4.41991,4.41991,4.51356,0.0,0.0,0.0,0.0,0.0,0.0,0.0,4.31372,0.220029,0.0,-9999,-9999,3.97641,0.654316,0.0,-9999,-9999,4.30177,0.218742,0.0,-9999,-9999,4.08701,0.574099,0.0,-9999,-9999,3.98574,4.11296,4.25453,4.26052,4.3117,4.38387,4.39808,0.0,0.0,0.0,0.0,0.0,0.0,0.0,2.00642,2.76104,3.34174,3.97641,4.25783,4.25783,4.44741,0.0,0.0,0.0,0.0,0.0,0.0,0.0,5.44053,5.36498,5.51161,0.0312323,5.32021,5.34659,5.36429,5.41321,5.5927,5.83666,5.84745,1.12423,1.00772,1.37768,0.0782907,0.833036,0.913493,0.966198,1.0216,1.72742,1.93504,2.1512,5.12541,5.03153,5.14592,0.125947,4.77498,4.79017,4.80917,4.98863,5.06719,5.15619,5.41106,0.829219,0.339895,0.643347,0.129575,0.229569,0.233184,0.252951,0.377055,0.479106,0.819846,1.84806,-9999,-9999
20131016,-9999,-9999,-9999,-9999,-9999,-9999,-9999,-9999,17.348,14.453,4.694,20.493,6.304,17.348,0.0,14.453,4.694,0.0,20.493,6.304,0.0,281.59,-9999,-9999,198.903,198.903,0.0,-9999,-9999,318.728,318.728,0.0,-9999,-9999,315.919,315.919,0.0,-9999,-9999,14.952,14.952,0.0,101.811,101.811,0.0,0.0,0.0,0.0,2.435,2.435,0.0,-9999,0.0,-9999,0.0,-9999,0.0,-9999,0.0,-9999,0.0,-9999,0.0,-9999,-9999,-9999,-9999,-9999,-9999,-9999,1.0,49.8512,0.0,76.228,-9999,-9999,-9999,-9999,81.0666,0.0,123.96,-9999,-9999,-9999,-9999,11.0,3,25,23,0,0,4.04748,0.0,-9999,-9999,4.04092,0.0,-9999,-9999,3.92768,0.0,0.048317,3.20835,3.57622,3.9808,4.04863,4.05554,4.12192,4.12692,0.0,0.0,0.0,0.0,0.0,0.0,0.0,4.33164,0.240529,0.0,-9999,-9999,3.43154,0.534641,0.0,-9999,-9999,4.31949,0.240721,0.0,-9999,-9999,3.43154,0.534641,0.0,-9999,-9999,3.98574,4.11296,4.26708,4.26708,4.32477,4.37772,4.39808,0.0,0.0,0.0,0.0,0.0,0.0,0.0,2.11994,2.72149,3.31912,3.50402,3.50402,3.51909,3.53265,0.0,0.0,0.0,0.0,0.0,0.0,0.0,5.70609,5.60616,5.79964,0.0412386,5.54688,5.58181,5.60524,5.66996,5.90708,6.22858,6.24277,1.65104,1.56524,1.87213,0.0557646,1.51481,1.53834,1.56561,1.63253,2.13972,2.26197,2.42443,5.20978,5.11976,5.30484,0.144271,4.85583,4.86121,4.89405,5.10577,5.26197,5.34775,5.50326,0.820509,0.277337,0.590479,0.129161,0.175362,0.178582,0.197585,0.31803,0.416889,0.811482,1.81039,-9999,-9999
20131017,-9999,-9999,-9999,-9999,-9999,-9999,-9999,-9999,17.059,14.098,2.491,20.278,6.047,17.059,0.0,14.098,2.491,0.0,20.278,6.047,0.0,278.899,-9999,-9999,196.961,196.961,0.0,-9999,-9999,320.137,320.137,0.0,-9999,-9999,317.561,317.561,0.0,-9999,-9999,13.117,13.117,0.0,101.699,101.699,0.0,0.0,0.0,0.0,2.477,2.477,0.0,-9999,0.0,-9999,0.0,-9999,0.0,-9999,0.0,-9999,0.0,-9999,0.0,-9999,-9999,-9999,-9999,-9999,-9999,-9999,1.0,39.2804,0.0,59.9828,-9999,-9999,-9999,-9999,71.8801,0.0,109.764,-9999,-9999,-9999,-9999,11.0,3,25,23,0,0,4.00413,0.0,-9999,-9999,4.00519,0.0,-9999,-9999,3.91822,0.0,0.0453276,3.1548,3.61641,4.00413,4.01533,4.01533,4.11297,4.1296,0.0,0.0,0.0,0.0,0.0,0.0,0.0,4.30551,0.216056,0.0,-9999,-9999,3.37277,0.991184,0.0,-9999,-9999,4.30551,0.216056,0.0,-9999,-9999,3.37489,0.993774,0.0,-9999,-9999,3.98574,4.09504,4.26171,4.26171,4.30551,4.35372,4.36224,0.0,0.0,0.0,0.0,0.0,0.0,0.0,2.01225,2.82179,3.37277,3.44289,3.44289,3.52998,3.56342,0.0,0.0,0.0,0.0,0.0,0.0,0.0,5.62353,5.53401,5.70605,0.0366126,5.48073,5.51215,5.53319,5.59121,5.80257,6.0866,6.09908,1.61196,1.52882,1.78783,0.0489489,1.4843,1.50146,1.53021,1.57809,2.00709,2.1247,2.26097,5.19295,5.10178,5.25853,0.136547,4.83993,4.84789,4.87414,5.08361,5.23405,5.26445,5.48465,0.816492,0.319891,0.619204,0.126533,0.20992,0.213494,0.233796,0.359704,0.459341,0.807594,1.79466,-9999,-9999
20131018,-9999,-9999,-9999,-9999,-9999,-9999,-9999,-9999,17.354,14.952,3.846,19.964,6.732,17.354,0.0,14.952,3.846,0.0,19.964,6.732,0.0,276.218,-9999,-9999,195.134,195.134,0.0,-9999,-9999,319.893,319.893,0.0,-9999,-9999,317.277,317.277,0.0,-9999,-9999,13.044,13.044,0.0,101.67,101.67,0.0,0.0,0.0,0.0,1.948,1.948,0.0,-9999,0.0,-9999,0.0,-9999,0.0,-9999,0.0,-9999,0.0,-9999,0.0,-9999,-9999,-9999,-9999,-9999,-9999,-9999,1.0,49.5623,0.0,75.6837,-9999,-9999,-9999,-9999,72.6191,0.0,110.892,-9999,-9999,-9999,-9999,11.0,3,25,23,0,0,4.30873,0.0,-9999,-9999,4.35726,0.0,-9999,-9999,4.13409,0.0,0.0673315,3.1519,3.59588,3.99205,4.3163,4.41991,4.41991,4.51356,0.0,0.0,0.0,0.0,0.0,0.0,0.0,4.31372,0.220029,0.0,-9999,-9999,3.97641,0.654316,0.0,-9999,-9999,4.30177,0.218742,0.0,-9999,-9999,4.08701,0.574099,0.0,-9999,-9999,3.98574,4.11296,4.25453,4.26052,4.3117,4.38387,4.39808,0.0,0.0,0.0,0.0,0.0,0.0,0.0,2.00642,2.76104,3.34174,3.97641,4.25783,4.25783,4.44741,0.0,0.0,0.0,0.0,0.0,0.0,0.0,5.7018,5.60363,5.793,0.0403373,5.54531,5.57968,5.60273,5.66633,5.8987,6.2124,6.22621,1.3855,1.24637,1.65907,0.083409,1.06613,1.1451,1.2116,1.26775,2.11128,2.23514,2.41955,5.2129,5.12285,5.3037,0.143016,4.85874,4.86403,4.89698,5.1088,5.26065,5.34255,5.50657,0.812043,0.334062,0.62693,0.1249,0.223608,0.227258,0.247351,0.372626,0.472173,0.803259,1.77953,-9999,-9999
20131019,-9999,-9999,-9999,-9999,-9999,-9999,-9999,-9999,17.516,14.975,3.218,20.277,6.494,17.516,0.0,14.975,3.218,0.0,20.277,6.494,0.0,273.548,-9999,-9999,193.303,193.303,0.0,-9999,-9999,320.352,320.352,0.0,-9999,-9999,317.811,317.811,0.0,-9999,-9999,12.596,12.596,0.0,101.745,101.745,0.0,0.0,0.0,0.0,1.634,1.634,0.0,-9999,0.0,-9999,0.0,-9999,0.0,-9999,0.0,-9999,0.0,-9999,0.0,-9999,-9999,-9999,-9999,-9999,-9999,-9999,1.0,49.8512,0.0,76.0993,-9999,-9999,-9999,-9999,81.0666,0.0,123.751,-9999,-9999,-9999,-9999,11.0,3,25,23,0,0,4.04748,0.0,-9999,-9999,4.04092,0.0,-9999,-9999,3.92768,0.0,0.048317,3.20835,3.57622,3.9808,4.04863,4.05554,4.12192,4.12692,0.0,0.0,0.0,0.0,0.0,0.0,0.0,4.33164,0.240529,0.0,-9999,-9999,3.43154,0.534641,0.0,-9999,-9999,4.31949,0.240721,0.0,-9999,-9999,3.43154,0.534641,0.0,-9999,-9999,3.98574,4.11296,4.26708,4.26708,4.32477,4.37772,4.39808,0.0,0.0,0.0,0.0,0.0,0.0,0.0,2.11994,2.72149,3.31912,3.50402,3.50402,3.51909,3.53265,0.0,0.0,0.0,0.0,0.0,0.0,0.0,5.73578,5.63567,5.82824,0.0410028,5.5761,5.61122,5.63474,5.69963,5.93617,6.2544,6.26839,1.68073,1.59475,1.90072,0.0556392,1.54419,1.56778,1.59512,1.6622,2.165,2.29113,2.45412,5.22769,5.13815,5.32543,0.144638,4.87263,4.87645,4.91084,5.1261,5.28968,5.37519,5.52264,0.807722,0.33867,0.627513,0.123642,0.227255,0.230951,0.251273,0.376928,0.477211,0.799052,1.76444,-9999,-9999
20131020,-9999,-9999,-9999,-9999,-9999,-9999,-9999,-9999,16.979,14.107,2.499,20.1,6.385,16.979,0.0,14.107,2.499,0.0,20.1,6.385,0.0,270.89,-9999,-9999,192.269,192.269,0.0,-9999,-9999,316.87,316.87,0.0,-9999,-9999,313.753,313.753,0.0,-9999,-9999,11.098,11.098,0.0,101.496,101.496,0.0,0.0,0.0,0.0,1.874,1.874,0.0,-9999,0.0,-9999,0.0,-9999,0.0,-9999,0.0,-9999,0.0,-9999,0.0,-9999,-9999,-9999,-9999,-9999,-9999,-9999,1.0,39.2804,0.0,60.1236,-9999,-9999,-9999,-9999,71.8801,0.0,110.022,-9999,-9999,-9999,-9999,11.0,3,25,23,0,0,4.00413,0.0,-9999,-9999,4.00519,0.0,-9999,-9999,3.91822,0.0,0.0453276,3.1548,3.61641,4.00413,4.01533,4.01533,4.11297,4.1296,0.0,0.0,0.0,0.0,0.0,0.0,0.0,4.30551,0.216056,0.0,-9999,-9999,3.37277,0.991184,0.0,-9999,-9999,4.30551,0.216056,0.0,-9999,-9999,3.37489,0.993774,0.0,-9999,-9999,3.98574,4.09504,4.26171,4.26171,4.30551,4.35372,4.36224,0.0,0.0,0.0,0.0,0.0,0.0,0.0,2.01225,2.82179,3.37277,3.44289,3.44289,3.52998,3.56342,0.0,0.0,0.0,0.0,0.0,0.0,0.0,5.60601,5.51755,5.68789,0.0362592,5.46495,5.49596,5.51674,5.57407,5.78318,6.06485,6.07724,1.59445,1.51236,1.76967,0.0487853,1.46816,1.48521,1.51375,1.56092,1.98512,2.10592,2.24313,5.18566,5.09423,5.24757,0.135723,4.83308,4.84179,4.86714,5.07501,5.22572,5.2476,5.47673,0.804386,0.380695,0.656943,0.121405,0.267566,0.271491,0.291241,0.413175,0.512032,0.795759,1.75556,-9999,-9999
20131021,-9999,-9999,-9999,-9999,-9999,-9999,-9999,-9999,16.042,13.399,2.678,18.916,6.187,16.042,0.0,13.399,2.678,0.0,18.916,6.187,0.0,268.247,-9999,-9999,187.085,187.085,0.0,-9999,-9999,320.359,320.359,0.0,-9999,-9999,317.819,317.819,0.0,-9999,-9999,9.385,9.385,0.0,101.476,101.476,0.0,0.0,0.0,0.0,1.652,1.652,0.0,-9999,-9999,-9999,-9999,-9999,-9999,-9999,-9999,-9999,-9999,-9999,-9999,-9999,-9999,-9999,-9999,-9999,-9999,-9999,1.0,49.5623,0.0,76.0644,-9999,-9999,-9999,-9999,72.6191,0.0,111.45,-9999,-9999,-9999,-9999,11.0,3,25,23,0,0,4.30873,0.0,-9999,-9999,4.35726,0.0,-9999,-9999,4.13409,0.0,0.0673315,3.1519,3.59588,3.99205,4.3163,4.41991,4.41991,4.51356,0.0,0.0,0.0,0.0,0.0,0.0,0.0,4.31372,0.220029,0.0,-9999,-9999,3.97641,0.654316,0.0,-9999,-9999,4.30177,0.218742,0.0,-9999,-9999,4.08701,0.574099,0.0,-9999,-9999,3.98574,4.11296,4.25453,4.26052,4.3117,4.38387,4.39808,0.0,0.0,0.0,0.0,0.0,0.0,0.0,2.00642,2.76104,3.34174,3.97641,4.25783,4.25783,4.44741,0.0,0.0,0.0,0.0,0.0,0.0,0.0,5.38279,5.31406,5.44665,0.0282035,5.27322,5.2973,5.31343,5.35796,5.52062,5.74002,5.74968,1.0665,0.956798,1.31272,0.0767561,0.783739,0.864625,0.912649,0.968809,1.62775,1.86889,2.09128,5.11168,5.017,5.11256,0.121099,4.70738,4.77923,4.79587,4.96413,5.0079,5.13969,5.39596,0.794485,0.435437,0.689455,0.116522,0.312282,0.316608,0.338276,0.465223,0.564785,0.786244,1.71369,-9999,-9999
20131022,-9999,-9999,-9999,-9999,-9999,-9999,-9999,-9999,16.407,13.749,2.704,19.296,5.435,16.407,0.0,13.749,2.704,0.0,19.296,5.435,0.0,265.617,-9999,-9999,184.391,184.391,0.0,-9999,-9999,321.886,321.886,0.0,-9999,-9999,319.6,319.6,0.0,-9999,-9999,8.95,8.95,0.0,101.537,101.537,0.0,0.0,0.0,0.0,1.494,1.494,0.0,-9999,0.0,-9999,0.0,-9999,0.0,-9999,0.0,-9999,0.0,-9999,0.0,-9999,-9999,-9999,-9999,-9999,-9999,-9999,1.0,49.8512,0.0,76.6362,-9999,-9999,-9999,-9999,81.0666,0.0,124.624,-9999,-9999,-9999,-9999,10.0,3,25,23,0,0,4.04748,0.0,-9999,-9999,4.04092,0.0,-9999,-9999,3.92768,0.0,0.048317,3.20835,3.57622,3.9808,4.04863,4.05554,4.12192,4.12692,0.0,0.0,0.0,0.0,0.0,0.0,0.0,4.33164,0.240529,0.0,-9999,-9999,3.43154,0.534641,0.0,-9999,-9999,4.31949,0.240721,0.0,-9999,-9999,3.43154,0.534641,0.0,-9999,-9999,3.98574,4.11296,4.26708,4.26708,4.32477,4.37772,4.39808,0.0,0.0,0.0,0.0,0.0,0.0,0.0,2.11994,2.72149,3.31912,3.50402,3.50402,3.51909,3.53265,0.0,0.0,0.0,0.0,0.0,0.0,0.0,5.46325,5.38907,5.53109,0.0301824,5.34486,5.37093,5.38839,5.43648,5.61118,5.84474,5.85497,1.4082,1.34815,1.60357,0.0507152,1.30498,1.32552,1.34843,1.39842,1.74525,1.97513,2.17338,5.14364,5.05017,5.16274,0.125143,4.79214,4.80569,4.8246,5.01164,5.08637,5.17633,5.43074,0.788064,0.454162,0.699059,0.114197,0.329963,0.334434,0.356175,0.480867,0.581894,0.780005,1.69127,-9999,-9999
20131023,-9999,-9999,-9999,-9999,-9999,-9999,-9999,-9999,14.874,11.769,2.102,18.249,5.424,14.874,0.0,11.769,2.102,0.0,18.249,5.424,0.0,263.003,-9999,-9999,182.907,182.907,0.0,-9999,-9999,318.862,318.862,0.0,-9999,-9999,316.074,316.074,0.0,-9999,-9999,7.113,7.113,0.0,101.378,101.378,0.0,0.0,0.0,0.0,2.149,2.149,0.0,-9999,0.0,-9999,0.0,-9999,0.0,-9999,0.0,-9999,0.0,-9999,0.0,-9999,-9999,-9999,-9999,-9999,-9999,-9999,1.0,39.2804,0.0,60.5094,-9999,-9999,-9999,-9999,71.8801,0.0,110.728,-9999,-9999,-9999,-9999,9.0,3,25,23,0,0,4.00413,0.0,-9999,-9999,4.00519,0.0,-9999,-9999,3.91822,0.0,0.0453276,3.1548,3.61641,4.00413,4.01533,4.01533,4.11297,4.1296,0.0,0.0,0.0,0.0,0.0,0.0,0.0,4.30551,0.216056,0.0,-9999,-9999,3.37277,0.991184,0.0,-9999,-9999,4.30551,0.216056,0.0,-9999,-9999,3.37489,0.993774,0.0,-9999,-9999,3.98574,4.09504,4.26171,4.26171,4.30551,4.35372,4.36224,0.0,0.0,0.0,0.0,0.0,0.0,0.0,2.01225,2.82179,3.37277,3.44289,3.44289,3.52998,3.56342,0.0,0.0,0.0,0.0,0.0,0.0,0.0,5.10618,5.0611,5.14909,0.0187066,5.03445,5.05015,5.06069,5.08986,5.19731,5.34407,5.35057,1.09461,1.05591,1.23087,0.043597,1.02416,1.03656,1.05628,1.07565,1.24854,1.54386,1.7297,5.01793,4.9192,4.94503,0.104981,4.34113,4.70239,4.70306,4.78107,4.87223,5.01947,5.29365,0.784425,0.500357,0.730909,0.111614,0.37511,0.379866,0.401044,0.519999,0.624713,0.776467,1.67895,-9999,-9999
20131024,-9999,-9999,-9999,-9999,-9999,-9999,-9999,-9999,12.936,10.049,2.036,16.074,4.46,12.936,0.0,10.049,2.036,0.0,16.074,4.46,0.0,260.405,-9999,-9999,174.395,174.395,0.0,-9999,-9999,319.298,319.298,0.0,-9999,-9999,316.583,316.583,0.0,-9999,-9999,4.702,4.702,0.0,101.653,101.653,0.0,0.0,0.0,0.0,2.68,2.68,0.0,-9999,0.0,-9999,0.0,-9999,0.0,-9999,0.0,-9999,0.0,-9999,0.0,-9999,-9999,-9999,-9999,-9999,-9999,-9999,1.0,49.5623,0.0,76.4112,-9999,-9999,-9999,-9999,72.6191,0.0,111.958,-9999,-9999,-9999,-9999,8.0,3,25,23,0,0,4.30873,0.0,-9999,-9999,4.35726,0.0,-9999,-9999,4.13409,0.0,0.0673315,3.1519,3.59588,3.99205,4.3163,4.41991,4.41991,4.51356,0.0,0.0,0.0,0.0,0.0,0.0,0.0,4.31372,0.220029,0.0,-9999,-9999,3.97641,0.654316,0.0,-9999,-9999,4.30177,0.218742,0.0,-9999,-9999,4.08701,0.574099,0.0,-9999,-9999,3.98574,4.11296,4.25453,4.26052,4.3117,4.38387,4.39808,0.0,0.0,0.0,0.0,0.0,0.0,0.0,2.00642,2.76104,3.34174,3.97641,4.25783,4.25783,4.44741,0.0,0.0,0.0,0.0,0.0,0.0,0.0,4.65486,4.64684,4.66566,0.00403388,4.64455,4.6454,4.64687,4.65186,4.67341,4.70851,4.71018,0.338562,0.289575,0.531728,0.068149,0.131162,0.221653,0.226554,0.284651,0.718134,1.06964,1.34441,4.85941,4.75407,4.66958,0.0846221,3.75769,4.31593,4.52352,4.57212,4.68177,4.85941,5.12079,0.767023,0.625763,0.814114,0.101729,0.518434,0.521999,0.539024,0.625798,0.757516,0.770176,1.60807,-9999,-9999
20131025,-9999,-9999,-9999,-9999,-9999,-9999,-9999,-9999,14.148,11.523,3.241,17.002,5.162,14.148,0.0,11.523,3.241,0.0,17.002,5.162,0.0,257.824,-9999,-9999,173.59,173.59,0.0,-9999,-9999,318.852,318.852,0.0,-9999,-9999,316.063,316.063,0.0,-9999,-9999,6.416,6.416,0.0,102.022,102.022,0.0,0.0,0.0,0.0,2.578,2.578,0.0,-9999,0.0,-9999,0.0,-9999,0.0,-9999,0.0,-9999,0.0,-9999,0.0,-9999,-9999,-9999,-9999,-9999,-9999,-9999,1.0,49.8512,0.0,76.9381,-9999,-9999,-9999,-9999,81.0666,0.0,125.115,-9999,-9999,-9999,-9999,7.0,3,25,23,0,0,4.04748,0.0,-9999,-9999,4.04092,0.0,-9999,-9999,3.92768,0.0,0.048317,3.20835,3.57622,3.9808,4.04863,4.05554,4.12192,4.12692,0.0,0.0,0.0,0.0,0.0,0.0,0.0,4.33164,0.240529,0.0,-9999,-9999,3.43154,0.534641,0.0,-9999,-9999,4.31949,0.240721,0.0,-9999,-9999,3.43154,0.534641,0.0,-9999,-9999,3.98574,4.11296,4.26708,4.26708,4.32477,4.37772,4.39808,0.0,0.0,0.0,0.0,0.0,0.0,0.0,2.11994,2.72149,3.31912,3.50402,3.50402,3.51909,3.53265,0.0,0.0,0.0,0.0,0.0,0.0,0.0,4.93904,4.90758,4.96996,0.0132583,4.88913,4.89998,4.9073,4.92762,5.00338,5.1085,5.11319,0.883988,0.866665,1.04245,0.047142,0.83712,0.849339,0.860726,0.885853,1.07582,1.4009,1.63588,4.9583,4.85714,4.84226,0.0965205,4.12426,4.56777,4.61917,4.67646,4.80082,4.95936,5.22865,0.762085,0.564284,0.764801,0.103489,0.447882,0.450952,0.470704,0.57364,0.710426,0.754834,1.60093,-9999,-9999
20131026,-9999,-9999,-9999,-9999,-9999,-9999,-9999,-9999,16.089,13.736,3.279,18.647,5.744,16.089,0.0,13.736,3.279,0.0,18.647,5.744,0.0,255.262,-9999,-9999,176.023,176.023,0.0,-9999,-9999,321.059,321.059,0.0,-9999,-9999,318.636,318.636,0.0,-9999,-9999,8.736,8.736,0.0,101.938,101.938,0.0,0.0,0.0,0.0,1.698,1.698,0.0,-9999,0.0,-9999,0.0,-9999,0.0,-9999,0.0,-9999,0.0,-9999,0.0,-9999,-9999,-9999,-9999,-9999,-9999,-9999,1.0,39.2804,0.0,60.8488,-9999,-9999,-9999,-9999,71.8801,0.0,111.349,-9999,-9999,-9999,-9999,6.0,3,25,23,0,0,4.00413,0.0,-9999,-9999,4.00519,0.0,-9999,-9999,3.91822,0.0,0.0453276,3.1548,3.61641,4.00413,4.01533,4.01533,4.11297,4.1296,0.0,0.0,0.0,0.0,0.0,0.0,0.0,4.30551,0.216056,0.0,-9999,-9999,3.37277,0.991184,0.0,-9999,-9999,4.30551,0.216056,0.0,-9999,-9999,3.37489,0.993774,0.0,-9999,-9999,3.98574,4.09504,4.26171,4.26171,4.30551,4.35372,4.36224,0.0,0.0,0.0,0.0,0.0,0.0,0.0,2.01225,2.82179,3.37277,3.44289,3.44289,3.52998,3.56342,0.0,0.0,0.0,0.0,0.0,0.0,0.0,5.39151,5.32279,5.45481,0.0280615,5.28189,5.306,5.32216,5.3667,5.52891,5.74656,5.75611,1.37994,1.3176,1.53659,0.0456015,1.27902,1.29424,1.31891,1.35307,1.6592,1.85689,2.0224,5.11682,5.0223,5.11829,0.121099,4.71039,4.78355,4.8008,4.97111,5.01578,5.14547,5.40154,0.768706,0.466436,0.695471,0.108655,0.343973,0.348568,0.36985,0.489101,0.592045,0.761275,1.62178,-9999,-9999
20131027,-9999,-9999,-9999,-9999,-9999,-9999,-9999,-9999,13.6,10.891,1.885,16.801,4.479,13.6,0.0,10.891,1.885,0.0,16.801,4.479,0.0,252.721,-9999,-9999,173.725,173.725,0.0,-9999,-9999,314.784,314.784,0.0,-9999,-9999,311.321,311.321,0.0,-9999,-9999,6.263,6.263,0.0,101.096,101.096,0.0,0.0,0.0,0.0,3.582,3.582,0.0,-9999,0.0,-9999,0.0,-9999,0.0,-9999,0.0,-9999,0.0,-9999,0.0,-9999,-9999,-9999,-9999,-9999,-9999,-9999,1.0,49.5623,0.0,76.9629,-9999,-9999,-9999,-9999,72.6191,0.0,112.767,-9999,-9999,-9999,-9999,5.0,3,26,22,0,0,4.30873,0.0,-9999,-9999,4.35726,0.0,-9999,-9999,4.13409,0.0,0.0673315,3.1519,3.59588,3.99205,4.3163,4.41991,4.41991,4.51356,0.0,0.0,0.0,0.0,0.0,0.0,0.0,4.28556,0.259023,0.0,-9999,-9999,3.99435,0.663894,0.0,-9999,-9999,4.27407,0.256677,0.0,-9999,-9999,4.10999,0.576685,0.0,-9999,-9999,3.84084,3.96316,4.1962,4.24168,4.27356,4.38381,4.4036,0.0,0.0,0.0,0.0,0.0,0.0,0.0,2.0877,2.87662,3.43415,3.99435,4.27997,4.27997,4.47816,0.0,0.0,0.0,0.0,0.0,0.0,0.0,4.80387,4.78499,4.82326,0.00811648,4.77401,4.78046,4.78482,4.79699,4.84306,4.90838,4.91132,0.487569,0.427726,0.689326,0.0690921,0.266905,0.354105,0.364151,0.425855,0.899399,1.23109,1.49675,4.91624,4.81311,4.76193,0.0898155,3.93651,4.46063,4.57719,4.64327,4.74935,4.91624,5.18266,0.763865,0.562826,0.764486,0.103685,0.446683,0.449772,0.469636,0.572129,0.71126,0.756615,1.60286,-9999,-9999
20131028,-9999,-9999,-9999,-9999,-9999,-9999,-9999,-9999,11.877,10.398,1.629,13.625,2.56,11.877,0.0,10.398,1.629,0.0,13.625,2.56,0.0,250.2,-9999,-9999,128.696,128.696,0.0,-9999,-9999,328.903,328.903,0.0,-9999,-9999,327.778,327.778,0.0,-9999,-9999,5.754,5.754,0.0,100.663,100.663,0.0,0.0,0.0,0.0,2.596,2.596,0.0,-9999,-9999,-9999,-9999,-9999,-9999,-9999,-9999,-9999,-9999,-9999,-9999,-9999,-9999,-9999,-9999,-9999,-9999,-9999,1.0,49.8512,0.0,77.6929,-9999,-9999,-9999,-9999,81.0666,0.0,126.342,-9999,-9999,-9999,-9999,4.0,3,26,22,0,0,4.04748,0.0,-9999,-9999,4.04092,0.0,-9999,-9999,3.92768,0.0,0.048317,3.20835,3.57622,3.9808,4.04863,4.05554,4.12192,4.12692,0.0,0.0,0.0,0.0,0.0,0.0,0.0,4.30279,0.277809,0.0,-9999,-9999,3.42472,0.546198,0.0,-9999,-9999,4.29111,0.276717,0.0,-9999,-9999,3.42472,0.546198,0.0,-9999,-9999,3.84084,3.96316,4.1962,4.24799,4.30279,4.37789,4.4036,0.0,0.0,0.0,0.0,0.0,0.0,0.0,2.20638,2.83528,3.41049,3.47261,3.49189,3.49189,3.52182,0.0,0.0,0.0,0.0,0.0,0.0,0.0,4.39517,4.41113,4.38405,0.00582741,4.32308,4.32469,4.33138,4.40044,4.41107,4.4143,4.41625,0.340125,0.370209,0.456532,0.0501411,0.197772,0.204276,0.342821,0.353415,0.370148,0.799329,1.07718,4.77785,4.66871,4.51493,0.0769376,3.39862,4.06017,4.43953,4.50567,4.57817,4.77785,5.03162,0.673315,0.565864,0.705514,0.0754111,0.48097,0.490239,0.50362,0.554211,0.670625,0.701688,1.22444,-9999,-9999
20131029,-9999,-9999,-9999,-9999,-9999,-9999,-9999,-9999,12.134,10.528,1.166,14.033,1.925,12.134,0.0,10.528,1.166,0.0,14.033,1.925,0.0,247.701,-9999,-9999,100.638,100.638,0.0,-9999,-9999,339.425,339.425,0.0,-9999,-9999,340.042,340.042,0.0,-9999,-9999,4.951,4.951,0.0,101.51,101.51,0.0,0.275,0.275,0.0,2.045,2.045,0.0,-9999,0.0,-9999,0.0,-9999,0.0,-9999,0.0,-9999,0.0,-9999,0.0,-9999,-9999,-9999,-9999,-9999,-9999,-9999,1.0,39.2804,0.0,61.2898,-9999,-9999,-9999,-9999,71.8801,0.0,112.156,-9999,-9999,-9999,-9999,3.0,3,26,22,0,0,4.00413,0.0,-9999,-9999,4.00519,0.0,-9999,-9999,3.91822,0.0,0.0453276,3.1548,3.61641,4.00413,4.01533,4.01533,4.11297,4.1296,0.0,0.0,0.0,0.0,0.0,0.0,0.0,4.27701,0.256783,0.0,-9999,-9999,3.36405,1.01361,0.0,-9999,-9999,4.27701,0.256783,0.0,-9999,-9999,3.36627,1.01628,0.0,-9999,-9999,3.84084,3.94593,4.23489,4.23489,4.27701,4.35481,4.35798,0.0,0.0,0.0,0.0,0.0,0.0,0.0,2.0938,2.94013,3.36405,3.43737,3.43737,3.49719,3.53215,0.0,0.0,0.0,0.0,0.0,0.0,0.0,4.44987,4.46251,4.44099,0.00466571,4.39231,4.39361,4.39898,4.45405,4.46246,4.46502,4.46656,0.438306,0.457321,0.522775,0.0470933,0.26401,0.269379,0.424193,0.441581,0.451601,0.817873,1.05532,4.80106,4.69275,4.5497,0.0777695,3.45808,4.11282,4.46826,4.52498,4.60616,4.80106,5.05685,0.60509,0.505059,0.617567,0.0594851,0.433146,0.444572,0.456515,0.487203,0.60509,0.645598,0.981657,-9999,-9999
20131030,-9999,-9999,-9999,-9999,-9999,-9999,-9999,-9999,11.929,9.384,2.281,14.937,3.64,11.929,0.0,9.384,2.281,0.0,14.937,3.64,0.0,245.225,-9999,-9999,167.17,167.17,0.0,-9999,-9999,313.786,313.786,0.0,-9999,-9999,310.158,310.158,0.0,-9999,-9999,5.571,5.571,0.0,101.997,101.997,0.0,0.0,0.0,0.0,2.558,2.558,0.0,-9999,0.0,-9999,0.0,-9999,0.0,-9999,0.0,-9999,0.0,-9999,0.0,-9999,-9999,-9999,-9999,-9999,-9999,-9999,1.0,49.5623,0.0,78.0775,-9999,-9999,-9999,-9999,72.6191,0.0,114.4,-9999,-9999,-9999,-9999,2.0,3,26,22,0,0,4.30873,0.0,-9999,-9999,4.35726,0.0,-9999,-9999,4.13409,0.0,0.0673315,3.1519,3.59588,3.99205,4.3163,4.41991,4.41991,4.51356,0.0,0.0,0.0,0.0,0.0,0.0,0.0,4.28556,0.259023,0.0,-9999,-9999,3.99435,0.663894,0.0,-9999,-9999,4.27407,0.256677,0.0,-9999,-9999,4.10999,0.576685,0.0,-9999,-9999,3.84084,3.96316,4.1962,4.24168,4.27356,4.38381,4.4036,0.0,0.0,0.0,0.0,0.0,0.0,0.0,2.0877,2.87662,3.43415,3.99435,4.27997,4.27997,4.47816,0.0,0.0,0.0,0.0,0.0,0.0,0.0,4.42328,4.43359,4.41858,0.00325022,4.38641,4.38704,4.38974,4.4266,4.43355,4.43572,4.43704,0.10698,0.0763224,0.284648,0.0670784,-0.0772512,0.00702492,0.00883778,0.0662708,0.394571,0.815698,1.10714,4.77576,4.667,4.52747,0.0781082,3.46506,4.08998,4.44298,4.50323,4.57799,4.77576,5.0296,0.748336,0.611777,0.792543,0.0977962,0.507539,0.51134,0.527835,0.611053,0.739346,0.752288,1.548,-9999,-9999
20131031,-9999,-9999,-9999,-9999,-9999,-9999,-9999,-9999,13.313,10.855,3.37,16.217,5.173,13.313,0.0,10.855,3.37,0.0,16.217,5.173,0.0,242.773,-9999,-9999,166.066,166.066,0.0,-9999,-9999,315.836,315.836,0.0,-9999,-9999,312.547,312.547,0.0,-9999,-9999,7.473,7.473,0.0,102.069,102.069,0.0,0.0,0.0,0.0,2.288,2.288,0.0,-9999,0.0,-9999,0.0,-9999,0.0,-9999,0.0,-9999,0.0,-9999,0.0,-9999,-9999,-9999,-9999,-9999,-9999,-9999,1.0,49.8512,0.0,78.5325,-9999,-9999,-9999,-9999,81.0666,0.0,127.707,-9999,-9999,-9999,-9999,1.0,3,26,22,0,0,4.04748,0.0,-9999,-9999,4.04092,0.0,-9999,-9999,3.92768,0.0,0.048317,3.20835,3.57622,3.9808,4.04863,4.05554,4.12192,4.12692,0.0,0.0,0.0,0.0,0.0,0.0,0.0,4.30279,0.277809,0.0,-9999,-9999,3.42472,0.546198,0.0,-9999,-9999,4.29111,0.276717,0.0,-9999,-9999,3.42472,0.546198,0.0,-9999,-9999,3.84084,3.96316,4.1962,4.24799,4.30279,4.37789,4.4036,0.0,0.0,0.0,0.0,0.0,0.0,0.0,2.20638,2.83528,3.41049,3.47261,3.49189,3.49189,3.52182,0.0,0.0,0.0,0.0,0.0,0.0,0.0,4.7488,4.732,4.7675,0.0075685,4.72245,4.72804,4.73185,4.74263,4.78479,4.84718,4.85005,0.693746,0.691086,0.83998,0.0472618,0.665178,0.67837,0.682563,0.6977,0.857234,1.19364,1.44109,4.88812,4.78416,4.72492,0.0885276,3.8873,4.40849,4.55069,4.61509,4.71706,4.88812,5.15219,0.745013,0.510132,0.71278,0.100896,0.39226,0.397177,0.416616,0.524084,0.64113,0.738334,1.53843,-9999,-9999
20131101,-9999,-9999,-9999,-9999,-9999,-9999,-9999,-9999,14.992,12.752,4.127,17.639,5.854,14.992,0.0,12.752,4.127,0.0,17.639,5.854,0.0,240.346,-9999,-9999,165.679,165.679,0.0,-9999,-9999,317.081,317.081,0.0,-9999,-9999,313.999,313.999,0.0,-9999,-9999,9.38,9.38,0.0,101.934,101.934,0.0,0.0,0.0,0.0,1.315,1.315,0.0,-9999,0.0,-9999,0.0,-9999,0.0,-9999,0.0,-9999,0.0,-9999,0.0,-9999,-9999,-9999,-9999,-9999,-9999,-9999,1.0,39.2804,0.0,60.9966,-9999,-9999,-9999,-9999,71.8801,0.0,111.619,-9999,-9999,-9999,-9999,5.0,3,26,22,0,0,4.00413,0.0,-9999,-9999,4.00519,0.0,-9999,-9999,3.91822,0.0,0.0453276,3.1548,3.61641,4.00413,4.01533,4.01533,4.11297,4.1296,0.0,0.0,0.0,0.0,0.0,0.0,0.0,4.27701,0.256783,0.0,-9999,-9999,3.36405,1.01361,0.0,-9999,-9999,4.27701,0.256783,0.0,-9999,-9999,3.36627,1.01628,0.0,-9999,-9999,3.84084,3.94593,4.23489,4.23489,4.27701,4.35481,4.35798,0.0,0.0,0.0,0.0,0.0,0.0,0.0,2.0938,2.94013,3.36405,3.43737,3.43737,3.49719,3.53215,0.0,0.0,0.0,0.0,0.0,0.0,0.0,5.14199,5.0926,5.18898,0.0204987,5.06342,5.08061,5.09215,5.12411,5.24188,5.40259,5.40969,1.13042,1.08741,1.27076,0.0438356,1.05444,1.06782,1.08865,1.11,1.30869,1.58487,1.76689,5.02484,4.92666,4.96417,0.107523,4.39759,4.70768,4.70877,4.80813,4.88161,5.03778,5.30133,0.743205,0.444202,0.662969,0.103047,0.324601,0.329203,0.350683,0.467204,0.572905,0.73654,1.53481,-9999,-9999
20131102,-9999,-9999,-9999,-9999,-9999,-9999,-9999,-9999,14.209,11.746,2.154,17.121,4.628,14.209,0.0,11.746,2.154,0.0,17.121,4.628,0.0,237.945,-9999,-9999,153.207,153.207,0.0,-9999,-9999,320.139,320.139,0.0,-9999,-9999,317.564,317.564,0.0,-9999,-9999,7.821,7.821,0.0,101.544,101.544,0.0,0.0,0.0,0.0,1.997,1.997,0.0,-9999,0.0,-9999,0.0,-9999,0.0,-9999,0.0,-9999,0.0,-9999,0.0,-9999,-9999,-9999,-9999,-9999,-9999,-9999,1.0,49.5623,0.0,77.2427,-9999,-9999,-9999,-9999,72.6191,0.0,113.177,-9999,-9999,-9999,-9999,4.0,3,26,22,0,0,4.30873,0.0,-9999,-9999,4.35726,0.0,-9999,-9999,4.13409,0.0,0.0673315,3.1519,3.59588,3.99205,4.3163,4.41991,4.41991,4.51356,0.0,0.0,0.0,0.0,0.0,0.0,0.0,4.28556,0.259023,0.0,-9999,-9999,3.99435,0.663894,0.0,-9999,-9999,4.27407,0.256677,0.0,-9999,-9999,4.10999,0.576685,0.0,-9999,-9999,3.84084,3.96316,4.1962,4.24168,4.27356,4.38381,4.4036,0.0,0.0,0.0,0.0,0.0,0.0,0.0,2.0877,2.87662,3.43415,3.99435,4.27997,4.27997,4.47816,0.0,0.0,0.0,0.0,0.0,0.0,0.0,4.94306,4.91354,4.97116,0.0122082,4.89608,4.90636,4.91327,4.93238,5.00272,5.09854,5.10277,0.626764,0.556272,0.837231,0.0702597,0.392804,0.476247,0.49682,0.557388,1.05906,1.3826,1.63923,4.96753,4.86646,4.84752,0.0956171,4.1082,4.57244,4.62781,4.68438,4.81063,4.96849,5.23855,0.720359,0.49576,0.68389,0.0936388,0.382534,0.387571,0.406614,0.507418,0.622875,0.714823,1.43227,-9999,-9999
20131103,-9999,-9999,-9999,-9999,-9999,-9999,-9999,-9999,13.702,12.53,1.955,15.086,2.671,13.702,0.0,12.53,1.955,0.0,15.086,2.671,0.0,235.571,-9999,-9999,142.718,142.718,0.0,-9999,-9999,314.236,314.236,0.0,-9999,-9999,310.683,310.683,0.0,-9999,-9999,10.826,10.826,0.0,101.467,101.467,0.0,0.0,0.0,0.0,5.496,5.496,0.0,-9999,0.0,-9999,0.0,-9999,0.0,-9999,0.0,-9999,0.0,-9999,0.0,-9999,-9999,-9999,-9999,-9999,-9999,-9999,1.0,49.8512,0.0,77.7836,-9999,-9999,-9999,-9999,81.0666,0.0,126.49,-9999,-9999,-9999,-9999,3.0,3,26,22,0,0,4.04748,0.0,-9999,-9999,4.04092,0.0,-9999,-9999,3.92768,0.0,0.048317,3.20835,3.57622,3.9808,4.04863,4.05554,4.12192,4.12692,0.0,0.0,0.0,0.0,0.0,0.0,0.0,4.30279,0.277809,0.0,-9999,-9999,3.42472,0.546198,0.0,-9999,-9999,4.29111,0.276717,0.0,-9999,-9999,3.42472,0.546198,0.0,-9999,-9999,3.84084,3.96316,4.1962,4.24799,4.30279,4.37789,4.4036,0.0,0.0,0.0,0.0,0.0,0.0,0.0,2.20638,2.83528,3.41049,3.47261,3.49189,3.49189,3.52182,0.0,0.0,0.0,0.0,0.0,0.0,0.0,4.80745,4.79301,4.82039,0.0057112,4.78435,4.78946,4.79288,4.80225,4.83592,4.87995,4.88186,0.752402,0.752092,0.892869,0.0474464,0.726599,0.739891,0.743659,0.752927,0.901058,1.24824,1.49881,4.93335,4.83036,4.76945,0.0879495,3.8952,4.46078,4.59323,4.658,4.76739,4.93335,5.201,0.691435,0.453693,0.634918,0.0883596,0.341723,0.346464,0.366462,0.46729,0.579419,0.686822,1.34065,-9999,-9999
20131104,-9999,-9999,-9999,-9999,-9999,-9999,-9999,-9999,13.762,12.545,2.402,15.199,4.463,13.762,0.0,12.545,2.402,0.0,15.199,4.463,0.0,233.226,-9999,-9999,162.328,162.328,0.0,-9999,-9999,299.64,299.64,0.0,-9999,-9999,293.669,293.669,0.0,-9999,-9999,11.954,11.954,0.0,101.505,101.505,0.0,0.0,0.0,0.0,5.191,5.191,0.0,-9999,-9999,-9999,-9999,-9999,-9999,-9999,-9999,-9999,-9999,-9999,-9999,-9999,-9999,-9999,-9999,-9999,-9999,-9999,1.0,39.2804,0.0,61.8799,-9999,-9999,-9999,-9999,71.8801,0.0,113.236,-9999,-9999,-9999,-9999,2.0,3,26,22,0,0,4.00413,0.0,-9999,-9999,4.00519,0.0,-9999,-9999,3.91822,0.0,0.0453276,3.1548,3.61641,4.00413,4.01533,4.01533,4.11297,4.1296,0.0,0.0,0.0,0.0,0.0,0.0,0.0,4.27701,0.256783,0.0,-9999,-9999,3.36405,1.01361,0.0,-9999,-9999,4.27701,0.256783,0.0,-9999,-9999,3.36627,1.01628,0.0,-9999,-9999,3.84084,3.94593,4.23489,4.23489,4.27701,4.35481,4.35798,0.0,0.0,0.0,0.0,0.0,0.0,0.0,2.0938,2.94013,3.36405,3.43737,3.43737,3.49719,3.53215,0.0,0.0,0.0,0.0,0.0,0.0,0.0,4.83241,4.8135,4.85043,0.00778089,4.80233,4.80891,4.81333,4.82557,4.87058,4.93174,4.93444,0.820838,0.808313,0.932208,0.043744,0.784784,0.792361,0.794555,0.80932,0.902462,1.23867,1.44766,4.93374,4.83108,4.78164,0.0899594,3.95005,4.48688,4.59367,4.65773,4.76924,4.93374,5.2016,0.73307,0.449584,0.661028,0.100725,0.329865,0.334411,0.355852,0.471038,0.574597,0.726609,1.50587,-9999,-9999
20131105,-9999,-9999,-9999,-9999,-9999,-9999,-9999,-9999,13.606,12.178,3.135,15.442,5.025,13.606,0.0,12.178,3.135,0.0,15.442,5.025,0.0,230.911,-9999,-9999,157.54,157.54,0.0,-9999,-9999,307.844,307.844,0.0,-9999,-9999,303.232,303.232,0.0,-9999,-9999,10.805,10.805,0.0,102.214,102.214,0.0,0.0,0.0,0.0,2.423,2.423,0.0,-9999,0.0,-9999,0.0,-9999,0.0,-9999,0.0,-9999,0.0,-9999,0.0,-9999,-9999,-9999,-9999,-9999,-9999,-9999,1.0,49.5623,0.0,78.0775,-9999,-9999,-9999,-9999,72.6191,0.0,114.4,-9999,-9999,-9999,-9999,1.0,3,27,21,0,0,4.30873,0.0,-9999,-9999,4.35726,0.0,-9999,-9999,4.13409,0.0,0.0673315,3.1519,3.59588,3.99205,4.3163,4.41991,4.41991,4.51356,0.0,0.0,0.0,0.0,0.0,0.0,0.0,4.2849,0.254016,0.0,-9999,-9999,3.98134,0.677406,0.0,-9999,-9999,4.27383,0.251696,0.0,-9999,-9999,4.10247,0.589823,0.0,-9999,-9999,3.84745,3.97048,4.19878,4.24265,4.27334,4.37951,4.39849,0.0,0.0,0.0,0.0,0.0,0.0,0.0,1.99571,2.81547,3.39455,3.98134,4.28055,4.28055,4.48818,0.0,0.0,0.0,0.0,0.0,0.0,0.0,4.80521,4.7865,4.8241,0.00796169,4.77559,4.782,4.78633,4.7984,4.84381,4.90754,4.91039,0.488907,0.429237,0.690171,0.0690544,0.268447,0.355683,0.365669,0.427326,0.90015,1.23212,1.49802,4.91717,4.81408,4.76254,0.0896872,3.93409,4.46172,4.57807,4.644,4.75048,4.91717,5.18368,0.72302,0.430742,0.640074,0.0985135,0.312711,0.317202,0.338731,0.453772,0.558155,0.716953,1.46615,-9999,-9999
20131106,-9999,-9999,-9999,-9999,-9999,-9999,-9999,-9999,14.503,12.798,4.102,16.696,5.492,14.503,0.0,12.798,4.102,0.0,16.696,5.492,0.0,228.626,-9999,-9999,142.432,142.432,0.0,-9999,-9999,327.429,327.429,0.0,-9999,-9999,326.06,326.06,0.0,-9999,-9999,10.651,10.651,0.0,102.412,102.412,0.0,0.0,0.0,0.0,1.298,1.298,0.0,-9999,0.0,-9999,0.0,-9999,0.0,-9999,0.0,-9999,0.0,-9999,0.0,-9999,-9999,-9999,-9999,-9999,-9999,-9999,1.0,49.8512,-9999,-9999,-9999,-9999,-9999,-9999,81.0666,-9999,-9999,-9999,-9999,-9999,-9999,-9999,-9999,27,21,0,0,4.04748,0.0,-9999,-9999,4.04092,0.0,-9999,-9999,3.92768,0.0,0.048317,3.20835,3.57622,3.9808,4.04863,4.05554,4.12192,4.12692,0.0,0.0,0.0,0.0,0.0,0.0,0.0,4.29927,0.273028,0.0,-9999,-9999,3.38744,0.530218,0.0,-9999,-9999,4.28803,0.271817,0.0,-9999,-9999,3.38744,0.530218,0.0,-9999,-9999,3.84745,3.96524,4.1963,4.2465,4.29927,4.37159,4.39602,0.0,0.0,0.0,0.0,0.0,0.0,0.0,2.12005,2.77889,3.37295,3.43802,3.4578,3.4578,3.48916,0.0,0.0,0.0,0.0,0.0,0.0,0.0,5.02242,4.9842,5.059,0.0158897,4.96164,4.97492,4.98385,5.00858,5.09987,5.22472,5.23025,0.96737,0.943279,1.13148,0.04732,0.912058,0.923829,0.939191,0.96737,1.17232,1.49215,1.72136,4.98742,4.8875,4.89277,0.100517,4.23003,4.64657,4.67528,4.71264,4.83591,4.98784,5.26043,0.688801,0.390956,0.587897,0.0905043,0.280197,0.284623,0.305454,0.413964,0.520955,0.684082,1.33816,-9999,-9999
20131107,-9999,-9999,-9999,-9999,-9999,-9999,-9999,-9999,15.533,13.552,2.133,18.079,3.998,15.533,0.0,13.552,2.133,0.0,18.079,3.998,0.0,226.373,-9999,-9999,138.498,138.498,0.0,-9999,-9999,330.615,330.615,0.0,-9999,-9999,329.774,329.774,0.0,-9999,-9999,11.147,11.147,0.0,102.104,102.104,0.0,0.0,0.0,0.0,1.869,1.869,0.0,-9999,0.0,-9999,0.0,-9999,0.0,-9999,0.0,-9999,0.0,-9999,0.0,-9999,-9999,-9999,-9999,-9999,-9999,-9999,1.0,39.2804,-9999,-9999,-9999,-9999,-9999,-9999,71.8801,-9999,-9999,-9999,-9999,-9999,-9999,-9999,-9999,27,21,0,0,4.00413,0.0,-9999,-9999,4.00519,0.0,-9999,-9999,3.91822,0.0,0.0453276,3.1548,3.61641,4.00413,4.01533,4.01533,4.11297,4.1296,0.0,0.0,0.0,0.0,0.0,0.0,0.0,4.26747,0.256629,0.0,-9999,-9999,3.33284,1.02775,0.0,-9999,-9999,4.26747,0.256629,0.0,-9999,-9999,3.33517,1.03059,0.0,-9999,-9999,3.84745,3.94865,4.22691,4.22691,4.26747,4.34239,4.34544,0.0,0.0,0.0,0.0,0.0,0.0,0.0,2.0021,2.88873,3.33284,3.40965,3.40965,3.47232,3.50894,0.0,0.0,0.0,0.0,0.0,0.0,0.0,5.24282,5.19092,5.28888,0.0207313,5.1598,5.17817,5.19044,5.22414,5.34521,5.50408,5.51097,1.23125,1.18573,1.37066,0.0438687,1.15187,1.16555,1.18698,1.21009,1.40957,1.68757,1.86832,5.07985,4.98323,5.03247,0.10974,4.4725,4.75401,4.75562,4.89078,4.94454,5.10119,5.36091,0.679606,0.358207,0.557546,0.0892317,0.248381,0.252676,0.274138,0.383696,0.485675,0.675403,1.30404,-9999,-9999
20131108,-9999,-9999,-9999,-9999,-9999,-9999,-9999,-9999,14.639,12.508,3.273,17.378,4.661,14.639,0.0,12.508,3.273,0.0,17.378,4.661,0.0,224.152,-9999,-9999,148.611,148.611,0.0,-9999,-9999,322.023,322.023,0.0,-9999,-9999,319.759,319.759,0.0,-9999,-9999,8.117,8.117,0.0,101.734,101.734,0.0,0.0,0.0,0.0,1.842,1.842,0.0,-9999,0.0,-9999,0.0,-9999,0.0,-9999,0.0,-9999,0.0,-9999,0.0,-9999,-9999,-9999,-9999,-9999,-9999,-9999,1.0,49.5623,-9999,-9999,-9999,-9999,-9999,-9999,72.6191,-9999,-9999,-9999,-9999,-9999,-9999,-9999,-9999,27,21,0,0,4.30873,0.0,-9999,-9999,4.35726,0.0,-9999,-9999,4.13409,0.0,0.0673315,3.1519,3.59588,3.99205,4.3163,4.41991,4.41991,4.51356,0.0,0.0,0.0,0.0,0.0,0.0,0.0,4.2849,0.254016,0.0,-9999,-9999,3.98134,0.677406,0.0,-9999,-9999,4.27383,0.251696,0.0,-9999,-9999,4.10247,0.589823,0.0,-9999,-9999,3.84745,3.97048,4.19878,4.24265,4.27334,4.37951,4.39849,0.0,0.0,0.0,0.0,0.0,0.0,0.0,1.99571,2.81547,3.39455,3.98134,4.28055,4.28055,4.48818,0.0,0.0,0.0,0.0,0.0,0.0,0.0,5.04512,5.00687,5.08086,0.0156876,4.98417,4.99755,5.00652,5.03129,5.12193,5.24427,5.24965,0.728818,0.649603,0.946925,0.0714204,0.483989,0.566859,0.593564,0.65315,1.17827,1.49491,1.74401,5.00195,4.90238,4.90912,0.100739,4.24265,4.6602,4.68953,4.73402,4.85226,5.00213,5.27613,0.701745,0.466781,0.65352,0.0915377,0.355325,0.36017,0.379446,0.479972,0.58966,0.696359,1.39088,-9999,-9999
20131109,-9999,-9999,-9999,-9999,-9999,-9999,-9999,-9999,14.823,13.081,3.402,17.062,5.413,14.823,0.0,13.081,3.402,0.0,17.062,5.413,0.0,221.965,-9999,-9999,149.54,149.54,0.0,-9999,-9999,317.399,317.399,0.0,-9999,-9999,314.37,314.37,0.0,-9999,-9999,8.795,8.795,0.0,101.65,101.65,0.0,0.0,0.0,0.0,1.222,1.222,0.0,-9999,0.0,-9999,0.0,-9999,0.0,-9999,0.0,-9999,0.0,-9999,0.0,-9999,-9999,-9999,-9999,-9999,-9999,-9999,1.0,49.8512,-9999,-9999,-9999,-9999,-9999,-9999,81.0666,-9999,-9999,-9999,-9999,-9999,-9999,-9999,-9999,27,21,0,0,4.04748,0.0,-9999,-9999,4.04092,0.0,-9999,-9999,3.92768,0.0,0.048317,3.20835,3.57622,3.9808,4.04863,4.05554,4.12192,4.12692,0.0,0.0,0.0,0.0,0.0,0.0,0.0,4.29927,0.273028,0.0,-9999,-9999,3.38744,0.530218,0.0,-9999,-9999,4.28803,0.271817,0.0,-9999,-9999,3.38744,0.530218,0.0,-9999,-9999,3.84745,3.96524,4.1963,4.2465,4.29927,4.37159,4.39602,0.0,0.0,0.0,0.0,0.0,0.0,0.0,2.12005,2.77889,3.37295,3.43802,3.4578,3.4578,3.48916,0.0,0.0,0.0,0.0,0.0,0.0,0.0,5.09056,5.04805,5.13023,0.017438,5.02282,5.03768,5.04766,5.07519,5.17592,5.31182,5.3178,1.03551,1.00713,1.20272,0.0474919,0.974191,0.986301,1.00407,1.03551,1.24836,1.5651,1.79079,5.01599,4.91709,4.93611,0.10334,4.30617,4.69767,4.70095,4.77027,4.86945,5.01599,5.29148,0.702213,0.434375,0.630559,0.0932403,0.323253,0.327841,0.347457,0.452913,0.558657,0.696717,1.39806,-9999,-9999
20131110,-9999,-9999,-9999,-9999,-9999,-9999,-9999,-9999,13.161,11.157,2.476,15.738,4.352,13.161,0.0,11.157,2.476,0.0,15.738,4.352,0.0,219.813,-9999,-9999,148.155,148.155,0.0,-9999,-9999,313.218,313.218,0.0,-9999,-9999,309.496,309.496,0.0,-9999,-9999,6.79,6.79,0.0,101.922,101.922,0.0,0.0,0.0,0.0,2.186,2.186,0.0,-9999,0.0,-9999,0.0,-9999,0.0,-9999,0.0,-9999,0.0,-9999,0.0,-9999,-9999,-9999,-9999,-9999,-9999,-9999,1.0,39.2804,-9999,-9999,-9999,-9999,-9999,-9999,71.8801,-9999,-9999,-9999,-9999,-9999,-9999,-9999,-9999,27,21,0,0,4.00413,0.0,-9999,-9999,4.00519,0.0,-9999,-9999,3.91822,0.0,0.0453276,3.1548,3.61641,4.00413,4.01533,4.01533,4.11297,4.1296,0.0,0.0,0.0,0.0,0.0,0.0,0.0,4.26747,0.256629,0.0,-9999,-9999,3.33284,1.02775,0.0,-9999,-9999,4.26747,0.256629,0.0,-9999,-9999,3.33517,1.03059,0.0,-9999,-9999,3.84745,3.94865,4.22691,4.22691,4.26747,4.34239,4.34544,0.0,0.0,0.0,0.0,0.0,0.0,0.0,2.0021,2.88873,3.33284,3.40965,3.40965,3.47232,3.50894,0.0,0.0,0.0,0.0,0.0,0.0,0.0,4.69996,4.69003,4.71137,0.00452383,4.68708,4.68819,4.68994,4.6963,4.72145,4.75914,4.76088,0.688389,0.684837,0.793154,0.0443171,0.623382,0.630142,0.665815,0.680492,0.748749,1.0961,1.31248,4.88115,4.7765,4.699,0.085559,3.79822,4.35874,4.54402,4.59996,4.70697,4.88115,5.14437,0.698819,0.529868,0.700505,0.0887387,0.428073,0.429399,0.448544,0.533759,0.661862,0.693459,1.38614,-9999,-9999
20131111,-9999,-9999,-9999,-9999,-9999,-9999,-9999,-9999,13.478,11.652,3.29,15.826,4.884,13.478,0.0,11.652,3.29,0.0,15.826,4.884,0.0,217.696,-9999,-9999,137.734,137.734,0.0,-9999,-9999,321.004,321.004,0.0,-9999,-9999,318.571,318.571,0.0,-9999,-9999,6.546,6.546,0.0,102.017,102.017,0.0,0.0,0.0,0.0,1.602,1.602,0.0,-9999,-9999,-9999,-9999,-9999,-9999,-9999,-9999,-9999,-9999,-9999,-9999,-9999,-9999,-9999,-9999,-9999,-9999,-9999,1.0,49.5623,-9999,-9999,-9999,-9999,-9999,-9999,72.6191,-9999,-9999,-9999,-9999,-9999,-9999,-9999,-9999,27,21,0,0,4.30873,0.0,-9999,-9999,4.35726,0.0,-9999,-9999,4.13409,0.0,0.0673315,3.1519,3.59588,3.99205,4.3163,4.41991,4.41991,4.51356,0.0,0.0,0.0,0.0,0.0,0.0,0.0,4.2849,0.254016,0.0,-9999,-9999,3.98134,0.677406,0.0,-9999,-9999,4.27383,0.251696,0.0,-9999,-9999,4.10247,0.589823,0.0,-9999,-9999,3.84745,3.97048,4.19878,4.24265,4.27334,4.37951,4.39849,0.0,0.0,0.0,0.0,0.0,0.0,0.0,1.99571,2.81547,3.39455,3.98134,4.28055,4.28055,4.48818,0.0,0.0,0.0,0.0,0.0,0.0,0.0,4.77871,4.76142,4.79682,0.00751189,4.75141,4.75728,4.76126,4.7724,4.8149,4.87569,4.87844,0.462416,0.404152,0.662892,0.0689392,0.243727,0.331503,0.340658,0.401836,0.871239,1.20413,1.47111,4.9053,4.80181,4.74552,0.0889267,3.90735,4.43636,4.56687,4.63435,4.73662,4.9053,5.17079,0.676809,0.501622,0.663993,0.0832051,0.403046,0.404954,0.423661,0.505423,0.634506,0.67252,1.29766,-9999,-9999
20131112,-9999,-9999,-9999,-9999,-9999,-9999,-9999,-9999,15.016,12.619,1.84,18.097,3.045,15.016,0.0,12.619,1.84,0.0,18.097,3.045,0.0,215.616,-9999,-9999,109.524,109.524,0.0,-9999,-9999,344.142,344.142,0.0,-9999,-9999,345.541,345.541,0.0,-9999,-9999,8.117,8.117,0.0,102.425,102.425,0.0,0.0,0.0,0.0,2.455,2.455,0.0,-9999,0.0,-9999,0.0,-9999,0.0,-9999,0.0,-9999,0.0,-9999,0.0,-9999,-9999,-9999,-9999,-9999,-9999,-9999,1.0,49.8512,-9999,-9999,-9999,-9999,-9999,-9999,81.0666,-9999,-9999,-9999,-9999,-9999,-9999,-9999,-9999,27,21,0,0,4.04748,0.0,-9999,-9999,4.04092,0.0,-9999,-9999,3.92768,0.0,0.048317,3.20835,3.57622,3.9808,4.04863,4.05554,4.12192,4.12692,0.0,0.0,0.0,0.0,0.0,0.0,0.0,4.29927,0.273028,0.0,-9999,-9999,3.38744,0.530218,0.0,-9999,-9999,4.28803,0.271817,0.0,-9999,-9999,3.38744,0.530218,0.0,-9999,-9999,3.84745,3.96524,4.1963,4.2465,4.29927,4.37159,4.39602,0.0,0.0,0.0,0.0,0.0,0.0,0.0,2.12005,2.77889,3.37295,3.43802,3.4578,3.4578,3.48916,0.0,0.0,0.0,0.0,0.0,0.0,0.0,5.12034,5.07886,5.15727,0.0165716,5.054,5.06867,5.07848,5.10541,5.20223,5.3294,5.33492,1.06529,1.03794,1.22975,0.0473895,1.00537,1.01733,1.03468,1.06529,1.27467,1.59303,1.82015,5.03826,4.93985,4.95838,0.10301,4.31135,4.71993,4.72107,4.79996,4.89431,5.04392,5.31553,0.612461,0.412607,0.554546,0.0685878,0.321197,0.324289,0.342826,0.417884,0.526483,0.611047,1.05612,-9999,-9999
20131113,-9999,-9999,-9999,-9999,-9999,-9999,-9999,-9999,15.099,12.248,3.216,18.766,5.814,15.099,0.0,12.248,3.216,0.0,18.766,5.814,0.0,213.573,-9999,-9999,144.42,144.42,0.0,-9999,-9999,319.862,319.862,0.0,-9999,-9999,317.241,317.241,0.0,-9999,-9999,9.765,9.765,0.0,102.199,102.199,0.0,0.0,0.0,0.0,3.443,3.443,0.0,-9999,0.0,-9999,0.0,-9999,0.0,-9999,0.0,-9999,0.0,-9999,0.0,-9999,-9999,-9999,-9999,-9999,-9999,-9999,1.0,39.2804,-9999,-9999,-9999,-9999,-9999,-9999,71.8801,-9999,-9999,-9999,-9999,-9999,-9999,-9999,-9999,27,21,0,0,4.00413,0.0,-9999,-9999,4.00519,0.0,-9999,-9999,3.91822,0.0,0.0453276,3.1548,3.61641,4.00413,4.01533,4.01533,4.11297,4.1296,0.0,0.0,0.0,0.0,0.0,0.0,0.0,4.26747,0.256629,0.0,-9999,-9999,3.33284,1.02775,0.0,-9999,-9999,4.26747,0.256629,0.0,-9999,-9999,3.33517,1.03059,0.0,-9999,-9999,3.84745,3.94865,4.22691,4.22691,4.26747,4.34239,4.34544,0.0,0.0,0.0,0.0,0.0,0.0,0.0,2.0021,2.88873,3.33284,3.40965,3.40965,3.47232,3.50894,0.0,0.0,0.0,0.0,0.0,0.0,0.0,5.16458,5.11335,5.21356,0.0213322,5.08309,5.10091,5.11288,5.14603,5.26835,5.43591,5.44334,1.15301,1.10816,1.29534,0.0439687,1.07467,1.08821,1.1094,1.13196,1.34288,1.60973,1.79006,5.03381,4.93592,4.97909,0.1089,4.42979,4.71518,4.71636,4.82662,4.89206,5.04969,5.31107,0.68875,0.365371,0.571812,0.0925042,0.262253,0.266361,0.284941,0.388801,0.491522,0.683666,1.35415,-9999,-9999
20131114,-9999,-9999,-9999,-9999,-9999,-9999,-9999,-9999,13.644,11.592,1.986,16.282,4.343,13.644,0.0,11.592,1.986,0.0,16.282,4.343,0.0,211.57,-9999,-9999,142.176,142.176,0.0,-9999,-9999,312.31,312.31,0.0,-9999,-9999,308.438,308.438,0.0,-9999,-9999,6.958,6.958,0.0,101.612,101.612,0.0,0.0,0.0,0.0,2.392,2.392,0.0,-9999,0.0,-9999,0.0,-9999,0.0,-9999,0.0,-9999,0.0,-9999,0.0,-9999,-9999,-9999,-9999,-9999,-9999,-9999,1.0,49.5623,-9999,-9999,-9999,-9999,-9999,-9999,72.6191,-9999,-9999,-9999,-9999,-9999,-9999,-9999,-9999,27,21,0,0,4.30873,0.0,-9999,-9999,4.35726,0.0,-9999,-9999,4.13409,0.0,0.0673315,3.1519,3.59588,3.99205,4.3163,4.41991,4.41991,4.51356,0.0,0.0,0.0,0.0,0.0,0.0,0.0,4.2849,0.254016,0.0,-9999,-9999,3.98134,0.677406,0.0,-9999,-9999,4.27383,0.251696,0.0,-9999,-9999,4.10247,0.589823,0.0,-9999,-9999,3.84745,3.97048,4.19878,4.24265,4.27334,4.37951,4.39849,0.0,0.0,0.0,0.0,0.0,0.0,0.0,1.99571,2.81547,3.39455,3.98134,4.28055,4.28055,4.48818,0.0,0.0,0.0,0.0,0.0,0.0,0.0,4.8077,4.78999,4.82528,0.00745663,4.77961,4.78572,4.78983,4.80127,4.84398,4.90338,4.90603,0.491401,0.432729,0.691354,0.0689276,0.272162,0.359705,0.369207,0.430553,0.900318,1.23328,1.50017,4.92265,4.8196,4.76603,0.0893387,3.92726,4.46333,4.58321,4.64874,4.75624,4.92265,5.18955,0.682899,0.516917,0.681189,0.0853791,0.417588,0.418888,0.43766,0.520432,0.645661,0.67802,1.33472,-9999,-9999
20131115,-9999,-9999,-9999,-9999,-9999,-9999,-9999,-9999,11.913,9.951,1.917,14.434,4.342,11.913,0.0,9.951,1.917,0.0,14.434,4.342,0.0,209.605,-9999,-9999,141.673,141.673,0.0,-9999,-9999,304.983,304.983,0.0,-9999,-9999,299.897,299.897,0.0,-9999,-9999,7.683,7.683,0.0,100.86,100.86,0.0,0.0,0.0,0.0,3.528,3.528,0.0,-9999,0.0,-9999,0.0,-9999,0.0,-9999,0.0,-9999,0.0,-9999,0.0,-9999,-9999,-9999,-9999,-9999,-9999,-9999,1.0,49.8512,-9999,-9999,-9999,-9999,-9999,-9999,81.0666,-9999,-9999,-9999,-9999,-9999,-9999,-9999,-9999,27,21,0,0,4.04748,0.0,-9999,-9999,4.04092,0.0,-9999,-9999,3.92768,0.0,0.048317,3.20835,3.57622,3.9808,4.04863,4.05554,4.12192,4.12692,0.0,0.0,0.0,0.0,0.0,0.0,0.0,4.29927,0.273028,0.0,-9999,-9999,3.38744,0.530218,0.0,-9999,-9999,4.28803,0.271817,0.0,-9999,-9999,3.38744,0.530218,0.0,-9999,-9999,3.84745,3.96524,4.1963,4.2465,4.29927,4.37159,4.39602,0.0,0.0,0.0,0.0,0.0,0.0,0.0,2.12005,2.77889,3.37295,3.43802,3.4578,3.4578,3.48916,0.0,0.0,0.0,0.0,0.0,0.0,0.0,4.41677,4.42809,4.41104,0.00367924,4.37409,4.37487,4.3782,4.42044,4.42804,4.43041,4.43185,0.361721,0.38717,0.483525,0.0494383,0.24795,0.25128,0.367057,0.374899,0.393553,0.827483,1.10031,4.77533,4.66648,4.52432,0.0778868,3.45283,4.08329,4.44122,4.50301,4.57706,4.77533,5.0291,0.681382,0.497974,0.665871,0.0857831,0.395614,0.39846,0.416915,0.504139,0.628996,0.676519,1.3305,-9999,-9999
20131116,-9999,-9999,-9999,-9999,-9999,-9999,-9999,-9999,10.598,9.087,1.977,12.54,3.564,10.598,0.0,9.087,1.977,0.0,12.54,3.564,0.0,207.681,-9999,-9999,133.056,133.056,0.0,-9999,-9999,308.998,308.998,0.0,-9999,-9999,304.578,304.578,0.0,-9999,-9999,4.868,4.868,0.0,101.027,101.027,0.0,0.0,0.0,0.0,2.574,2.574,0.0,-9999,0.0,-9999,0.0,-9999,0.0,-9999,0.0,-9999,0.0,-9999,0.0,-9999,-9999,-9999,-9999,-9999,-9999,-9999,1.0,39.2804,-9999,-9999,-9999,-9999,-9999,-9999,71.8801,-9999,-9999,-9999,-9999,-9999,-9999,-9999,-9999,27,21,0,0,4.00413,0.0,-9999,-9999,4.00519,0.0,-9999,-9999,3.91822,0.0,0.0453276,3.1548,3.61641,4.00413,4.01533,4.01533,4.11297,4.1296,0.0,0.0,0.0,0.0,0.0,0.0,0.0,4.26747,0.256629,0.0,-9999,-9999,3.33284,1.02775,0.0,-9999,-9999,4.26747,0.256629,0.0,-9999,-9999,3.33517,1.03059,0.0,-9999,-9999,3.84745,3.94865,4.22691,4.22691,4.26747,4.34239,4.34544,0.0,0.0,0.0,0.0,0.0,0.0,0.0,2.0021,2.88873,3.33284,3.40965,3.40965,3.47232,3.50894,0.0,0.0,0.0,0.0,0.0,0.0,0.0,4.11998,4.15334,4.09653,0.0120606,3.96947,3.97284,3.98679,4.13099,4.15322,4.15999,4.16407,0.108412,0.148152,0.178309,0.0504597,-0.156756,-0.143187,0.00135806,0.124771,0.148742,0.462567,0.719165,4.66348,4.55023,4.3408,0.074699,3.09251,3.79476,4.27163,4.40771,4.44056,4.66348,4.90727,0.663534,0.56303,0.705245,0.0778761,0.477842,0.486039,0.498777,0.553506,0.659507,0.683256,1.25796,-9999,-9999
20131117,-9999,-9999,-9999,-9999,-9999,-9999,-9999,-9999,11.322,9.812,1.678,13.264,3.095,11.322,0.0,9.812,1.678,0.0,13.264,3.095,0.0,205.799,-9999,-9999,135.32,135.32,0.0,-9999,-9999,310.481,310.481,0.0,-9999,-9999,306.306,306.306,0.0,-9999,-9999,4.204,4.204,0.0,101.701,101.701,0.0,0.0,0.0,0.0,1.761,1.761,0.0,-9999,0.0,-9999,0.0,-9999,0.0,-9999,0.0,-9999,0.0,-9999,0.0,-9999,-9999,-9999,-9999,-9999,-9999,-9999,1.0,49.5623,-9999,-9999,-9999,-9999,-9999,-9999,72.6191,-9999,-9999,-9999,-9999,-9999,-9999,-9999,-9999,27,21,0,0,4.30873,0.0,-9999,-9999,4.35726,0.0,-9999,-9999,4.13409,0.0,0.0673315,3.1519,3.59588,3.99205,4.3163,4.41991,4.41991,4.51356,0.0,0.0,0.0,0.0,0.0,0.0,0.0,4.2849,0.254016,0.0,-9999,-9999,3.98134,0.677406,0.0,-9999,-9999,4.27383,0.251696,0.0,-9999,-9999,4.10247,0.589823,0.0,-9999,-9999,3.84745,3.97048,4.19878,4.24265,4.27334,4.37951,4.39849,0.0,0.0,0.0,0.0,0.0,0.0,0.0,1.99571,2.81547,3.39455,3.98134,4.28055,4.28055,4.48818,0.0,0.0,0.0,0.0,0.0,0.0,0.0,4.27497,4.29866,4.25832,0.0086057,4.16787,4.17027,4.1802,4.28279,4.29857,4.30337,4.30627,-0.0413303,-0.0586081,0.124392,0.0667728,-0.208902,-0.136356,-0.130069,-0.0723824,0.176622,0.649936,0.954634,4.72848,4.61755,4.43917,0.0755158,3.26402,3.94415,4.36674,4.4647,4.51837,4.72848,4.97793,0.666842,0.566363,0.710641,0.0791151,0.480386,0.488379,0.501161,0.557268,0.662562,0.687491,1.27654,-9999,-9999
20131118,-9999,-9999,-9999,-9999,-9999,-9999,-9999,-9999,10.221,8.974,1.518,11.825,3.564,10.221,0.0,8.974,1.518,0.0,11.825,3.564,0.0,203.959,-9999,-9999,89.182,89.182,0.0,-9999,-9999,329.047,329.047,0.0,-9999,-9999,327.947,327.947,0.0,-9999,-9999,3.189,3.189,0.0,102.021,102.021,0.0,0.046,0.046,0.0,2.498,2.498,0.0,-9999,-9999,-9999,-9999,-9999,-9999,-9999,-9999,-9999,-9999,-9999,-9999,-9999,-9999,-9999,-9999,-9999,-9999,-9999,1.0,49.8512,-9999,-9999,-9999,-9999,-9999,-9999,81.0666,-9999,-9999,-9999,-9999,-9999,-9999,-9999,-9999,27,21,0,0,4.04748,0.0,-9999,-9999,4.04092,0.0,-9999,-9999,3.92768,0.0,0.048317,3.20835,3.57622,3.9808,4.04863,4.05554,4.12192,4.12692,0.0,0.0,0.0,0.0,0.0,0.0,0.0,4.29927,0.273028,0.0,-9999,-9999,3.38744,0.530218,0.0,-9999,-9999,4.28803,0.271817,0.0,-9999,-9999,3.38744,0.530218,0.0,-9999,-9999,3.84745,3.96524,4.1963,4.2465,4.29927,4.37159,4.39602,0.0,0.0,0.0,0.0,0.0,0.0,0.0,2.12005,2.77889,3.37295,3.43802,3.4578,3.4578,3.48916,0.0,0.0,0.0,0.0,0.0,0.0,0.0,4.03494,4.07459,4.00648,0.0144445,3.8539,3.85799,3.87492,4.04804,4.07444,4.08247,4.0873,-0.0201102,0.0336688,0.0789677,0.0537112,-0.268932,-0.252454,-0.0831322,0.00814702,0.0341241,0.409764,0.709749,4.6314,4.51689,4.28826,0.0747999,2.98981,3.71212,4.22298,4.38088,4.40937,4.6314,4.87233,0.542175,0.451332,0.551781,0.0525391,0.38771,0.398562,0.409317,0.434846,0.542175,0.576533,0.869568,-9999,-9999
20131119,-9999,-9999,-9999,-9999,-9999,-9999,-9999,-9999,11.722,11.009,1.786,12.64,0.96,11.722,0.0,11.009,1.786,0.0,12.64,0.96,0.0,202.163,-9999,-9999,30.0,30.0,0.0,-9999,-9999,369.747,369.747,0.0,-9999,-9999,375.386,375.386,0.0,-9999,-9999,2.433,2.433,0.0,101.752,101.752,0.0,10.036,10.036,0.0,2.214,2.214,0.0,-9999,0.0,-9999,0.0,-9999,0.0,-9999,0.0,-9999,0.0,-9999,0.0,-9999,-9999,-9999,-9999,-9999,-9999,-9999,1.0,39.2804,0.0,52.3868,-9999,-9999,-9999,-9999,71.8801,0.0,95.8639,-9999,-9999,-9999,-9999,1.0,3,27,21,0,0,4.00413,0.0,-9999,-9999,4.00519,0.0,-9999,-9999,3.91822,0.0,0.0453276,3.1548,3.61641,4.00413,4.01533,4.01533,4.11297,4.1296,0.0,0.0,0.0,0.0,0.0,0.0,0.0,4.26747,0.256629,0.0,-9999,-9999,3.33284,1.02775,0.0,-9999,-9999,4.26747,0.256629,0.0,-9999,-9999,3.33517,1.03059,0.0,-9999,-9999,3.84745,3.94865,4.22691,4.22691,4.26747,4.34239,4.34544,0.0,0.0,0.0,0.0,0.0,0.0,0.0,2.0021,2.88873,3.33284,3.40965,3.40965,3.47232,3.50894,0.0,0.0,0.0,0.0,0.0,0.0,0.0,4.35342,4.37391,4.33789,0.00773467,4.2561,4.25838,4.26774,4.36022,4.37383,4.37796,4.38043,0.341847,0.368722,0.419674,0.0483829,0.12878,0.138146,0.287988,0.349981,0.365102,0.711316,0.956423,4.76731,4.65757,4.49113,0.0761264,3.335,4.01856,4.42082,4.49727,4.56426,4.76731,5.02004,0.273966,0.217684,0.258839,0.017808,0.191988,0.19595,0.202058,0.209075,0.279503,0.290635,0.363126,-9999,-9999
20131120,-9999,-9999,-9999,-9999,-9999,-9999,-9999,-9999,12.69,12.036,0.482,13.531,0.549,12.69,0.0,12.036,0.482,0.0,13.531,0.549,0.0,200.41,-9999,-9999,23.832,23.832,0.0,-9999,-9999,376.469,376.469,0.0,-9999,-9999,383.22,383.22,0.0,-9999,-9999,1.135,1.135,0.0,101.243,101.243,0.0,13.888,13.888,0.0,2.861,2.861,0.0,-9999,0.0,-9999,0.0,-9999,0.0,-9999,0.0,-9999,0.0,-9999,0.0,-9999,-9999,-9999,-9999,-9999,-9999,-9999,1.0,49.5623,0.0,66.5259,-9999,-9999,-9999,-9999,72.6191,0.0,96.8494,-9999,-9999,-9999,-9999,2.0,3,27,21,0,0,4.30873,0.0,-9999,-9999,4.35726,0.0,-9999,-9999,4.13409,0.0,0.0673315,3.1519,3.59588,3.99205,4.3163,4.41991,4.41991,4.51356,0.0,0.0,0.0,0.0,0.0,0.0,0.0,4.2849,0.254016,0.0,-9999,-9999,3.98134,0.677406,0.0,-9999,-9999,4.27383,0.251696,0.0,-9999,-9999,4.10247,0.589823,0.0,-9999,-9999,3.84745,3.97048,4.19878,4.24265,4.27334,4.37951,4.39849,0.0,0.0,0.0,0.0,0.0,0.0,0.0,1.99571,2.81547,3.39455,3.98134,4.28055,4.28055,4.48818,0.0,0.0,0.0,0.0,0.0,0.0,0.0,4.56692,4.57285,4.56225,0.00240112,4.53739,4.5381,4.54104,4.5689,4.57283,4.57401,4.57472,0.250625,0.215588,0.428323,0.0671703,0.0607673,0.146512,0.149424,0.206868,0.545577,0.963467,1.25193,4.8519,4.74536,4.62441,0.0798328,3.5812,4.2252,4.51623,4.56731,4.6689,4.8519,5.11209,0.237326,0.186401,0.221321,0.0142966,0.161254,0.166591,0.171346,0.181841,0.243268,0.249726,0.330237,-9999,-9999
20131121,-9999,-9999,-9999,-9999,-9999,-9999,-9999,-9999,12.962,12.179,0.988,13.969,1.987,12.962,0.0,12.179,0.988,0.0,13.969,1.987,0.0,198.703,-9999,-9999,121.328,121.328,0.0,-9999,-9999,329.77,329.77,0.0,-9999,-9999,328.789,328.789,0.0,-9999,-9999,6.379,6.379,0.0,101.352,101.352,0.0,0.509,0.509,0.0,5.38,5.38,0.0,-9999,0.0,-9999,0.0,-9999,0.0,-9999,0.0,-9999,0.0,-9999,0.0,-9999,-9999,-9999,-9999,-9999,-9999,-9999,1.0,49.8512,0.0,67.0566,-9999,-9999,-9999,-9999,81.0666,0.0,108.581,-9999,-9999,-9999,-9999,3.0,3,27,21,0,0,4.04748,0.0,-9999,-9999,4.04092,0.0,-9999,-9999,3.92768,0.0,0.048317,3.20835,3.57622,3.9808,4.04863,4.05554,4.12192,4.12692,0.0,0.0,0.0,0.0,0.0,0.0,0.0,4.29927,0.273028,0.0,-9999,-9999,3.38744,0.530218,0.0,-9999,-9999,4.28803,0.271817,0.0,-9999,-9999,3.38744,0.530218,0.0,-9999,-9999,3.84745,3.96524,4.1963,4.2465,4.29927,4.37159,4.39602,0.0,0.0,0.0,0.0,0.0,0.0,0.0,2.12005,2.77889,3.37295,3.43802,3.4578,3.4578,3.48916,0.0,0.0,0.0,0.0,0.0,0.0,0.0,4.63223,4.63249,4.63253,0.000393106,4.63194,4.63201,4.63204,4.63231,4.63249,4.63255,4.63259,0.577179,0.591574,0.705009,0.0484854,0.50506,0.505162,0.569721,0.583753,0.651254,1.05579,1.319,4.87355,4.76797,4.66362,0.081745,3.66772,4.28926,4.5367,4.58501,4.69516,4.87355,5.13574,0.627742,0.506973,0.642272,0.0720296,0.424114,0.427756,0.442914,0.501315,0.623336,0.633188,1.15356,-9999,-9999
20131122,-9999,-9999,-9999,-9999,-9999,-9999,-9999,-9999,13.873,12.362,2.17,15.816,3.212,13.873,0.0,12.362,2.17,0.0,15.816,3.212,0.0,197.04,-9999,-9999,135.125,135.125,0.0,-9999,-9999,294.704,294.704,0.0,-9999,-9999,287.917,287.917,0.0,-9999,-9999,12.875,12.875,0.0,101.54,101.54,0.0,0.0,0.0,0.0,5.94,5.94,0.0,-9999,0.0,-9999,0.0,-9999,0.0,-9999,0.0,-9999,0.0,-9999,0.0,-9999,-9999,-9999,-9999,-9999,-9999,-9999,1.0,39.2804,0.0,53.6787,-9999,-9999,-9999,-9999,71.8801,0.0,96.4824,-9999,-9999,-9999,-9999,4.0,3,27,21,0,0,4.00413,0.0,-9999,-9999,4.00519,0.0,-9999,-9999,3.91822,0.0,0.0453276,3.1548,3.61641,4.00413,4.01533,4.01533,4.11297,4.1296,0.0,0.0,0.0,0.0,0.0,0.0,0.0,4.26747,0.256629,0.0,-9999,-9999,3.33284,1.02775,0.0,-9999,-9999,4.26747,0.256629,0.0,-9999,-9999,3.33517,1.03059,0.0,-9999,-9999,3.84745,3.94865,4.22691,4.22691,4.26747,4.34239,4.34544,0.0,0.0,0.0,0.0,0.0,0.0,0.0,2.0021,2.88873,3.33284,3.40965,3.40965,3.47232,3.50894,0.0,0.0,0.0,0.0,0.0,0.0,0.0,4.85146,4.83248,4.8688,0.00762789,4.82115,4.82783,4.8323,4.84461,4.88919,4.94835,4.95093,0.839889,0.827289,0.950585,0.0437642,0.803709,0.809531,0.813492,0.828366,0.921075,1.25755,1.46669,4.94565,4.84329,4.79519,0.0901341,3.96084,4.50446,4.60488,4.66761,4.78268,4.94565,5.21448,0.660567,0.369747,0.557494,0.08645,0.257302,0.261311,0.283317,0.394816,0.495959,0.656158,1.27286,-9999,-9999
20131123,-9999,-9999,-9999,-9999,-9999,-9999,-9999,-9999,11.287,9.584,2.059,13.672,3.714,11.287,0.0,9.584,2.059,0.0,13.672,3.714,0.0,195.425,-9999,-9999,134.473,134.473,0.0,-9999,-9999,292.82,292.82,0.0,-9999,-9999,285.72,285.72,0.0,-9999,-9999,8.545,8.545,0.0,101.762,101.762,0.0,0.0,0.0,0.0,2.406,2.406,0.0,-9999,0.0,-9999,0.0,-9999,0.0,-9999,0.0,-9999,0.0,-9999,0.0,-9999,-9999,-9999,-9999,-9999,-9999,-9999,1.0,49.5623,0.0,67.5741,-9999,-9999,-9999,-9999,72.6191,0.0,97.5993,-9999,-9999,-9999,-9999,5.0,3,28,20,0,0,4.30873,0.0,-9999,-9999,4.35726,0.0,-9999,-9999,4.13409,0.0,0.0673315,3.1519,3.59588,3.99205,4.3163,4.41991,4.41991,4.51356,0.0,0.0,0.0,0.0,0.0,0.0,0.0,4.25479,0.295848,0.0,-9999,-9999,4.00832,0.683329,0.0,-9999,-9999,4.24412,0.292803,0.0,-9999,-9999,4.13551,0.58487,0.0,-9999,-9999,3.70363,3.84053,4.1651,4.22306,4.25041,4.36212,4.38043,0.0,0.0,0.0,0.0,0.0,0.0,0.0,2.10448,2.93965,3.40148,4.00832,4.30987,4.30987,4.52788,0.0,0.0,0.0,0.0,0.0,0.0,0.0,4.27386,4.29625,4.25893,0.00795072,4.17583,4.17796,4.18682,4.28122,4.29616,4.30073,4.30349,-0.0424423,-0.0610185,0.125,0.0667862,-0.211605,-0.137966,-0.131668,-0.0744484,0.184492,0.650752,0.953962,4.72297,4.61201,4.43643,0.0756244,3.2748,3.94403,4.3611,4.45985,4.5126,4.72297,4.97204,0.658766,0.481938,0.642102,0.0815464,0.384689,0.386689,0.405355,0.48661,0.608487,0.654401,1.26728,-9999,-9999
20131124,-9999,-9999,-9999,-9999,-9999,-9999,-9999,-9999,9.124,7.16,2.691,11.874,4.357,9.124,0.0,7.16,2.691,0.0,11.874,4.357,0.0,193.857,-9999,-9999,130.75,130.75,0.0,-9999,-9999,296.361,296.361,0.0,-9999,-9999,289.848,289.848,0.0,-9999,-9999,4.649,4.649,0.0,102.298,102.298,0.0,0.0,0.0,0.0,1.817,1.817,0.0,-9999,0.0,-9999,0.0,-9999,0.0,-9999,0.0,-9999,0.0,-9999,0.0,-9999,-9999,-9999,-9999,-9999,-9999,-9999,1.0,49.8512,0.0,66.4847,-9999,-9999,-9999,-9999,81.0666,0.0,108.116,-9999,-9999,-9999,-9999,1.0,3,28,20,0,0,4.04748,0.0,-9999,-9999,4.04092,0.0,-9999,-9999,3.92768,0.0,0.048317,3.20835,3.57622,3.9808,4.04863,4.05554,4.12192,4.12692,0.0,0.0,0.0,0.0,0.0,0.0,0.0,4.26864,0.313125,0.0,-9999,-9999,3.38472,0.543842,0.0,-9999,-9999,4.2578,0.311011,0.0,-9999,-9999,3.38472,0.543842,0.0,-9999,-9999,3.70363,3.83548,4.16271,4.22678,4.26864,4.35449,4.37804,0.0,0.0,0.0,0.0,0.0,0.0,0.0,2.23503,2.90124,3.3788,3.41529,3.44598,3.44598,3.47891,0.0,0.0,0.0,0.0,0.0,0.0,0.0,3.81786,3.86761,3.78408,0.0176301,3.59862,3.60343,3.6234,3.83423,3.86742,3.87758,3.88369,-0.237185,-0.173307,-0.143441,0.0553124,-0.523497,-0.504065,-0.338413,-0.202074,-0.17105,0.181062,0.493448,4.52682,4.40907,4.14455,0.0759276,2.77802,3.50526,4.07682,4.26768,4.29644,4.52682,4.75847,0.650562,0.55215,0.691813,0.0765175,0.46854,0.476516,0.489,0.542918,0.646555,0.670096,1.2357,-9999,-9999
20131125,-9999,-9999,-9999,-9999,-9999,-9999,-9999,-9999,8.942,6.716,2.959,12.058,4.386,8.942,0.0,6.716,2.959,0.0,12.058,4.386,0.0,192.337,-9999,-9999,129.871,129.871,0.0,-9999,-9999,299.545,299.545,0.0,-9999,-9999,293.559,293.559,0.0,-9999,-9999,4.658,4.658,0.0,102.641,102.641,0.0,0.0,0.0,0.0,1.857,1.857,0.0,-9999,-9999,-9999,-9999,-9999,-9999,-9999,-9999,-9999,-9999,-9999,-9999,-9999,-9999,-9999,-9999,-9999,-9999,-9999,1.0,39.2804,0.0,52.7248,-9999,-9999,-9999,-9999,71.8801,0.0,95.8639,-9999,-9999,-9999,-9999,2.0,3,28,20,0,0,4.00413,0.0,-9999,-9999,4.00519,0.0,-9999,-9999,3.91822,0.0,0.0453276,3.1548,3.61641,4.00413,4.01533,4.01533,4.11297,4.1296,0.0,0.0,0.0,0.0,0.0,0.0,0.0,4.23775,0.296912,0.0,-9999,-9999,3.32773,1.05417,0.0,-9999,-9999,4.23775,0.296912,0.0,-9999,-9999,3.33017,1.0571,0.0,-9999,-9999,3.70363,3.90883,4.19863,4.19863,4.23775,4.32633,4.32927,0.0,0.0,0.0,0.0,0.0,0.0,0.0,2.11119,2.89149,3.32773,3.40837,3.40837,3.4513,3.48976,0.0,0.0,0.0,0.0,0.0,0.0,0.0,3.78461,3.83532,3.7507,0.0178415,3.56328,3.56809,3.5881,3.80128,3.83513,3.8455,3.85175,-0.226958,-0.169869,-0.167518,0.0536569,-0.561505,-0.542037,-0.404838,-0.200209,-0.169009,0.10668,0.382844,4.50846,4.39022,4.12148,0.0761168,2.75029,3.47397,4.0522,4.2464,4.28092,4.50846,4.73861,0.647964,0.548392,0.687489,0.0760738,0.464953,0.472728,0.485352,0.539362,0.644026,0.665902,1.228,-9999,-9999
20131126,-9999,-9999,-9999,-9999,-9999,-9999,-9999,-9999,10.24,8.361,3.588,12.871,4.312,10.24,0.0,8.361,3.588,0.0,12.871,4.312,0.0,190.866,-9999,-9999,107.023,107.023,0.0,-9999,-9999,316.341,316.341,0.0,-9999,-9999,313.136,313.136,0.0,-9999,-9999,5.492,5.492,0.0,102.243,102.243,0.0,0.0,0.0,0.0,1.581,1.581,0.0,-9999,0.0,-9999,0.0,-9999,0.0,-9999,0.0,-9999,0.0,-9999,0.0,-9999,-9999,-9999,-9999,-9999,-9999,-9999,1.0,49.5623,0.0,66.6681,-9999,-9999,-9999,-9999,72.6191,0.0,97.266,-9999,-9999,-9999,-9999,3.0,3,28,20,0,0,4.30873,0.0,-9999,-9999,4.35726,0.0,-9999,-9999,4.13409,0.0,0.0673315,3.1519,3.59588,3.99205,4.3163,4.41991,4.41991,4.51356,0.0,0.0,0.0,0.0,0.0,0.0,0.0,4.25479,0.295848,0.0,-9999,-9999,4.00832,0.683329,0.0,-9999,-9999,4.24412,0.292803,0.0,-9999,-9999,4.13551,0.58487,0.0,-9999,-9999,3.70363,3.84053,4.1651,4.22306,4.25041,4.36212,4.38043,0.0,0.0,0.0,0.0,0.0,0.0,0.0,2.10448,2.93965,3.40148,4.00832,4.30987,4.30987,4.52788,0.0,0.0,0.0,0.0,0.0,0.0,0.0,4.06083,4.09433,4.03922,0.0116496,3.91749,3.92054,3.93328,4.07182,4.0942,4.10108,4.10522,-0.255467,-0.262934,-0.0947126,0.0667878,-0.410647,-0.347008,-0.3408,-0.279552,-0.0735419,0.424589,0.737649,4.62508,4.51094,4.29749,0.0745553,3.05712,3.74021,4.22219,4.37469,4.40454,4.62508,4.8658,0.592509,0.48876,0.607734,0.0633292,0.414186,0.422103,0.434868,0.477748,0.591047,0.618325,1.02936,-9999,-9999
20131127,-9999,-9999,-9999,-9999,-9999,-9999,-9999,-9999,11.383,8.789,2.32,15.015,4.032,11.383,0.0,8.789,2.32,0.0,15.015,4.032,0.0,189.443,-9999,-9999,111.015,111.015,0.0,-9999,-9999,325.146,325.146,0.0,-9999,-9999,323.399,323.399,0.0,-9999,-9999,6.345,6.345,0.0,101.406,101.406,0.0,0.0,0.0,0.0,2.766,2.766,0.0,-9999,0.0,-9999,0.0,-9999,0.0,-9999,0.0,-9999,0.0,-9999,0.0,-9999,-9999,-9999,-9999,-9999,-9999,-9999,1.0,49.8512,0.0,68.1243,-9999,-9999,-9999,-9999,81.0666,0.0,108.813,-9999,-9999,-9999,-9999,4.0,3,28,20,0,0,4.04748,0.0,-9999,-9999,4.04092,0.0,-9999,-9999,3.92768,0.0,0.048317,3.20835,3.57622,3.9808,4.04863,4.05554,4.12192,4.12692,0.0,0.0,0.0,0.0,0.0,0.0,0.0,4.26864,0.313125,0.0,-9999,-9999,3.38472,0.543842,0.0,-9999,-9999,4.2578,0.311011,0.0,-9999,-9999,3.38472,0.543842,0.0,-9999,-9999,3.70363,3.83548,4.16271,4.22678,4.26864,4.35449,4.37804,0.0,0.0,0.0,0.0,0.0,0.0,0.0,2.23503,2.90124,3.3788,3.41529,3.44598,3.44598,3.47891,0.0,0.0,0.0,0.0,0.0,0.0,0.0,4.30702,4.32438,4.29755,0.00570729,4.23928,4.24058,4.24607,4.31266,4.32431,4.32792,4.33011,0.251967,0.283459,0.370029,0.0500943,0.113658,0.119112,0.258916,0.26626,0.283391,0.710529,0.988754,4.72644,4.61594,4.45358,0.0763731,3.33872,3.97807,4.37103,4.46221,4.51853,4.72644,4.976,0.603135,0.455387,0.587444,0.0673505,0.374544,0.376048,0.392794,0.45315,0.57637,0.601148,1.06518,-9999,-9999
20131128,-9999,-9999,-9999,-9999,-9999,-9999,-9999,-9999,12.727,10.984,3.012,15.167,4.106,12.727,0.0,10.984,3.012,0.0,15.167,4.106,0.0,188.072,-9999,-9999,112.462,112.462,0.0,-9999,-9999,329.661,329.661,0.0,-9999,-9999,328.662,328.662,0.0,-9999,-9999,6.807,6.807,0.0,101.516,101.516,0.0,0.0,0.0,0.0,1.997,1.997,0.0,-9999,0.0,-9999,0.0,-9999,0.0,-9999,0.0,-9999,0.0,-9999,0.0,-9999,-9999,-9999,-9999,-9999,-9999,-9999,1.0,39.2804,0.0,53.5555,-9999,-9999,-9999,-9999,71.8801,0.0,96.6061,-9999,-9999,-9999,-9999,5.0,3,28,20,0,0,4.00413,0.0,-9999,-9999,4.00519,0.0,-9999,-9999,3.91822,0.0,0.0453276,3.1548,3.61641,4.00413,4.01533,4.01533,4.11297,4.1296,0.0,0.0,0.0,0.0,0.0,0.0,0.0,4.23775,0.296912,0.0,-9999,-9999,3.32773,1.05417,0.0,-9999,-9999,4.23775,0.296912,0.0,-9999,-9999,3.33017,1.0571,0.0,-9999,-9999,3.70363,3.90883,4.19863,4.19863,4.23775,4.32633,4.32927,0.0,0.0,0.0,0.0,0.0,0.0,0.0,2.11119,2.89149,3.32773,3.40837,3.40837,3.4513,3.48976,0.0,0.0,0.0,0.0,0.0,0.0,0.0,4.60176,4.59925,4.6071,0.00172345,4.59814,4.59876,4.59923,4.60076,4.61071,4.62539,4.62623,0.590195,0.594056,0.688878,0.0450064,0.492883,0.496082,0.575102,0.585309,0.614095,0.989337,1.212,4.84442,4.73832,4.63828,0.0824142,3.67748,4.26319,4.50932,4.55999,4.66321,4.84442,5.10436,0.60164,0.464372,0.595527,0.0677024,0.384483,0.387057,0.402413,0.460887,0.589376,0.599437,1.07567,-9999,-9999
20131129,-9999,-9999,-9999,-9999,-9999,-9999,-9999,-9999,12.022,10.065,2.655,14.762,4.376,12.022,0.0,10.065,2.655,0.0,14.762,4.376,0.0,186.752,-9999,-9999,121.775,121.775,0.0,-9999,-9999,317.929,317.929,0.0,-9999,-9999,314.987,314.987,0.0,-9999,-9999,5.422,5.422,0.0,102.206,102.206,0.0,0.0,0.0,0.0,1.6,1.6,0.0,-9999,0.0,-9999,0.0,-9999,0.0,-9999,0.0,-9999,0.0,-9999,0.0,-9999,-9999,-9999,-9999,-9999,-9999,-9999,1.0,49.5623,0.0,68.1308,-9999,-9999,-9999,-9999,72.6191,0.0,98.65,-9999,-9999,-9999,-9999,6.0,3,28,20,0,0,4.30873,0.0,-9999,-9999,4.35726,0.0,-9999,-9999,4.13409,0.0,0.0673315,3.1519,3.59588,3.99205,4.3163,4.41991,4.41991,4.51356,0.0,0.0,0.0,0.0,0.0,0.0,0.0,4.25479,0.295848,0.0,-9999,-9999,4.00832,0.683329,0.0,-9999,-9999,4.24412,0.292803,0.0,-9999,-9999,4.13551,0.58487,0.0,-9999,-9999,3.70363,3.84053,4.1651,4.22306,4.25041,4.36212,4.38043,0.0,0.0,0.0,0.0,0.0,0.0,0.0,2.10448,2.93965,3.40148,4.00832,4.30987,4.30987,4.52788,0.0,0.0,0.0,0.0,0.0,0.0,0.0,4.44551,4.45395,4.44239,0.00253491,4.41811,4.4185,4.42025,4.44821,4.45392,4.45572,4.45683,0.129211,0.0966889,0.308464,0.0671534,-0.0573449,0.0285715,0.0289069,0.0871583,0.426186,0.840329,1.12995,4.78329,4.67487,4.54084,0.078612,3.49379,4.11174,4.45159,4.50939,4.58773,4.78329,5.03782,0.62676,0.510472,0.645619,0.0722078,0.427704,0.433087,0.447591,0.504053,0.623544,0.631745,1.15787,-9999,-9999
20131130,-9999,-9999,-9999,-9999,-9999,-9999,-9999,-9999,10.829,8.587,2.76,13.969,4.337,10.829,0.0,8.587,2.76,0.0,13.969,4.337,0.0,185.482,-9999,-9999,118.883,118.883,0.0,-9999,-9999,316.391,316.391,0.0,-9999,-9999,313.195,313.195,0.0,-9999,-9999,4.508,4.508,0.0,102.485,102.485,0.0,0.0,0.0,0.0,1.952,1.952,0.0,-9999,0.0,-9999,0.0,-9999,0.0,-9999,0.0,-9999,0.0,-9999,0.0,-9999,-9999,-9999,-9999,-9999,-9999,-9999,1.0,49.8512,0.0,68.9278,-9999,-9999,-9999,-9999,81.0666,0.0,110.963,-9999,-9999,-9999,-9999,7.0,3,28,20,0,0,4.04748,0.0,-9999,-9999,4.04092,0.0,-9999,-9999,3.92768,0.0,0.048317,3.20835,3.57622,3.9808,4.04863,4.05554,4.12192,4.12692,0.0,0.0,0.0,0.0,0.0,0.0,0.0,4.26864,0.313125,0.0,-9999,-9999,3.38472,0.543842,0.0,-9999,-9999,4.2578,0.311011,0.0,-9999,-9999,3.38472,0.543842,0.0,-9999,-9999,3.70363,3.83548,4.16271,4.22678,4.26864,4.35449,4.37804,0.0,0.0,0.0,0.0,0.0,0.0,0.0,2.23503,2.90124,3.3788,3.41529,3.44598,3.44598,3.47891,0.0,0.0,0.0,0.0,0.0,0.0,0.0,4.1862,4.21179,4.1704,0.00876741,4.07935,4.08157,4.09085,4.19458,4.21169,4.21696,4.22015,0.131155,0.170873,0.242884,0.0512216,-0.0453525,-0.036327,0.131155,0.15172,0.171521,0.579415,0.865426,4.67789,4.56561,4.3775,0.0750778,3.19799,3.86113,4.29913,4.42005,4.45964,4.67789,4.92319,0.617229,0.517158,0.646294,0.0699345,0.438329,0.44603,0.458565,0.507627,0.614302,0.636078,1.13167,-9999,-9999
20131201,-9999,-9999,-9999,-9999,-9999,-9999,-9999,-9999,10.642,8.496,3.263,13.647,4.883,10.642,0.0,8.496,3.263,0.0,13.647,4.883,0.0,184.266,-9999,-9999,120.844,120.844,0.0,-9999,-9999,311.063,311.063,0.0,-9999,-9999,306.984,306.984,0.0,-9999,-9999,4.984,4.984,0.0,102.574,102.574,0.0,0.0,0.0,0.0,2.687,2.687,0.0,-9999,0.0,-9999,0.0,-9999,0.0,-9999,0.0,-9999,0.0,-9999,0.0,-9999,-9999,-9999,-9999,-9999,-9999,-9999,1.0,39.2804,0.0,54.5482,-9999,-9999,-9999,-9999,71.8801,0.0,98.2281,-9999,-9999,-9999,-9999,8.0,3,28,20,0,0,4.00413,0.0,-9999,-9999,4.00519,0.0,-9999,-9999,3.91822,0.0,0.0453276,3.1548,3.61641,4.00413,4.01533,4.01533,4.11297,4.1296,0.0,0.0,0.0,0.0,0.0,0.0,0.0,4.23775,0.296912,0.0,-9999,-9999,3.32773,1.05417,0.0,-9999,-9999,4.23775,0.296912,0.0,-9999,-9999,3.33017,1.0571,0.0,-9999,-9999,3.70363,3.90883,4.19863,4.19863,4.23775,4.32633,4.32927,0.0,0.0,0.0,0.0,0.0,0.0,0.0,2.11119,2.89149,3.32773,3.40837,3.40837,3.4513,3.48976,0.0,0.0,0.0,0.0,0.0,0.0,0.0,4.15187,4.17849,4.1359,0.00900581,4.04261,4.04484,4.05419,4.16057,4.17839,4.18389,4.18722,0.140303,0.173305,0.217678,0.0489604,-0.0847553,-0.0754106,0.074497,0.152503,0.171894,0.503863,0.753254,4.65912,4.54633,4.35378,0.0748994,3.16905,3.8288,4.27389,4.40316,4.4378,4.65912,4.90288,0.623516,0.501919,0.637246,0.0719126,0.419568,0.42412,0.438224,0.496634,0.618816,0.628509,1.14965,-9999,-9999
20131202,-9999,-9999,-9999,-9999,-9999,-9999,-9999,-9999,10.256,8.293,2.159,13.005,3.671,10.256,0.0,8.293,2.159,0.0,13.005,3.671,0.0,183.101,-9999,-9999,120.011,120.011,0.0,-9999,-9999,307.473,307.473,0.0,-9999,-9999,302.8,302.8,0.0,-9999,-9999,3.655,3.655,0.0,101.943,101.943,0.0,0.0,0.0,0.0,3.016,3.016,0.0,-9999,-9999,-9999,-9999,-9999,-9999,-9999,-9999,-9999,-9999,-9999,-9999,-9999,-9999,-9999,-9999,-9999,-9999,-9999,1.0,49.5623,0.0,68.6183,-9999,-9999,-9999,-9999,72.6191,0.0,99.1113,-9999,-9999,-9999,-9999,9.0,3,28,20,0,0,4.30873,0.0,-9999,-9999,4.35726,0.0,-9999,-9999,4.13409,0.0,0.0673315,3.1519,3.59588,3.99205,4.3163,4.41991,4.41991,4.51356,0.0,0.0,0.0,0.0,0.0,0.0,0.0,4.25479,0.295848,0.0,-9999,-9999,4.00832,0.683329,0.0,-9999,-9999,4.24412,0.292803,0.0,-9999,-9999,4.13551,0.58487,0.0,-9999,-9999,3.70363,3.84053,4.1651,4.22306,4.25041,4.36212,4.38043,0.0,0.0,0.0,0.0,0.0,0.0,0.0,2.10448,2.93965,3.40148,4.00832,4.30987,4.30987,4.52788,0.0,0.0,0.0,0.0,0.0,0.0,0.0,4.0517,4.08831,4.02655,0.0130798,3.88899,3.89258,3.90749,4.06376,4.08817,4.09562,4.10011,-0.2646,-0.268959,-0.107382,0.066845,-0.415947,-0.354456,-0.348785,-0.286417,-0.101858,0.411072,0.727495,4.63106,4.51679,4.29592,0.0746545,3.02579,3.72966,4.22604,4.38023,4.41006,4.63106,4.8721,0.619562,0.524182,0.653368,0.0703937,0.445703,0.454071,0.466023,0.513913,0.616484,0.641546,1.1413,-9999,-9999
20131203,-9999,-9999,-9999,-9999,-9999,-9999,-9999,-9999,9.152,8.298,1.365,10.347,0.874,9.152,0.0,8.298,1.365,0.0,10.347,0.874,0.0,181.99,-9999,-9999,97.123,97.123,0.0,-9999,-9999,311.299,311.299,0.0,-9999,-9999,307.259,307.259,0.0,-9999,-9999,4.733,4.733,0.0,101.194,101.194,0.0,0.695,0.695,0.0,3.958,3.958,0.0,-9999,0.0,-9999,0.0,-9999,0.0,-9999,0.0,-9999,0.0,-9999,0.0,-9999,-9999,-9999,-9999,-9999,-9999,-9999,1.0,49.8512,0.0,69.2492,-9999,-9999,-9999,-9999,81.0666,0.0,111.176,-9999,-9999,-9999,-9999,10.0,3,28,20,0,0,4.04748,0.0,-9999,-9999,4.04092,0.0,-9999,-9999,3.92768,0.0,0.048317,3.20835,3.57622,3.9808,4.04863,4.05554,4.12192,4.12692,0.0,0.0,0.0,0.0,0.0,0.0,0.0,4.26864,0.313125,0.0,-9999,-9999,3.38472,0.543842,0.0,-9999,-9999,4.2578,0.311011,0.0,-9999,-9999,3.38472,0.543842,0.0,-9999,-9999,3.70363,3.83548,4.16271,4.22678,4.26864,4.35449,4.37804,0.0,0.0,0.0,0.0,0.0,0.0,0.0,2.23503,2.90124,3.3788,3.41529,3.44598,3.44598,3.47891,0.0,0.0,0.0,0.0,0.0,0.0,0.0,3.79318,3.85051,3.75093,0.0210856,3.52737,3.53345,3.5586,3.81216,3.85029,3.86187,3.86883,-0.261867,-0.19041,-0.176588,0.0572003,-0.593469,-0.569,-0.409664,-0.227736,-0.186754,0.145754,0.470614,4.54003,4.4219,4.13916,0.0774842,2.70079,3.47732,4.0843,4.27925,4.30878,4.54003,4.77235,0.559591,0.468844,0.576255,0.0573078,0.401126,0.410859,0.421835,0.45394,0.558908,0.599666,0.940836,-9999,-9999
20131204,-9999,-9999,-9999,-9999,-9999,-9999,-9999,-9999,4.674,2.922,1.745,7.128,3.027,4.674,0.0,2.922,1.745,0.0,7.128,3.027,0.0,180.933,-9999,-9999,126.722,126.722,0.0,-9999,-9999,262.664,262.664,0.0,-9999,-9999,250.571,250.571,0.0,-9999,-9999,5.715,5.715,0.0,101.646,101.646,0.0,0.0,0.0,0.0,3.094,3.094,0.0,-9999,0.0,-9999,0.0,-9999,0.0,-9999,0.0,-9999,0.0,-9999,0.0,-9999,-9999,-9999,-9999,-9999,-9999,-9999,1.0,39.2804,0.0,54.7139,-9999,-9999,-9999,-9999,71.8801,0.0,98.9653,-9999,-9999,-9999,-9999,11.0,3,28,20,0,0,4.00413,0.0,-9999,-9999,4.00519,0.0,-9999,-9999,3.91822,0.0,0.0453276,3.1548,3.61641,4.00413,4.01533,4.01533,4.11297,4.1296,0.0,0.0,0.0,0.0,0.0,0.0,0.0,4.23775,0.296912,0.0,-9999,-9999,3.32773,1.05417,0.0,-9999,-9999,4.23775,0.296912,0.0,-9999,-9999,3.33017,1.0571,0.0,-9999,-9999,3.70363,3.90883,4.19863,4.19863,4.23775,4.32633,4.32927,0.0,0.0,0.0,0.0,0.0,0.0,0.0,2.11119,2.89149,3.32773,3.40837,3.40837,3.4513,3.48976,0.0,0.0,0.0,0.0,0.0,0.0,0.0,2.90587,3.00558,2.83983,0.0347908,2.47404,2.48338,2.52224,2.9386,3.00519,3.02563,3.03794,-1.1057,-0.999614,-1.07839,0.0651179,-1.64621,-1.60841,-1.49407,-1.0515,-0.988665,-0.831096,-0.484583,4.11466,3.98341,3.55151,0.0980408,1.82149,2.63092,3.29106,3.80946,3.9461,3.99292,4.13268,0.633905,0.537883,0.673332,0.0742227,0.456508,0.464333,0.4765,0.528743,0.630046,0.652727,1.19907,-9999,-9999
20131205,-9999,-9999,-9999,-9999,-9999,-9999,-9999,-9999,3.166,1.407,3.024,5.629,3.862,3.166,0.0,1.407,3.024,0.0,5.629,3.862,0.0,179.93,-9999,-9999,125.077,125.077,0.0,-9999,-9999,261.851,261.851,0.0,-9999,-9999,249.623,249.623,0.0,-9999,-9999,4.69,4.69,0.0,102.068,102.068,0.0,0.0,0.0,0.0,2.546,2.546,0.0,-9999,0.0,-9999,0.0,-9999,0.0,-9999,0.0,-9999,0.0,-9999,0.0,-9999,-9999,-9999,-9999,-9999,-9999,-9999,1.0,49.5623,0.0,69.4734,-9999,-9999,-9999,-9999,72.6191,0.0,100.624,-9999,-9999,-9999,-9999,11.0,3,28,20,0,0,4.30873,0.0,-9999,-9999,4.35726,0.0,-9999,-9999,4.13409,0.0,0.0673315,3.1519,3.59588,3.99205,4.3163,4.41991,4.41991,4.51356,0.0,0.0,0.0,0.0,0.0,0.0,0.0,4.25479,0.295848,0.0,-9999,-9999,4.00832,0.683329,0.0,-9999,-9999,4.24412,0.292803,0.0,-9999,-9999,4.13551,0.58487,0.0,-9999,-9999,3.70363,3.84053,4.1651,4.22306,4.25041,4.36212,4.38043,0.0,0.0,0.0,0.0,0.0,0.0,0.0,2.10448,2.93965,3.40148,4.00832,4.30987,4.30987,4.52788,0.0,0.0,0.0,0.0,0.0,0.0,0.0,2.64074,2.74789,2.57266,0.036695,2.18823,2.19782,2.2378,2.67581,2.74747,2.76955,2.78288,-1.67555,-1.60938,-1.56127,0.071998,-1.94035,-1.90145,-1.76797,-1.73192,-1.64533,-1.08336,-0.670514,3.9619,3.82698,3.36226,0.104193,1.59285,2.38145,3.04675,3.63747,3.81533,3.83031,3.9824,0.629562,0.533954,0.667797,0.0733018,0.453306,0.461188,0.473282,0.52465,0.625834,0.64787,1.18488,-9999,-9999
20131206,-9999,-9999,-9999,-9999,-9999,-9999,-9999,-9999,3.438,2.426,3.199,4.853,3.221,3.438,0.0,2.426,3.199,0.0,4.853,3.221,0.0,178.982,-9999,-9999,108.457,108.457,0.0,-9999,-9999,298.488,298.488,0.0,-9999,-9999,292.327,292.327,0.0,-9999,-9999,3.26,3.26,0.0,102.047,102.047,0.0,9.048,9.048,0.0,3.456,3.456,0.0,-9999,0.0,-9999,0.0,-9999,0.0,-9999,0.0,-9999,0.0,-9999,0.0,-9999,-9999,-9999,-9999,-9999,-9999,-9999,1.0,49.8512,0.0,70.3695,-9999,-9999,-9999,-9999,81.0666,0.0,113.255,-9999,-9999,-9999,-9999,11.0,3,28,20,0,0,4.04748,0.0,-9999,-9999,4.04092,0.0,-9999,-9999,3.92768,0.0,0.048317,3.20835,3.57622,3.9808,4.04863,4.05554,4.12192,4.12692,0.0,0.0,0.0,0.0,0.0,0.0,0.0,4.26864,0.313125,0.0,-9999,-9999,3.38472,0.543842,0.0,-9999,-9999,4.2578,0.311011,0.0,-9999,-9999,3.38472,0.543842,0.0,-9999,-9999,3.70363,3.83548,4.16271,4.22678,4.26864,4.35449,4.37804,0.0,0.0,0.0,0.0,0.0,0.0,0.0,2.23503,2.90124,3.3788,3.41529,3.44598,3.44598,3.47891,0.0,0.0,0.0,0.0,0.0,0.0,0.0,2.67978,2.78747,2.61029,0.0371328,2.22073,2.23054,2.27136,2.71506,2.78706,2.8092,2.82257,-1.37527,-1.25345,-1.31723,0.0676121,-1.89639,-1.85666,-1.7163,-1.31992,-1.23942,-1.02581,-0.631323,3.99196,3.85752,3.39398,0.104112,1.615,2.41708,3.08294,3.67032,3.84142,3.86303,4.01205,0.583274,0.491497,0.609339,0.0636709,0.41898,0.427794,0.439123,0.480112,0.581275,0.612104,1.03763,-9999,-9999
20131207,-9999,-9999,-9999,-9999,-9999,-9999,-9999,-9999,4.793,4.312,1.737,5.466,1.232,4.793,0.0,4.312,1.737,0.0,5.466,1.232,0.0,178.089,-9999,-9999,113.471,113.471,0.0,-9999,-9999,286.888,286.888,0.0,-9999,-9999,278.806,278.806,0.0,-9999,-9999,3.059,3.059,0.0,101.908,101.908,0.0,2.627,2.627,0.0,3.488,3.488,0.0,-9999,0.0,-9999,0.0,-9999,0.0,-9999,0.0,-9999,0.0,-9999,0.0,-9999,-9999,-9999,-9999,-9999,-9999,-9999,1.0,39.2804,0.0,55.8349,-9999,-9999,-9999,-9999,71.8801,0.0,101.129,-9999,-9999,-9999,-9999,11.0,3,28,20,0,0,4.00413,0.0,-9999,-9999,4.00519,0.0,-9999,-9999,3.91822,0.0,0.0453276,3.1548,3.61641,4.00413,4.01533,4.01533,4.11297,4.1296,0.0,0.0,0.0,0.0,0.0,0.0,0.0,4.23775,0.296912,0.0,-9999,-9999,3.32773,1.05417,0.0,-9999,-9999,4.23775,0.296912,0.0,-9999,-9999,3.33017,1.0571,0.0,-9999,-9999,3.70363,3.90883,4.19863,4.19863,4.23775,4.32633,4.32927,0.0,0.0,0.0,0.0,0.0,0.0,0.0,2.11119,2.89149,3.32773,3.40837,3.40837,3.4513,3.48976,0.0,0.0,0.0,0.0,0.0,0.0,0.0,2.91102,3.01372,2.84166,0.0361474,2.46094,2.47077,2.51161,2.94479,3.01333,3.03432,3.04697,-1.10055,-0.991466,-1.07656,0.0661352,-1.65883,-1.61909,-1.50718,-1.04473,-0.979707,-0.830162,-0.478696,4.13153,4.00028,3.5621,0.0994853,1.80333,2.63367,3.26718,3.82671,3.96116,4.00775,4.14942,0.601143,0.507634,0.630417,0.0667229,0.432158,0.440721,0.452354,0.496787,0.598576,0.625904,1.08445,-9999,-9999
20131208,-9999,-9999,-9999,-9999,-9999,-9999,-9999,-9999,1.277,-0.784,2.08,4.162,3.273,1.277,0.0,-0.784,2.08,0.0,4.162,3.273,0.0,177.253,-9999,-9999,122.77,122.77,0.0,-9999,-9999,257.824,257.824,0.0,-9999,-9999,244.929,244.929,0.0,-9999,-9999,3.768,3.768,0.0,102.553,102.553,0.0,0.0,0.0,0.0,2.79,2.79,0.0,-9999,0.0,-9999,0.0,-9999,0.0,-9999,0.0,-9999,0.0,-9999,0.0,-9999,-9999,-9999,-9999,-9999,-9999,-9999,1.0,49.5623,0.0,70.4501,-9999,-9999,-9999,-9999,72.6191,0.0,102.696,-9999,-9999,-9999,-9999,11.0,3,28,20,0,0,4.30873,0.0,-9999,-9999,4.35726,0.0,-9999,-9999,4.13409,0.0,0.0673315,3.1519,3.59588,3.99205,4.3163,4.41991,4.41991,4.51356,0.0,0.0,0.0,0.0,0.0,0.0,0.0,4.25479,0.295848,0.0,-9999,-9999,4.00832,0.683329,0.0,-9999,-9999,4.24412,0.292803,0.0,-9999,-9999,4.13551,0.58487,0.0,-9999,-9999,3.70363,3.84053,4.1651,4.22306,4.25041,4.36212,4.38043,0.0,0.0,0.0,0.0,0.0,0.0,0.0,2.10448,2.93965,3.40148,4.00832,4.30987,4.30987,4.52788,0.0,0.0,0.0,0.0,0.0,0.0,0.0,2.29819,2.41662,2.22596,0.0398341,1.81012,1.82025,1.86255,2.33684,2.41616,2.44068,2.45551,-2.01811,-1.94065,-1.90797,0.0732332,-2.31793,-2.27677,-2.14037,-2.06104,-1.9727,-1.43804,-1.01056,3.77322,3.63345,3.12253,0.113854,1.28725,2.05803,2.78801,3.42375,3.65071,3.66219,3.79688,0.621756,0.527057,0.658583,0.0719758,0.447601,0.455513,0.467467,0.517619,0.618194,0.639401,1.16421,-9999,-9999
20131209,-9999,-9999,-9999,-9999,-9999,-9999,-9999,-9999,2.002,-0.111,2.957,4.96,3.793,2.002,0.0,-0.111,2.957,0.0,4.96,3.793,0.0,176.472,-9999,-9999,123.662,123.662,0.0,-9999,-9999,259.378,259.378,0.0,-9999,-9999,246.741,246.741,0.0,-9999,-9999,4.486,4.486,0.0,103.0,103.0,0.0,0.0,0.0,0.0,2.42,2.42,0.0,-9999,-9999,-9999,-9999,-9999,-9999,-9999,-9999,-9999,-9999,-9999,-9999,-9999,-9999,-9999,-9999,-9999,-9999,-9999,1.0,49.8512,0.0,71.2229,-9999,-9999,-9999,-9999,81.0666,0.0,115.232,-9999,-9999,-9999,-9999,11.0,3,28,20,0,0,4.04748,0.0,-9999,-9999,4.04092,0.0,-9999,-9999,3.92768,0.0,0.048317,3.20835,3.57622,3.9808,4.04863,4.05554,4.12192,4.12692,0.0,0.0,0.0,0.0,0.0,0.0,0.0,4.26864,0.313125,0.0,-9999,-9999,3.38472,0.543842,0.0,-9999,-9999,4.2578,0.311011,0.0,-9999,-9999,3.38472,0.543842,0.0,-9999,-9999,3.70363,3.83548,4.16271,4.22678,4.26864,4.35449,4.37804,0.0,0.0,0.0,0.0,0.0,0.0,0.0,2.23503,2.90124,3.3788,3.41529,3.44598,3.44598,3.47891,0.0,0.0,0.0,0.0,0.0,0.0,0.0,2.4361,2.5489,2.36659,0.0381165,1.96833,1.97809,2.01885,2.47294,2.54846,2.57179,2.58589,-1.61895,-1.49202,-1.56093,0.0683243,-2.14883,-2.10918,-1.9687,-1.56109,-1.47684,-1.27412,-0.873919,3.84382,3.70605,3.21618,0.109268,1.41732,2.18895,2.88809,3.50452,3.71088,3.7217,3.86623,0.623754,0.528957,0.66131,0.0724863,0.449103,0.456943,0.468927,0.519666,0.620086,0.641778,1.17192,-9999,-9999
20131210,-9999,-9999,-9999,-9999,-9999,-9999,-9999,-9999,2.577,0.535,2.958,5.435,4.051,2.577,0.0,0.535,2.958,0.0,5.435,4.051,0.0,175.747,-9999,-9999,120.341,120.341,0.0,-9999,-9999,272.968,272.968,0.0,-9999,-9999,262.582,262.582,0.0,-9999,-9999,3.927,3.927,0.0,102.727,102.727,0.0,0.0,0.0,0.0,2.612,2.612,0.0,-9999,0.0,-9999,0.0,-9999,0.0,-9999,0.0,-9999,0.0,-9999,0.0,-9999,-9999,-9999,-9999,-9999,-9999,-9999,1.0,39.2804,0.0,55.7825,-9999,-9999,-9999,-9999,71.8801,0.0,101.556,-9999,-9999,-9999,-9999,11.0,3,28,20,0,0,4.00413,0.0,-9999,-9999,4.00519,0.0,-9999,-9999,3.91822,0.0,0.0453276,3.1548,3.61641,4.00413,4.01533,4.01533,4.11297,4.1296,0.0,0.0,0.0,0.0,0.0,0.0,0.0,4.23775,0.296912,0.0,-9999,-9999,3.32773,1.05417,0.0,-9999,-9999,4.23775,0.296912,0.0,-9999,-9999,3.33017,1.0571,0.0,-9999,-9999,3.70363,3.90883,4.19863,4.19863,4.23775,4.32633,4.32927,0.0,0.0,0.0,0.0,0.0,0.0,0.0,2.11119,2.89149,3.32773,3.40837,3.40837,3.4513,3.48976,0.0,0.0,0.0,0.0,0.0,0.0,0.0,2.53921,2.64879,2.47078,0.0372455,2.08117,2.0908,2.13095,2.57503,2.64837,2.671,2.68467,-1.47236,-1.3564,-1.44744,0.0669766,-2.0388,-1.99973,-1.88694,-1.4132,-1.34222,-1.20778,-0.84908,3.90149,3.76518,3.28881,0.106476,1.50818,2.28618,2.96665,3.56971,3.76346,3.77061,3.92295,0.615999,0.521732,0.650938,0.0706108,0.443319,0.451365,0.463225,0.51198,0.612668,0.634791,1.14336,-9999,-9999
20131211,-9999,-9999,-9999,-9999,-9999,-9999,-9999,-9999,3.738,1.198,2.82,7.293,4.731,3.738,0.0,1.198,2.82,0.0,7.293,4.731,0.0,175.08,-9999,-9999,118.094,118.094,0.0,-9999,-9999,279.888,279.888,0.0,-9999,-9999,270.647,270.647,0.0,-9999,-9999,3.645,3.645,0.0,102.44,102.44,0.0,0.0,0.0,0.0,2.307,2.307,0.0,-9999,0.0,-9999,0.0,-9999,0.0,-9999,0.0,-9999,0.0,-9999,0.0,-9999,-9999,-9999,-9999,-9999,-9999,-9999,1.0,49.5623,0.0,69.9578,-9999,-9999,-9999,-9999,72.6191,0.0,101.975,-9999,-9999,-9999,-9999,11.0,3,28,20,0,0,4.30873,0.0,-9999,-9999,4.35726,0.0,-9999,-9999,4.13409,0.0,0.0673315,3.1519,3.59588,3.99205,4.3163,4.41991,4.41991,4.51356,0.0,0.0,0.0,0.0,0.0,0.0,0.0,4.25479,0.295848,0.0,-9999,-9999,4.00832,0.683329,0.0,-9999,-9999,4.24412,0.292803,0.0,-9999,-9999,4.13551,0.58487,0.0,-9999,-9999,3.70363,3.84053,4.1651,4.22306,4.25041,4.36212,4.38043,0.0,0.0,0.0,0.0,0.0,0.0,0.0,2.10448,2.93965,3.40148,4.00832,4.30987,4.30987,4.52788,0.0,0.0,0.0,0.0,0.0,0.0,0.0,2.76248,2.862,2.69984,0.0339549,2.34446,2.35328,2.39005,2.79503,2.86162,2.88214,2.89454,-1.55381,-1.49526,-1.43409,0.071018,-1.78489,-1.74912,-1.64464,-1.60603,-1.5308,-0.95224,-0.550549,4.01323,3.8801,3.43977,0.099165,1.72811,2.49881,3.12595,3.69765,3.85843,3.88877,4.0327,0.611191,0.517185,0.644295,0.0693509,0.439712,0.447918,0.459704,0.50709,0.608099,0.631856,1.12423,-9999,-9999
20131212,-9999,-9999,-9999,-9999,-9999,-9999,-9999,-9999,5.748,3.675,4.818,8.651,5.156,5.748,0.0,3.675,4.818,0.0,8.651,5.156,0.0,174.47,-9999,-9999,118.855,118.855,0.0,-9999,-9999,280.965,280.965,0.0,-9999,-9999,271.902,271.902,0.0,-9999,-9999,4.916,4.916,0.0,102.434,102.434,0.0,0.0,0.0,0.0,1.878,1.878,0.0,-9999,0.0,-9999,0.0,-9999,0.0,-9999,0.0,-9999,0.0,-9999,0.0,-9999,-9999,-9999,-9999,-9999,-9999,-9999,1.0,49.8512,0.0,69.7611,-9999,-9999,-9999,-9999,81.0666,0.0,113.444,-9999,-9999,-9999,-9999,11.0,3,28,20,0,0,4.04748,0.0,-9999,-9999,4.04092,0.0,-9999,-9999,3.92768,0.0,0.048317,3.20835,3.57622,3.9808,4.04863,4.05554,4.12192,4.12692,0.0,0.0,0.0,0.0,0.0,0.0,0.0,4.26864,0.313125,0.0,-9999,-9999,3.38472,0.543842,0.0,-9999,-9999,4.2578,0.311011,0.0,-9999,-9999,3.38472,0.543842,0.0,-9999,-9999,3.70363,3.83548,4.16271,4.22678,4.26864,4.35449,4.37804,0.0,0.0,0.0,0.0,0.0,0.0,0.0,2.23503,2.90124,3.3788,3.41529,3.44598,3.44598,3.47891,0.0,0.0,0.0,0.0,0.0,0.0,0.0,3.1636,3.24314,3.11284,0.027331,2.82656,2.83373,2.86359,3.18964,3.24283,3.25921,3.2691,-0.891452,-0.797779,-0.814672,0.0609647,-1.29319,-1.26414,-1.11047,-0.84986,-0.789413,-0.507924,-0.154015,4.20292,4.0757,3.70455,0.0869861,2.13333,2.88201,3.62694,3.90426,4.01876,4.06271,4.21887,0.612734,0.518038,0.645989,0.0698005,0.440147,0.448198,0.460088,0.508185,0.609563,0.632252,1.13069,-9999,-9999
20131213,-9999,-9999,-9999,-9999,-9999,-9999,-9999,-9999,5.801,3.356,2.915,9.223,4.595,5.801,0.0,3.356,2.915,0.0,9.223,4.595,0.0,173.917,-9999,-9999,116.679,116.679,0.0,-9999,-9999,284.811,284.811,0.0,-9999,-9999,276.385,276.385,0.0,-9999,-9999,4.207,4.207,0.0,102.573,102.573,0.0,0.0,0.0,0.0,2.753,2.753,0.0,-9999,0.0,-9999,0.0,-9999,0.0,-9999,0.0,-9999,0.0,-9999,0.0,-9999,-9999,-9999,-9999,-9999,-9999,-9999,1.0,39.2804,0.0,54.9161,-9999,-9999,-9999,-9999,71.8801,0.0,100.492,-9999,-9999,-9999,-9999,11.0,3,28,20,0,0,4.00413,0.0,-9999,-9999,4.00519,0.0,-9999,-9999,3.91822,0.0,0.0453276,3.1548,3.61641,4.00413,4.01533,4.01533,4.11297,4.1296,0.0,0.0,0.0,0.0,0.0,0.0,0.0,4.23775,0.296912,0.0,-9999,-9999,3.32773,1.05417,0.0,-9999,-9999,4.23775,0.296912,0.0,-9999,-9999,3.33017,1.0571,0.0,-9999,-9999,3.70363,3.90883,4.19863,4.19863,4.23775,4.32633,4.32927,0.0,0.0,0.0,0.0,0.0,0.0,0.0,2.11119,2.89149,3.32773,3.40837,3.40837,3.4513,3.48976,0.0,0.0,0.0,0.0,0.0,0.0,0.0,3.15197,3.23555,3.0975,0.0289766,2.79339,2.80108,2.83312,3.17938,3.23523,3.25239,3.26274,-0.8596,-0.769643,-0.820718,0.0609,-1.32851,-1.29734,-1.17473,-0.813805,-0.762939,-0.565111,-0.242237,4.21421,4.08667,3.70578,0.0887747,2.09892,2.86863,3.5687,3.91476,4.02934,4.07327,4.23018,0.607405,0.513721,0.639478,0.0685462,0.436907,0.445185,0.456908,0.503461,0.60445,0.629079,1.11188,-9999,-9999
20131214,-9999,-9999,-9999,-9999,-9999,-9999,-9999,-9999,5.971,3.464,3.515,9.482,4.981,5.971,0.0,3.464,3.515,0.0,9.482,4.981,0.0,173.423,-9999,-9999,116.739,116.739,0.0,-9999,-9999,286.733,286.733,0.0,-9999,-9999,278.626,278.626,0.0,-9999,-9999,4.426,4.426,0.0,102.901,102.901,0.0,0.0,0.0,0.0,2.627,2.627,0.0,-9999,0.0,-9999,0.0,-9999,0.0,-9999,0.0,-9999,0.0,-9999,0.0,-9999,-9999,-9999,-9999,-9999,-9999,-9999,1.0,49.5623,0.0,68.8646,-9999,-9999,-9999,-9999,72.6191,0.0,100.901,-9999,-9999,-9999,-9999,11.0,3,28,20,0,0,4.30873,0.0,-9999,-9999,4.35726,0.0,-9999,-9999,4.13409,0.0,0.0673315,3.1519,3.59588,3.99205,4.3163,4.41991,4.41991,4.51356,0.0,0.0,0.0,0.0,0.0,0.0,0.0,4.25479,0.295848,0.0,-9999,-9999,4.00832,0.683329,0.0,-9999,-9999,4.24412,0.292803,0.0,-9999,-9999,4.13551,0.58487,0.0,-9999,-9999,3.70363,3.84053,4.1651,4.22306,4.25041,4.36212,4.38043,0.0,0.0,0.0,0.0,0.0,0.0,0.0,2.10448,2.93965,3.40148,4.00832,4.30987,4.30987,4.52788,0.0,0.0,0.0,0.0,0.0,0.0,0.0,3.19535,3.2751,3.14399,0.0275111,2.8556,2.86285,2.89304,3.22148,3.27479,3.29119,3.30109,-1.12095,-1.08217,-0.989941,0.0690856,-1.27533,-1.24595,-1.21447,-1.15905,-1.0949,-0.496332,-0.122202,4.22744,4.10058,3.73085,0.0869105,2.15504,2.91119,3.65953,3.92729,4.04012,4.0836,4.24308,0.607502,0.512469,0.638562,0.0686258,0.435407,0.443471,0.45537,0.502473,0.604548,0.628,1.11235,-9999,-9999
20131215,-9999,-9999,-9999,-9999,-9999,-9999,-9999,-9999,6.515,3.672,3.142,10.495,5.44,6.515,0.0,3.672,3.142,0.0,10.495,5.44,0.0,172.986,-9999,-9999,117.635,117.635,0.0,-9999,-9999,289.269,289.269,0.0,-9999,-9999,281.581,281.581,0.0,-9999,-9999,4.565,4.565,0.0,102.712,102.712,0.0,0.0,0.0,0.0,2.82,2.82,0.0,-9999,0.0,-9999,0.0,-9999,0.0,-9999,0.0,-9999,0.0,-9999,0.0,-9999,-9999,-9999,-9999,-9999,-9999,-9999,1.0,49.8512,0.0,68.6615,-9999,-9999,-9999,-9999,81.0666,0.0,111.655,-9999,-9999,-9999,-9999,11.0,3,28,20,0,0,4.04748,0.0,-9999,-9999,4.04092,0.0,-9999,-9999,3.92768,0.0,0.048317,3.20835,3.57622,3.9808,4.04863,4.05554,4.12192,4.12692,0.0,0.0,0.0,0.0,0.0,0.0,0.0,4.26864,0.313125,0.0,-9999,-9999,3.38472,0.543842,0.0,-9999,-9999,4.2578,0.311011,0.0,-9999,-9999,3.38472,0.543842,0.0,-9999,-9999,3.70363,3.83548,4.16271,4.22678,4.26864,4.35449,4.37804,0.0,0.0,0.0,0.0,0.0,0.0,0.0,2.23503,2.90124,3.3788,3.41529,3.44598,3.44598,3.47891,0.0,0.0,0.0,0.0,0.0,0.0,0.0,3.30825,3.3812,3.26185,0.0250395,2.99973,3.00626,3.0335,3.33213,3.38091,3.39593,3.405,-0.746804,-0.659722,-0.66567,0.0595335,-1.12066,-1.09416,-0.937301,-0.707527,-0.652691,-0.355374,-0.0108843,4.27681,4.15159,3.80393,0.0836751,2.28002,3.01988,3.73033,3.98234,4.08632,4.13655,4.29149,0.609364,0.500416,0.630223,0.0696479,0.420768,0.426723,0.44032,0.493165,0.606318,0.616252,1.11998,-9999,-9999
20131216,-9999,-9999,-9999,-9999,-9999,-9999,-9999,-9999,8.028,4.972,3.633,12.306,6.018,8.028,0.0,4.972,3.633,0.0,12.306,6.018,0.0,172.607,-9999,-9999,114.903,114.903,0.0,-9999,-9999,296.903,296.903,0.0,-9999,-9999,290.479,290.479,0.0,-9999,-9999,5.685,5.685,0.0,102.287,102.287,0.0,0.0,0.0,0.0,2.697,2.697,0.0,-9999,-9999,-9999,-9999,-9999,-9999,-9999,-9999,-9999,-9999,-9999,-9999,-9999,-9999,-9999,-9999,-9999,-9999,-9999,1.0,39.2804,0.0,53.7642,-9999,-9999,-9999,-9999,71.8801,0.0,98.3845,-9999,-9999,-9999,-9999,11.0,3,28,20,0,0,4.00413,0.0,-9999,-9999,4.00519,0.0,-9999,-9999,3.91822,0.0,0.0453276,3.1548,3.61641,4.00413,4.01533,4.01533,4.11297,4.1296,0.0,0.0,0.0,0.0,0.0,0.0,0.0,4.23775,0.296912,0.0,-9999,-9999,3.32773,1.05417,0.0,-9999,-9999,4.23775,0.296912,0.0,-9999,-9999,3.33017,1.0571,0.0,-9999,-9999,3.70363,3.90883,4.19863,4.19863,4.23775,4.32633,4.32927,0.0,0.0,0.0,0.0,0.0,0.0,0.0,2.11119,2.89149,3.32773,3.40837,3.40837,3.4513,3.48976,0.0,0.0,0.0,0.0,0.0,0.0,0.0,3.6258,3.6793,3.59355,0.0179805,3.40647,3.41096,3.42978,3.64327,3.67909,3.69017,3.69686,-0.385765,-0.325888,-0.324669,0.0537391,-0.718633,-0.700328,-0.561643,-0.357468,-0.325041,-0.0540042,0.224585,4.4136,4.29304,4.00821,0.0768712,2.63299,3.32578,3.92783,4.14638,4.20041,4.4136,4.6361,0.601875,0.456437,0.591268,0.0695209,0.373449,0.374595,0.391189,0.455883,0.573726,0.599123,1.09588,-9999,-9999
20131217,-9999,-9999,-9999,-9999,-9999,-9999,-9999,-9999,9.681,7.304,4.053,13.008,5.266,9.681,0.0,7.304,4.053,0.0,13.008,5.266,0.0,172.287,-9999,-9999,96.22,96.22,0.0,-9999,-9999,311.073,311.073,0.0,-9999,-9999,306.995,306.995,0.0,-9999,-9999,6.622,6.622,0.0,102.032,102.032,0.0,0.0,0.0,0.0,1.797,1.797,0.0,-9999,0.0,-9999,0.0,-9999,0.0,-9999,0.0,-9999,0.0,-9999,0.0,-9999,-9999,-9999,-9999,-9999,-9999,-9999,1.0,49.5623,0.0,67.2831,-9999,-9999,-9999,-9999,72.6191,0.0,98.5837,-9999,-9999,-9999,-9999,11.0,3,28,20,0,0,4.30873,0.0,-9999,-9999,4.35726,0.0,-9999,-9999,4.13409,0.0,0.0673315,3.1519,3.59588,3.99205,4.3163,4.41991,4.41991,4.51356,0.0,0.0,0.0,0.0,0.0,0.0,0.0,4.25479,0.295848,0.0,-9999,-9999,4.00832,0.683329,0.0,-9999,-9999,4.24412,0.292803,0.0,-9999,-9999,4.13551,0.58487,0.0,-9999,-9999,3.70363,3.84053,4.1651,4.22306,4.25041,4.36212,4.38043,0.0,0.0,0.0,0.0,0.0,0.0,0.0,2.10448,2.93965,3.40148,4.00832,4.30987,4.30987,4.52788,0.0,0.0,0.0,0.0,0.0,0.0,0.0,3.95797,3.99454,3.936,0.0123201,3.80808,3.81114,3.82397,3.96991,3.99439,4.00196,4.00653,-0.358325,-0.362729,-0.197935,0.0668086,-0.509579,-0.448322,-0.442636,-0.380271,-0.18295,0.318732,0.633972,4.56892,4.45325,4.2266,0.0744818,2.97145,3.64338,4.14655,4.32135,4.34059,4.56892,4.80502,0.555983,0.420686,0.535771,0.0585475,0.347462,0.349045,0.364205,0.416225,0.533412,0.555339,0.932412,-9999,-9999
20131218,-9999,-9999,-9999,-9999,-9999,-9999,-9999,-9999,9.458,7.478,1.728,12.23,3.058,9.458,0.0,7.478,1.728,0.0,12.23,3.058,0.0,172.026,-9999,-9999,83.266,83.266,0.0,-9999,-9999,325.081,325.081,0.0,-9999,-9999,323.323,323.323,0.0,-9999,-9999,4.679,4.679,0.0,101.288,101.288,0.0,0.099,0.099,0.0,1.554,1.554,0.0,-9999,0.0,-9999,0.0,-9999,0.0,-9999,0.0,-9999,0.0,-9999,0.0,-9999,-9999,-9999,-9999,-9999,-9999,-9999,1.0,49.8512,0.0,66.9418,-9999,-9999,-9999,-9999,81.0666,0.0,108.859,-9999,-9999,-9999,-9999,11.0,3,28,20,0,0,4.04748,0.0,-9999,-9999,4.04092,0.0,-9999,-9999,3.92768,0.0,0.048317,3.20835,3.57622,3.9808,4.04863,4.05554,4.12192,4.12692,0.0,0.0,0.0,0.0,0.0,0.0,0.0,4.26864,0.313125,0.0,-9999,-9999,3.38472,0.543842,0.0,-9999,-9999,4.2578,0.311011,0.0,-9999,-9999,3.38472,0.543842,0.0,-9999,-9999,3.70363,3.83548,4.16271,4.22678,4.26864,4.35449,4.37804,0.0,0.0,0.0,0.0,0.0,0.0,0.0,2.23503,2.90124,3.3788,3.41529,3.44598,3.44598,3.47891,0.0,0.0,0.0,0.0,0.0,0.0,0.0,3.87525,3.92403,3.8409,0.0175786,3.65539,3.6603,3.68067,3.89134,3.92384,3.93375,3.93971,-0.179802,-0.116891,-0.086615,0.0552853,-0.466619,-0.446806,-0.281641,-0.145345,-0.114874,0.239096,0.550641,4.56149,4.44458,4.18581,0.0757684,2.82074,3.55878,4.12205,4.30741,4.32765,4.56149,4.79593,0.517753,0.430913,0.524767,0.049291,0.370221,0.380568,0.390837,0.415081,0.517753,0.550372,0.816733,-9999,-9999
20131219,-9999,-9999,-9999,-9999,-9999,-9999,-9999,-9999,8.966,7.225,3.003,11.403,3.568,8.966,0.0,7.225,3.003,0.0,11.403,3.568,0.0,171.824,-9999,-9999,110.079,110.079,0.0,-9999,-9999,294.937,294.937,0.0,-9999,-9999,288.188,288.188,0.0,-9999,-9999,6.215,6.215,0.0,100.857,100.857,0.0,0.0,0.0,0.0,5.049,5.049,0.0,-9999,0.0,-9999,0.0,-9999,0.0,-9999,0.0,-9999,0.0,-9999,0.0,-9999,-9999,-9999,-9999,-9999,-9999,-9999,1.0,39.2804,0.0,52.4092,-9999,-9999,-9999,-9999,71.8801,0.0,95.6514,-9999,-9999,-9999,-9999,11.0,3,28,20,0,0,4.00413,0.0,-9999,-9999,4.00519,0.0,-9999,-9999,3.91822,0.0,0.0453276,3.1548,3.61641,4.00413,4.01533,4.01533,4.11297,4.1296,0.0,0.0,0.0,0.0,0.0,0.0,0.0,4.23775,0.296912,0.0,-9999,-9999,3.32773,1.05417,0.0,-9999,-9999,4.23775,0.296912,0.0,-9999,-9999,3.33017,1.0571,0.0,-9999,-9999,3.70363,3.90883,4.19863,4.19863,4.23775,4.32633,4.32927,0.0,0.0,0.0,0.0,0.0,0.0,0.0,2.11119,2.89149,3.32773,3.40837,3.40837,3.4513,3.48976,0.0,0.0,0.0,0.0,0.0,0.0,0.0,3.77903,3.8322,3.74228,0.0189854,3.54219,3.54744,3.56919,3.79655,3.832,3.84283,3.84935,-0.232538,-0.172991,-0.175943,0.0543398,-0.582161,-0.560992,-0.425926,-0.204266,-0.17214,0.0976126,0.377866,4.51432,4.396,4.12149,0.0765964,2.72651,3.46714,4.05666,4.25195,4.28626,4.51432,4.74481,0.587921,0.48239,0.604314,0.0652568,0.40621,0.412302,0.425504,0.474334,0.585663,0.600208,1.05316,-9999,-9999
20131220,-9999,-9999,-9999,-9999,-9999,-9999,-9999,-9999,8.093,6.63,2.452,10.141,4.104,8.093,0.0,6.63,2.452,0.0,10.141,4.104,0.0,171.681,-9999,-9999,113.463,113.463,0.0,-9999,-9999,290.672,290.672,0.0,-9999,-9999,283.216,283.216,0.0,-9999,-9999,7.492,7.492,0.0,101.506,101.506,0.0,0.0,0.0,0.0,4.112,4.112,0.0,-9999,0.0,-9999,0.0,-9999,0.0,-9999,0.0,-9999,0.0,-9999,0.0,-9999,-9999,-9999,-9999,-9999,-9999,-9999,1.0,49.5623,0.0,65.7015,-9999,-9999,-9999,-9999,72.6191,0.0,96.0102,-9999,-9999,-9999,-9999,11.0,3,28,20,0,0,4.30873,0.0,-9999,-9999,4.35726,0.0,-9999,-9999,4.13409,0.0,0.0673315,3.1519,3.59588,3.99205,4.3163,4.41991,4.41991,4.51356,0.0,0.0,0.0,0.0,0.0,0.0,0.0,4.25479,0.295848,0.0,-9999,-9999,4.00832,0.683329,0.0,-9999,-9999,4.24412,0.292803,0.0,-9999,-9999,4.13551,0.58487,0.0,-9999,-9999,3.70363,3.84053,4.1651,4.22306,4.25041,4.36212,4.38043,0.0,0.0,0.0,0.0,0.0,0.0,0.0,2.10448,2.93965,3.40148,4.00832,4.30987,4.30987,4.52788,0.0,0.0,0.0,0.0,0.0,0.0,0.0,3.5937,3.65818,3.54913,0.0229928,3.30667,3.31303,3.33938,3.61494,3.65793,3.67107,3.67897,-0.722599,-0.699086,-0.584804,0.0680634,-0.840115,-0.825147,-0.800292,-0.772201,-0.683254,-0.0810046,0.272718,4.43559,4.3145,4.00343,0.0797768,2.52361,3.28868,3.94198,4.16627,4.22075,4.36232,4.58029,0.599082,0.478187,0.606121,0.0678043,0.39852,0.402249,0.416368,0.47339,0.593518,0.604509,1.0838,-9999,-9999
20131221,-9999,-9999,-9999,-9999,-9999,-9999,-9999,-9999,8.912,7.051,2.4,11.517,4.942,8.912,0.0,7.051,2.4,0.0,11.517,4.942,0.0,171.597,-9999,-9999,112.905,112.905,0.0,-9999,-9999,300.329,300.329,0.0,-9999,-9999,294.472,294.472,0.0,-9999,-9999,5.294,5.294,0.0,101.709,101.709,0.0,0.0,0.0,0.0,4.303,4.303,0.0,-9999,0.0,-9999,0.0,-9999,0.0,-9999,0.0,-9999,0.0,-9999,0.0,-9999,-9999,-9999,-9999,-9999,-9999,-9999,1.0,49.8512,0.0,66.0844,-9999,-9999,-9999,-9999,81.0666,0.0,106.551,-9999,-9999,-9999,-9999,11.0,3,28,20,0,0,4.04748,0.0,-9999,-9999,4.04092,0.0,-9999,-9999,3.92768,0.0,0.048317,3.20835,3.57622,3.9808,4.04863,4.05554,4.12192,4.12692,0.0,0.0,0.0,0.0,0.0,0.0,0.0,4.26864,0.313125,0.0,-9999,-9999,3.38472,0.543842,0.0,-9999,-9999,4.2578,0.311011,0.0,-9999,-9999,3.38472,0.543842,0.0,-9999,-9999,3.70363,3.83548,4.16271,4.22678,4.26864,4.35449,4.37804,0.0,0.0,0.0,0.0,0.0,0.0,0.0,2.23503,2.90124,3.3788,3.41529,3.44598,3.44598,3.47891,0.0,0.0,0.0,0.0,0.0,0.0,0.0,3.7741,3.82616,3.73896,0.018389,3.54561,3.5506,3.57134,3.79122,3.82596,3.83659,3.843,-0.280949,-0.214758,-0.188552,0.0557136,-0.576321,-0.55614,-0.391419,-0.247774,-0.212031,0.134578,0.450215,4.50701,4.38861,4.11625,0.0763901,2.73351,3.46337,4.0485,4.24406,4.27991,4.50701,4.73697,0.598618,0.504065,0.626584,0.0664452,0.428691,0.437014,0.448785,0.493504,0.596105,0.622663,1.07919,-9999,-9999
20131222,-9999,-9999,-9999,-9999,-9999,-9999,-9999,-9999,9.11,7.618,4.594,11.2,5.111,9.11,0.0,7.618,4.594,0.0,11.2,5.111,0.0,171.572,-9999,-9999,111.915,111.915,0.0,-9999,-9999,302.621,302.621,0.0,-9999,-9999,297.144,297.144,0.0,-9999,-9999,5.045,5.045,0.0,102.388,102.388,0.0,0.0,0.0,0.0,2.23,2.23,0.0,-9999,0.0,-9999,0.0,-9999,0.0,-9999,0.0,-9999,0.0,-9999,0.0,-9999,-9999,-9999,-9999,-9999,-9999,-9999,1.0,39.2804,0.0,52.1582,-9999,-9999,-9999,-9999,71.8801,0.0,94.6356,-9999,-9999,-9999,-9999,11.0,3,28,20,0,0,4.00413,0.0,-9999,-9999,4.00519,0.0,-9999,-9999,3.91822,0.0,0.0453276,3.1548,3.61641,4.00413,4.01533,4.01533,4.11297,4.1296,0.0,0.0,0.0,0.0,0.0,0.0,0.0,4.23775,0.296912,0.0,-9999,-9999,3.32773,1.05417,0.0,-9999,-9999,4.23775,0.296912,0.0,-9999,-9999,3.33017,1.0571,0.0,-9999,-9999,3.70363,3.90883,4.19863,4.19863,4.23775,4.32633,4.32927,0.0,0.0,0.0,0.0,0.0,0.0,0.0,2.11119,2.89149,3.32773,3.40837,3.40837,3.4513,3.48976,0.0,0.0,0.0,0.0,0.0,0.0,0.0,3.83331,3.87866,3.80421,0.0156814,3.64019,3.64429,3.66142,3.84817,3.87849,3.88781,3.89344,-0.178263,-0.126527,-0.114007,0.0524114,-0.485303,-0.468644,-0.327929,-0.15478,-0.125648,0.162395,0.430265,4.51933,4.40185,4.14796,0.0752077,2.82223,3.52247,4.07311,4.26135,4.28938,4.51933,4.75108,0.596394,0.500272,0.622216,0.0659467,0.425045,0.433183,0.445134,0.48988,0.593992,0.619774,1.07066,-9999,-9999
20131223,-9999,-9999,-9999,-9999,-9999,-9999,-9999,-9999,8.625,6.313,2.933,11.862,5.045,8.625,0.0,6.313,2.933,0.0,11.862,5.045,0.0,171.606,-9999,-9999,113.405,113.405,0.0,-9999,-9999,303.675,303.675,0.0,-9999,-9999,298.373,298.373,0.0,-9999,-9999,4.471,4.471,0.0,102.908,102.908,0.0,0.0,0.0,0.0,2.323,2.323,0.0,-9999,-9999,-9999,-9999,-9999,-9999,-9999,-9999,-9999,-9999,-9999,-9999,-9999,-9999,-9999,-9999,-9999,-9999,-9999,1.0,49.5623,0.0,66.3938,-9999,-9999,-9999,-9999,72.6191,0.0,96.4624,-9999,-9999,-9999,-9999,11.0,3,28,20,0,0,4.30873,0.0,-9999,-9999,4.35726,0.0,-9999,-9999,4.13409,0.0,0.0673315,3.1519,3.59588,3.99205,4.3163,4.41991,4.41991,4.51356,0.0,0.0,0.0,0.0,0.0,0.0,0.0,4.25479,0.295848,0.0,-9999,-9999,4.00832,0.683329,0.0,-9999,-9999,4.24412,0.292803,0.0,-9999,-9999,4.13551,0.58487,0.0,-9999,-9999,3.70363,3.84053,4.1651,4.22306,4.25041,4.36212,4.38043,0.0,0.0,0.0,0.0,0.0,0.0,0.0,2.10448,2.93965,3.40148,4.00832,4.30987,4.30987,4.52788,0.0,0.0,0.0,0.0,0.0,0.0,0.0,3.72394,3.77702,3.68913,0.018507,3.49504,3.49996,3.52045,3.74137,3.77682,3.7877,3.79426,-0.592354,-0.580241,-0.444802,0.0673327,-0.722955,-0.674697,-0.670776,-0.633945,-0.495371,0.0639523,0.400267,4.47753,4.35839,4.08062,0.0766422,2.69507,3.41647,4.0097,4.21015,4.2549,4.47753,4.7051,0.600019,0.499394,0.623631,0.066949,0.422791,0.430186,0.442727,0.490017,0.597472,0.618422,1.08355,-9999,-9999
20131224,-9999,-9999,-9999,-9999,-9999,-9999,-9999,-9999,9.293,6.578,3.129,13.093,5.362,9.293,0.0,6.578,3.129,0.0,13.093,5.362,0.0,171.7,-9999,-9999,115.184,115.184,0.0,-9999,-9999,301.142,301.142,0.0,-9999,-9999,295.42,295.42,0.0,-9999,-9999,5.377,5.377,0.0,102.619,102.619,0.0,0.0,0.0,0.0,3.309,3.309,0.0,-9999,0.0,-9999,0.0,-9999,0.0,-9999,0.0,-9999,0.0,-9999,0.0,-9999,-9999,-9999,-9999,-9999,-9999,-9999,1.0,49.8512,0.0,67.1912,-9999,-9999,-9999,-9999,81.0666,0.0,108.204,-9999,-9999,-9999,-9999,11.0,3,28,20,0,0,4.04748,0.0,-9999,-9999,4.04092,0.0,-9999,-9999,3.92768,0.0,0.048317,3.20835,3.57622,3.9808,4.04863,4.05554,4.12192,4.12692,0.0,0.0,0.0,0.0,0.0,0.0,0.0,4.26864,0.313125,0.0,-9999,-9999,3.38472,0.543842,0.0,-9999,-9999,4.2578,0.311011,0.0,-9999,-9999,3.38472,0.543842,0.0,-9999,-9999,3.70363,3.83548,4.16271,4.22678,4.26864,4.35449,4.37804,0.0,0.0,0.0,0.0,0.0,0.0,0.0,2.23503,2.90124,3.3788,3.41529,3.44598,3.44598,3.47891,0.0,0.0,0.0,0.0,0.0,0.0,0.0,3.87261,3.91483,3.84658,0.0143547,3.69708,3.70071,3.71592,3.88641,3.91467,3.92338,3.92864,-0.182444,-0.126089,-0.0809332,0.0536646,-0.426212,-0.411416,-0.239954,-0.152795,-0.125249,0.246054,0.54689,4.53476,4.41781,4.17333,0.0748946,2.87503,3.56088,4.09562,4.27985,4.30226,4.53476,4.76784,0.603549,0.464726,0.598458,0.0694135,0.382606,0.384486,0.400615,0.462857,0.583025,0.600822,1.09862,-9999,-9999
20131225,-9999,-9999,-9999,-9999,-9999,-9999,-9999,-9999,8.475,5.713,3.236,12.343,5.614,8.475,0.0,5.713,3.236,0.0,12.343,5.614,0.0,171.853,-9999,-9999,118.088,118.088,0.0,-9999,-9999,289.795,289.795,0.0,-9999,-9999,282.195,282.195,0.0,-9999,-9999,5.629,5.629,0.0,102.546,102.546,0.0,0.0,0.0,0.0,3.138,3.138,0.0,-9999,0.0,-9999,0.0,-9999,0.0,-9999,0.0,-9999,0.0,-9999,0.0,-9999,-9999,-9999,-9999,-9999,-9999,-9999,1.0,39.2804,0.0,53.2668,-9999,-9999,-9999,-9999,71.8801,0.0,96.5336,-9999,-9999,-9999,-9999,11.0,3,28,20,0,0,4.00413,0.0,-9999,-9999,4.00519,0.0,-9999,-9999,3.91822,0.0,0.0453276,3.1548,3.61641,4.00413,4.01533,4.01533,4.11297,4.1296,0.0,0.0,0.0,0.0,0.0,0.0,0.0,4.23775,0.296912,0.0,-9999,-9999,3.32773,1.05417,0.0,-9999,-9999,4.23775,0.296912,0.0,-9999,-9999,3.33017,1.0571,0.0,-9999,-9999,3.70363,3.90883,4.19863,4.19863,4.23775,4.32633,4.32927,0.0,0.0,0.0,0.0,0.0,0.0,0.0,2.11119,2.89149,3.32773,3.40837,3.40837,3.4513,3.48976,0.0,0.0,0.0,0.0,0.0,0.0,0.0,3.7061,3.75744,3.67402,0.017529,3.49104,3.49554,3.51433,3.7229,3.75725,3.76783,3.77422,-0.30547,-0.247745,-0.244204,0.0534728,-0.634057,-0.61578,-0.477073,-0.278419,-0.246889,0.0283496,0.304418,4.45898,4.33958,4.06453,0.0763177,2.69915,3.40123,3.98812,4.19025,4.23885,4.45898,4.68517,0.611105,0.464718,0.602962,0.0713186,0.380782,0.382075,0.398715,0.464151,0.58311,0.608095,1.12394,-9999,-9999
20131226,-9999,-9999,-9999,-9999,-9999,-9999,-9999,-9999,8.525,5.988,4.175,12.077,6.091,8.525,0.0,5.988,4.175,0.0,12.077,6.091,0.0,172.065,-9999,-9999,118.968,118.968,0.0,-9999,-9999,290.721,290.721,0.0,-9999,-9999,283.274,283.274,0.0,-9999,-9999,6.643,6.643,0.0,102.424,102.424,0.0,0.0,0.0,0.0,2.494,2.494,0.0,-9999,0.0,-9999,0.0,-9999,0.0,-9999,0.0,-9999,0.0,-9999,0.0,-9999,-9999,-9999,-9999,-9999,-9999,-9999,1.0,49.5623,0.0,67.8671,-9999,-9999,-9999,-9999,72.6191,0.0,98.248,-9999,-9999,-9999,-9999,11.0,3,28,20,0,0,4.30873,0.0,-9999,-9999,4.35726,0.0,-9999,-9999,4.13409,0.0,0.0673315,3.1519,3.59588,3.99205,4.3163,4.41991,4.41991,4.51356,0.0,0.0,0.0,0.0,0.0,0.0,0.0,4.25479,0.295848,0.0,-9999,-9999,4.00832,0.683329,0.0,-9999,-9999,4.24412,0.292803,0.0,-9999,-9999,4.13551,0.58487,0.0,-9999,-9999,3.70363,3.84053,4.1651,4.22306,4.25041,4.36212,4.38043,0.0,0.0,0.0,0.0,0.0,0.0,0.0,2.10448,2.93965,3.40148,4.00832,4.30987,4.30987,4.52788,0.0,0.0,0.0,0.0,0.0,0.0,0.0,3.72649,3.7748,3.69734,0.0162576,3.52824,3.5323,3.54932,3.74226,3.77461,3.78461,3.79065,-0.589807,-0.582465,-0.436592,0.0670758,-0.726277,-0.674154,-0.67,-0.614208,-0.462456,0.0733329,0.401641,4.4602,4.34113,4.07405,0.0757208,2.73546,3.42208,3.99376,4.19276,4.2394,4.4602,4.68665,0.61316,0.448073,0.59133,0.0725285,0.360095,0.36189,0.379173,0.450656,0.566505,0.610073,1.13146,-9999,-9999
20131227,-9999,-9999,-9999,-9999,-9999,-9999,-9999,-9999,7.604,5.339,2.447,10.776,4.793,7.604,0.0,5.339,2.447,0.0,10.776,4.793,0.0,172.336,-9999,-9999,87.372,87.372,0.0,-9999,-9999,298.739,298.739,0.0,-9999,-9999,292.62,292.62,0.0,-9999,-9999,6.186,6.186,0.0,102.266,102.266,0.0,0.0,0.0,0.0,2.535,2.535,0.0,-9999,0.0,-9999,0.0,-9999,0.0,-9999,0.0,-9999,0.0,-9999,0.0,-9999,-9999,-9999,-9999,-9999,-9999,-9999,1.0,49.8512,0.0,68.7479,-9999,-9999,-9999,-9999,81.0666,0.0,110.466,-9999,-9999,-9999,-9999,11.0,3,28,20,0,0,4.04748,0.0,-9999,-9999,4.04092,0.0,-9999,-9999,3.92768,0.0,0.048317,3.20835,3.57622,3.9808,4.04863,4.05554,4.12192,4.12692,0.0,0.0,0.0,0.0,0.0,0.0,0.0,4.26864,0.313125,0.0,-9999,-9999,3.38472,0.543842,0.0,-9999,-9999,4.2578,0.311011,0.0,-9999,-9999,3.38472,0.543842,0.0,-9999,-9999,3.70363,3.83548,4.16271,4.22678,4.26864,4.35449,4.37804,0.0,0.0,0.0,0.0,0.0,0.0,0.0,2.23503,2.90124,3.3788,3.41529,3.44598,3.44598,3.47891,0.0,0.0,0.0,0.0,0.0,0.0,0.0,3.50736,3.57381,3.46306,0.0233026,3.21812,3.2244,3.25051,3.52919,3.57355,3.58715,3.59534,-0.547687,-0.467112,-0.46446,0.0584864,-0.90252,-0.877119,-0.718905,-0.510622,-0.461476,-0.149376,0.186792,4.38555,4.2632,3.94237,0.080644,2.4555,3.2078,3.87591,4.10852,4.17832,4.30667,4.45676,0.529778,0.410884,0.51479,0.0527607,0.344483,0.348049,0.362253,0.402735,0.520841,0.530217,0.852514,-9999,-9999
20131228,-9999,-9999,-9999,-9999,-9999,-9999,-9999,-9999,8.31,6.069,4.516,11.448,5.942,8.31,0.0,6.069,4.516,0.0,11.448,5.942,0.0,172.666,-9999,-9999,119.695,119.695,0.0,-9999,-9999,286.259,286.259,0.0,-9999,-9999,278.073,278.073,0.0,-9999,-9999,7.356,7.356,0.0,101.94,101.94,0.0,0.0,0.0,0.0,3.416,3.416,0.0,-9999,0.0,-9999,0.0,-9999,0.0,-9999,0.0,-9999,0.0,-9999,0.0,-9999,-9999,-9999,-9999,-9999,-9999,-9999,1.0,39.2804,0.0,54.5405,-9999,-9999,-9999,-9999,71.8801,0.0,98.6257,-9999,-9999,-9999,-9999,11.0,3,28,20,0,0,4.00413,0.0,-9999,-9999,4.00519,0.0,-9999,-9999,3.91822,0.0,0.0453276,3.1548,3.61641,4.00413,4.01533,4.01533,4.11297,4.1296,0.0,0.0,0.0,0.0,0.0,0.0,0.0,4.23775,0.296912,0.0,-9999,-9999,3.32773,1.05417,0.0,-9999,-9999,4.23775,0.296912,0.0,-9999,-9999,3.33017,1.0571,0.0,-9999,-9999,3.70363,3.90883,4.19863,4.19863,4.23775,4.32633,4.32927,0.0,0.0,0.0,0.0,0.0,0.0,0.0,2.11119,2.89149,3.32773,3.40837,3.40837,3.4513,3.48976,0.0,0.0,0.0,0.0,0.0,0.0,0.0,3.68125,3.7326,3.64958,0.0174342,3.46781,3.47225,3.4908,3.69804,3.7324,3.74301,3.74941,-0.330316,-0.272588,-0.268637,0.0534185,-0.65735,-0.639301,-0.500307,-0.303282,-0.271732,0.00370135,0.279559,4.44117,4.32146,4.04484,0.0763033,2.68172,3.3783,3.96629,4.17353,4.22351,4.44117,4.66599,0.615323,0.438884,0.585095,0.073401,0.347514,0.349913,0.367398,0.443761,0.554399,0.612195,1.1378,-9999,-9999
20131229,-9999,-9999,-9999,-9999,-9999,-9999,-9999,-9999,9.144,7.053,3.507,12.072,5.147,9.144,0.0,7.053,3.507,0.0,12.072,5.147,0.0,173.056,-9999,-9999,118.981,118.981,0.0,-9999,-9999,290.288,290.288,0.0,-9999,-9999,282.769,282.769,0.0,-9999,-9999,7.379,7.379,0.0,102.151,102.151,0.0,0.0,0.0,0.0,2.567,2.567,0.0,-9999,0.0,-9999,0.0,-9999,0.0,-9999,0.0,-9999,0.0,-9999,0.0,-9999,-9999,-9999,-9999,-9999,-9999,-9999,1.0,49.5623,0.0,69.3096,-9999,-9999,-9999,-9999,72.6191,0.0,100.362,-9999,-9999,-9999,-9999,11.0,3,28,20,0,0,4.30873,0.0,-9999,-9999,4.35726,0.0,-9999,-9999,4.13409,0.0,0.0673315,3.1519,3.59588,3.99205,4.3163,4.41991,4.41991,4.51356,0.0,0.0,0.0,0.0,0.0,0.0,0.0,4.25479,0.295848,0.0,-9999,-9999,4.00832,0.683329,0.0,-9999,-9999,4.24412,0.292803,0.0,-9999,-9999,4.13551,0.58487,0.0,-9999,-9999,3.70363,3.84053,4.1651,4.22306,4.25041,4.36212,4.38043,0.0,0.0,0.0,0.0,0.0,0.0,0.0,2.10448,2.93965,3.40148,4.00832,4.30987,4.30987,4.52788,0.0,0.0,0.0,0.0,0.0,0.0,0.0,3.8351,3.8811,3.80542,0.0159417,3.63858,3.64276,3.66021,3.85018,3.88092,3.89037,3.89606,-0.481202,-0.476167,-0.328515,0.0670469,-0.620671,-0.566397,-0.562135,-0.505261,-0.352076,0.183841,0.50977,4.52387,4.40639,4.1512,0.0753353,2.81981,3.52371,4.07754,4.26597,4.29343,4.52387,4.75593,0.613827,0.45846,0.599455,0.0721592,0.371947,0.37315,0.390535,0.459493,0.580016,0.610775,1.13173,-9999,-9999
20131230,-9999,-9999,-9999,-9999,-9999,-9999,-9999,-9999,9.203,7.452,4.37,11.653,5.089,9.203,0.0,7.452,4.37,0.0,11.653,5.089,0.0,173.504,-9999,-9999,107.529,107.529,0.0,-9999,-9999,297.694,297.694,0.0,-9999,-9999,291.401,291.401,0.0,-9999,-9999,8.17,8.17,0.0,102.426,102.426,0.0,0.0,0.0,0.0,1.87,1.87,0.0,-9999,0.0,-9999,0.0,-9999,0.0,-9999,0.0,-9999,0.0,-9999,0.0,-9999,-9999,-9999,-9999,-9999,-9999,-9999,1.0,49.8512,0.0,70.0334,-9999,-9999,-9999,-9999,81.0666,0.0,112.842,-9999,-9999,-9999,-9999,11.0,3,28,20,0,0,4.04748,0.0,-9999,-9999,4.04092,0.0,-9999,-9999,3.92768,0.0,0.048317,3.20835,3.57622,3.9808,4.04863,4.05554,4.12192,4.12692,0.0,0.0,0.0,0.0,0.0,0.0,0.0,4.26864,0.313125,0.0,-9999,-9999,3.38472,0.543842,0.0,-9999,-9999,4.2578,0.311011,0.0,-9999,-9999,3.38472,0.543842,0.0,-9999,-9999,3.70363,3.83548,4.16271,4.22678,4.26864,4.35449,4.37804,0.0,0.0,0.0,0.0,0.0,0.0,0.0,2.23503,2.90124,3.3788,3.41529,3.44598,3.44598,3.47891,0.0,0.0,0.0,0.0,0.0,0.0,0.0,3.85265,3.89686,3.82437,0.0152713,3.66469,3.66868,3.68532,3.86714,3.89669,3.90578,3.91126,-0.202397,-0.144058,-0.10315,0.0541126,-0.458245,-0.442051,-0.272343,-0.171304,-0.142848,0.223335,0.526905,4.52775,4.41056,4.16042,0.0750581,2.84336,3.54108,4.08525,4.27142,4.29641,4.52775,4.76023,0.584455,0.420753,0.552755,0.0660557,0.33694,0.338724,0.355885,0.422574,0.530683,0.58257,1.03156,-9999,-9999
20131231,-9999,-9999,-9999,-9999,-9999,-9999,-9999,-9999,8.766,7.143,1.956,11.038,4.236,8.766,0.0,7.143,1.956,0.0,11.038,4.236,0.0,174.011,-9999,-9999,111.941,111.941,0.0,-9999,-9999,298.851,298.851,0.0,-9999,-9999,292.75,292.75,0.0,-9999,-9999,6.827,6.827,0.0,102.391,102.391,0.0,0.0,0.0,0.0,1.747,1.747,0.0,-9999,-9999,-9999,-9999,-9999,-9999,-9999,-9999,-9999,-9999,-9999,-9999,-9999,-9999,-9999,-9999,-9999,-9999,-9999,1.0,39.2804,0.0,55.3215,-9999,-9999,-9999,-9999,71.8801,0.0,100.308,-9999,-9999,-9999,-9999,11.0,3,28,20,0,0,4.00413,0.0,-9999,-9999,4.00519,0.0,-9999,-9999,3.91822,0.0,0.0453276,3.1548,3.61641,4.00413,4.01533,4.01533,4.11297,4.1296,0.0,0.0,0.0,0.0,0.0,0.0,0.0,4.23775,0.296912,0.0,-9999,-9999,3.32773,1.05417,0.0,-9999,-9999,4.23775,0.296912,0.0,-9999,-9999,3.33017,1.0571,0.0,-9999,-9999,3.70363,3.90883,4.19863,4.19863,4.23775,4.32633,4.32927,0.0,0.0,0.0,0.0,0.0,0.0,0.0,2.11119,2.89149,3.32773,3.40837,3.40837,3.4513,3.48976,0.0,0.0,0.0,0.0,0.0,0.0,0.0,3.73317,3.78966,3.69397,0.0201968,3.48101,3.4866,3.50979,3.75178,3.78944,3.80094,3.80786,-0.2784,-0.215534,-0.224251,0.0550794,-0.642999,-0.620434,-0.487111,-0.248123,-0.214386,0.0476237,0.332778,4.49727,4.37824,4.09355,0.0773828,2.67289,3.42263,4.03047,4.23094,4.27224,4.49727,4.72623,0.595811,0.476295,0.603049,0.0668015,0.398528,0.401762,0.416575,0.470446,0.592176,0.601676,1.07021,-9999,-9999
