  -4.3370253e-04   1.2920899e-04   2.0356553e-03  -1.3521781e-02   6.7574140e-02  -1.3776005e-02   7.3975254e-01  -2.8509112e-01  -4.5076267e-01  -3.9129227e-01   3.2821541e-02  -7.0720354e-02  -6.2220916e-02   1.7300624e-02
   4.4848682e-01   8.9334319e-01  -7.2806308e-03  -2.7183587e-02  -1.7254878e-03   1.4292340e-03   1.3885258e-04   6.2399569e-04  -1.3891142e-04   3.1940860e-04   9.1441246e-05   4.4684954e-06   2.3134176e-05  -6.2480289e-05
   6.2647835e-01  -3.1303728e-01   7.0017414e-01  -1.3839664e-01  -3.5490565e-05   1.0554579e-02   9.9331460e-05   3.5238001e-03   1.7746452e-03   2.7328397e-03   4.1036403e-04   1.4275388e-04   6.6224224e-04   8.7096367e-05
   6.3743216e-01  -3.2121309e-01  -6.8544491e-01   1.4308426e-01   3.8430793e-03  -1.2253702e-02  -1.1243636e-04  -3.8680850e-03  -2.0915133e-03  -3.0987850e-03  -3.5212113e-04  -1.5944685e-04  -7.2631754e-04  -1.4805505e-05
  -1.6365932e-05  -1.2306492e-05  -5.0660220e-04  -1.0392513e-03   5.3677552e-03   4.2157020e-03   7.8311546e-02  -2.4592573e-02  -3.3538001e-02   8.1059617e-02  -7.0339462e-02   8.4304962e-01  -7.0155358e-02   5.1470093e-01
   7.5807695e-03   2.7667824e-02   1.9825525e-01   9.7246103e-01   1.1480533e-01  -3.0683636e-02   6.8160697e-03   4.3121453e-03  -1.4287676e-03  -1.6107566e-04  -1.1839631e-03  -3.9232427e-04  -7.0836589e-04   6.9908744e-04
  -8.9747012e-04  -1.0779477e-03  -1.9871000e-02  -4.1628007e-02   6.0225041e-01   7.9599863e-01  -3.6084978e-02  -2.1248740e-03   1.0819395e-02  -2.3122336e-03  -1.0063817e-02  -2.5153294e-03  -3.8923076e-04  -3.7546483e-03
  -2.4831165e-03   3.4660528e-04  -1.0004887e-02  -1.0905942e-01   7.8487734e-01  -6.0376688e-01  -8.5230568e-02  -1.0018939e-03   6.6242434e-03  -7.1248872e-03  -2.0612433e-03   3.4155833e-03  -6.2160349e-03   4.2798614e-03
  -1.5047197e-05   6.4177852e-05  -3.1410398e-04   8.1035731e-04  -8.0426046e-04   6.3280307e-03  -3.5160261e-02  -1.8639090e-03   1.2032388e-01  -6.9656863e-02   5.4054110e-01  -3.8097411e-01   7.6184647e-02   7.3229698e-01
  -2.6994870e-05   3.9122885e-05   1.3900293e-04   1.5481548e-03   5.6504755e-03   2.8851389e-03  -2.3354695e-02  -9.0538559e-02  -1.5136803e-02  -5.5447127e-02   7.0192842e-01   3.4226786e-01   4.7255687e-01  -3.9338322e-01
   1.4453596e-04   3.4107236e-04   1.1603478e-03   5.3968984e-04   1.3635955e-03  -8.3575450e-03   8.5763380e-02  -3.1162097e-01   3.9464288e-01  -1.9925026e-01  -4.2351540e-01  -4.2121308e-02   7.0723855e-01   1.3672602e-01
   1.6210735e-04   4.3042599e-04   1.8375385e-03   1.4008740e-03   5.0233623e-03  -4.9660482e-03   1.4576839e-01  -6.1029383e-01   5.8377353e-01   1.2197236e-01   1.6178210e-01   3.6537153e-02  -4.5345405e-01  -1.3205982e-01
  -5.5164234e-05  -5.6959329e-04  -5.5206192e-03  -8.4373648e-03   3.3625396e-02  -1.1027112e-02   4.5416596e-01   6.6103195e-01   5.3142436e-01  -2.2931063e-01   5.8435826e-02   7.0820032e-02  -6.9576165e-02  -8.4554725e-02
  -8.5892142e-05  -5.6103557e-04  -5.3500687e-03  -8.1601945e-03   4.7734388e-02  -1.3214546e-02   4.4874092e-01   5.7760273e-02  -4.3178121e-02   8.5156247e-01   5.1175201e-03  -1.1762043e-01   2.2672594e-01   2.1405811e-02
