version https://git-lfs.github.com/spec/v1
oid sha256:b7a78e39defbe56d09a2f9e490bc4cce4e64c9a4f836055833a952ab1c318824
size 6308375
